459 4.92437e-07
612 4.23579e-05
969 5.03007e-05
0 0.000170108
1122 1.9284e-05
306 3.54846e-05
765 0.000714369
153 1.26155e-05
51 1.09819e-05
1020 2.4369e-05
510 8.28155e-06
663 0.000958289
1173 9.13478e-05
357 3.62315e-05
816 0.000325403
204 3.1048e-06
102 2.1921e-05
1071 0.000573933
714 2.57939e-05
561 3.17441e-06
408 2.2023e-05
1224 3.2898e-05
867 0.000187796
255 1.26094e-05
1 1.39801e-05
970 0.000176032
613 0.000459699
307 1.79256e-05
460 1.25861e-05
1123 0.000350043
918 4.20613e-05
154 9.87574e-06
52 2.32093e-05
1021 0.000363039
664 0.000501922
1174 0.000575457
358 1.92646e-05
511 1.09447e-05
766 0.000410719
205 2.46197e-05
103 2.87807e-05
1072 0.000864651
1225 0.000129109
409 3.68101e-05
562 3.19846e-05
715 0.00035223
817 0.000431052
256 1.78977e-06
2 1.93682e-05
971 0.000880016
1124 0.000249334
308 3.86592e-06
461 8.62675e-05
614 4.70639e-05
868 2.94624e-05
155 4.95696e-06
53 3.39393e-05
1022 0.000251066
1175 0.000381798
359 8.62661e-06
512 0.000115528
665 0.000376261
919 6.42706e-05
206 2.40053e-05
104 2.89099e-05
1073 2.19848e-05
410 1.19014e-05
1226 0.000108689
563 8.01319e-05
716 0.000153741
767 0.000191664
257 1.44974e-05
1275 3.51481e-06
1428 0.000585847
1581 0.000541545
1785 0.000800747
2091 0.00060657
1938 0.000368766
818 2.05543e-06
2244 0.000673827
1326 0.000625737
1632 0.000119343
1479 0.00038328
1836 0.00032543
2142 0.00117961
1989 0.00105594
869 0.000179765
2295 0.000874922
1377 0.000528157
1683 0.000366747
1530 0.000761956
1887 3.61353e-06
2040 0.000939086
2193 0.00121343
2346 0.000739798
920 0.000213473
1276 0.000739053
1734 0.00441434
1429 0.00170118
1786 0.000937214
1939 0.000509441
2092 0.00222569
2245 0.00180895
2397 0.00252367
1327 0.000400353
1480 4.30644e-06
1582 0.000283398
1837 0.0010455
1990 0.00248811
2143 0.000485208
2448 0.000931054
2296 0.000457367
1378 0.000243615
1888 0.00196501
1531 0.000533171
1633 0.000482716
2041 0.000925183
2194 0.00120619
2499 0.000842966
2347 0.000362139
1430 0.000979912
1277 0.000140054
1787 0.00022985
2246 6.09476e-05
1940 0.000105925
1481 0.000276774
2550 0.000162676
1684 0.00275923
2093 9.34303e-06
1328 0.000251647
1838 0.00064191
2297 0.000245249
1991 0.000282655
1532 0.000443429
2398 0.00129816
1735 0.00385607
2144 0.000139443
1379 0.00041391
1889 0.000513531
2348 0.00134945
2042 0.000178188
3 1.15088e-06
2449 0.000690453
1583 0.00117496
2195 6.68876e-05
156 1.74346e-05
309 5.48186e-05
462 2.36949e-05
54 5.80633e-06
615 8.07196e-05
2500 0.000710025
1634 0.000212871
768 7.9372e-06
207 1.81883e-05
360 2.84379e-05
513 0.000108978
105 1.30234e-05
666 3.09907e-05
2551 0.00152596
1685 0.00234939
819 6.18631e-05
258 1.8558e-05
411 6.37746e-06
4 8.61473e-06
717 0.000128889
2399 0.000340812
1736 0.00113814
564 2.18665e-05
870 8.39541e-05
55 4.03463e-05
157 2.80631e-06
310 3.80492e-05
616 1.82074e-06
2450 0.00122195
921 0.000263059
463 4.58611e-05
972 6.43078e-05
106 2.64759e-05
208 1.95033e-05
361 6.54834e-05
667 3.76743e-05
2501 0.000281192
769 0.000187831
514 3.09097e-05
1023 0.000119166
259 4.32727e-05
5 6.2047e-06
412 5.6338e-05
718 5.95762e-05
2552 0.000668362
820 0.00011903
565 2.09147e-05
1074 0.000341162
158 9.21893e-06
56 2.17422e-05
617 1.97352e-05
311 4.96721e-06
1125 0.000400847
871 0.000121735
464 8.35862e-07
973 7.23917e-05
107 1.07903e-05
209 4.4846e-05
668 1.8517e-05
362 1.93154e-05
1176 0.000370918
922 0.000440625
515 2.59918e-05
1024 0.000632796
1278 0.00074197
260 1.44476e-05
719 0.000251657
413 8.23829e-05
1227 0.000121074
770 0.00047609
566 1.44355e-08
1075 8.30237e-05
1329 3.82233e-05
1431 0.000785045
1584 0.000109792
1788 0.000414474
1126 0.000523258
821 7.46818e-05
1941 0.000721395
1380 0.001311
974 0.000124164
1482 0.00100428
1635 0.000293195
1839 0.000437712
1177 0.000441182
872 0.000151612
1992 0.000500359
1279 2.96496e-05
1025 0.000105761
1533 0.000176132
1686 0.000199068
1890 0.000454444
1228 0.00017117
923 5.53019e-05
2043 0.000109982
1076 0.00022403
1330 0.000290867
1737 0.00232524
1432 0.00183351
2094 0.000162192
2247 0.000159603
1585 0.00116135
1942 0.00132715
1789 0.000421759
1127 0.000288131
2145 0.000162227
2298 0.00102537
1636 0.00178042
1993 0.00188936
1381 0.00104808
2196 0.000178758
1687 0.0012482
2044 0.000126876
1483 0.000124544
2349 0.000232715
2095 0.00115755
1738 0.000821255
2248 0.00092767
2146 0.000208125
1943 0.0057763
1586 0.000408731
2299 0.000317838
2197 0.0012846
1994 0.00251985
1637 0.00052378
2350 0.000987098
2096 0.000332423
2045 0.00148912
2249 0.000105768
1840 0.00128963
2147 0.000766911
1688 9.33222e-05
2300 0.000208613
2400 8.80547e-05
1534 0.000237856
2198 0.000685707
1739 0.00119494
2351 0.000467245
2451 0.000122719
6 2.78656e-05
159 1.11165e-05
312 2.06782e-05
2502 0.000756193
57 4.06569e-06
2553 0.000388443
363 2.45324e-05
210 3.00591e-05
108 6.29406e-05
2401 0.00184484
7 4.65638e-06
414 8.245e-06
261 6.78943e-05
2452 0.000694301
313 4.24916e-06
58 3.85335e-06
1891 0.000495695
1433 0.00107001
160 2.52319e-06
364 4.76181e-05
2503 0.0009574
109 6.47213e-05
211 6.91973e-05
2554 0.000541471
262 9.39541e-05
415 4.0533e-05
8 6.62298e-05
2402 0.000897389
161 6.77323e-05
314 6.64084e-05
59 7.69738e-05
2453 0.000156511
1790 7.51726e-05
212 5.25732e-05
365 1.29333e-05
2504 0.000807501
1484 0.000580445
263 0.000154893
110 5.2772e-05
416 4.71473e-05
2555 0.00100943
618 3.59514e-05
465 7.11461e-05
771 5.41229e-05
975 0.000132975
516 6.55293e-05
669 9.10438e-05
822 5.37941e-05
567 1.9894e-05
1026 0.000247618
720 0.000357505
873 2.00327e-06
1535 0.000103071
466 5.1884e-06
924 0.000108331
1077 1.10082e-06
619 0.000190814
517 2.74256e-05
772 0.000244242
976 0.000394111
670 0.000148037
1841 0.00144443
568 1.19694e-05
823 3.44757e-05
1027 0.000358097
721 0.000335238
467 9.84436e-05
874 0.00018221
1078 0.000343774
620 0.000264067
518 0.000170757
925 1.6435e-05
671 0.000110775
569 0.000598656
773 1.76085e-05
1892 0.000188109
722 3.05958e-05
824 0.000120167
1434 0.000233676
875 8.14786e-05
1485 6.69956e-05
1587 0.000746183
1536 1.59889e-05
1638 0.000829525
1435 0.000242855
1486 1.04345e-05
1537 0.0002308
1689 0.000801716
1740 0.000315154
1178 0.00104337
1588 0.00072322
1280 0.000950074
1639 0.000996131
1690 0.000550896
1741 0.0069214
926 0.00096731
1791 0.00277844
1842 0.012051
1893 0.00516483
1792 0.00683296
1843 0.059016
1894 0.106408
1793 0.14224
1844 0.0308321
1895 0.0577531
1944 0.0663819
1995 0.0348702
2046 0.0569974
1945 0.449807
1996 0.126091
2047 0.159482
1946 0.175161
1331 0.00322348
1997 0.367812
2048 0.0785866
1382 0.000400327
2097 0.00297563
2148 0.00793646
977 0.000533852
2199 0.000963584
2250 0.00167971
2098 0.193625
2149 0.0742008
2301 8.05333e-05
2200 0.0209566
2099 0.22998
2150 0.223771
2201 0.0666342
2403 0.000144519
2454 0.000312377
2505 0.00135985
2556 0.000245161
2404 0.000295389
2455 6.47977e-05
2506 0.000436399
1128 0.00125795
2557 1.08965e-05
2405 0.000190757
2456 0.000903063
2507 9.3529e-05
2558 0.000130434
9 6.9954e-05
60 7.333e-05
111 2.02958e-05
10 0.000150668
61 2.33818e-05
112 1.66814e-05
11 1.73757e-05
62 8.43313e-06
113 0.000114495
162 7.96705e-05
213 6.12121e-05
264 0.000101326
163 6.1919e-06
1436 0.00497868
214 2.10344e-05
265 4.3653e-05
164 3.77707e-05
215 3.3306e-05
266 0.000230596
315 1.79675e-05
366 1.30124e-05
417 2.59764e-05
316 9.241e-05
367 5.85541e-05
418 0.000148402
317 0.000276291
368 0.00106829
419 0.000456965
2352 0.000868905
468 5.87483e-05
2251 0.00451928
2302 0.0011465
2353 0.000624374
2252 0.000153355
2303 0.00167324
2354 0.00143311
1229 0.00170269
1589 0.00914058
1640 0.000332978
1691 6.15604e-05
1742 0.0249378
519 6.2936e-05
774 8.01934e-05
570 0.000545345
469 0.000260052
621 0.00142593
1028 0.00247309
825 0.000436681
1281 6.94972e-05
520 2.08858e-05
1487 0.00492655
672 4.93322e-06
978 0.00101739
1179 0.000783083
876 0.000201511
1538 0.00044715
723 1.79838e-05
1079 0.000720228
1332 0.000408337
571 0.00145786
470 0.0011525
1230 0.000235961
1029 8.32304e-05
1383 0.00778371
1129 0.000698383
927 0.000229708
1131 0.00014899
622 0.0018832
521 0.00171157
1284 4.54132e-05
1282 0.000239417
1180 0.000905767
1080 4.53228e-05
775 0.000807615
572 0.000173256
1335 0.000717674
673 0.000382287
1182 0.000384278
826 0.000502582
1333 9.32999e-05
1384 0.000780988
1231 0.000173451
1233 0.000142878
979 1.76458e-05
724 0.000908749
1437 1.40476e-05
1386 0.000183336
1283 0.000241397
623 0.000233758
877 2.17068e-05
674 6.33467e-05
1130 0.000154852
1132 4.63999e-05
1285 0.000150245
1030 4.79314e-05
725 0.00158762
1488 0.000123332
1334 0.00234671
1181 0.00126113
928 5.92275e-05
1183 0.000471539
1336 0.000153936
1081 1.02278e-05
1590 0.000926022
1539 0.00020876
1385 0.000200446
1794 0.126404
1845 0.457552
1896 0.0784531
1795 0.337545
1846 0.356547
1897 0.527067
1232 0.000655591
1947 0.518624
1998 0.515803
2049 0.143527
1948 0.342487
1999 0.145144
1641 0.00307399
1796 0.0991491
1847 0.471768
2050 0.151905
1898 0.00562668
1949 0.186188
2100 0.0714593
2000 0.235251
2051 0.462259
2151 0.290036
2202 0.113941
2101 0.00416279
2253 0.0114252
2152 0.276684
2304 0.00118457
2355 0.0010744
2254 0.00270961
2305 0.00146343
2356 0.00101858
2203 0.0954244
2255 0.00478967
2102 0.211606
2306 0.000214808
2153 0.361976
2357 0.00161487
2204 0.033891
2406 0.000964947
2457 0.000938766
2508 0.000310989
2559 4.02313e-05
776 0.000194064
2407 0.00158718
1387 2.79965e-05
2458 9.932e-05
2509 0.000704262
2560 1.46963e-05
2408 0.00181752
2459 0.000139795
2510 0.000646316
2561 0.000171823
165 0.000199358
216 0.000131956
267 2.19713e-05
12 2.88831e-05
63 4.68278e-05
114 7.09528e-05
13 1.98213e-05
64 2.2423e-05
115 0.000254186
14 0.000141824
65 0.000100171
116 3.41949e-05
318 0.000778696
369 0.000174765
420 0.000290334
319 0.00159569
370 0.000353521
166 0.000118851
217 2.19052e-05
421 0.00259679
268 0.000437821
320 0.000227021
371 0.000284668
167 0.000707729
422 0.00188474
471 0.00111023
218 0.00136783
269 0.000929754
1234 0.000115585
1692 0.0021938
1743 0.0214449
1438 8.011e-05
980 1.74781e-05
522 0.000313271
827 0.000181976
624 0.000747197
675 0.00206488
1286 5.04111e-05
1133 1.57347e-06
1591 5.89062e-06
1489 9.84874e-06
573 0.000945259
472 0.00206213
1031 2.81567e-05
523 0.000793897
726 0.00343901
878 0.000113588
1337 1.12117e-05
1184 1.6531e-05
1642 0.000693048
574 0.00238804
1540 7.36825e-05
473 0.00150365
524 0.0028798
1082 4.50108e-06
625 8.50754e-05
676 0.12827
929 6.48596e-05
1693 0.000458209
1388 8.94656e-05
575 0.00371651
1235 1.94293e-05
1439 4.38681e-05
1744 0.0197077
777 0.000451889
981 3.46797e-05
727 0.0011903
1134 5.04339e-05
1287 3.05157e-05
1440 4.70039e-06
1490 0.000142797
1592 6.5973e-05
828 0.00233507
626 0.000147574
1032 2.83532e-05
1185 7.4653e-05
1338 7.22567e-05
1491 9.76175e-05
1541 5.44488e-05
879 0.00051111
1643 4.06131e-05
677 0.00214875
1083 3.42727e-06
1236 0.000101858
1542 5.90552e-05
1389 0.000107431
1593 0.000144019
1694 0.000165795
930 0.000101589
982 0.000139754
728 0.000157606
1135 8.49143e-05
1644 0.00129274
1441 0.000271726
1288 8.61064e-05
1745 0.000318023
1950 0.0240278
2001 0.0429049
2052 0.222452
1951 0.448507
2002 0.279903
2053 0.357973
1952 0.0010097
2003 0.00308568
2054 0.00402821
2103 0.000221014
2154 0.0693644
2205 0.00191891
2104 0.113204
2155 0.010452
2206 0.00377526
2105 0.00349123
2156 0.00173604
2207 2.11596e-05
2256 0.0019631
2307 0.00307917
778 0.000537788
2358 0.00125425
2257 0.00116554
2308 0.000438496
2359 0.000548784
2258 0.00241392
2309 0.000394281
2360 0.000645049
2409 0.000626776
2460 2.33352e-05
2511 7.47945e-05
2562 0.000110876
2410 0.000174813
2461 0.000183748
2512 0.000175586
2563 0.000121953
2411 0.000319175
2462 0.000374142
2513 3.82364e-05
2564 0.000216465
15 1.21775e-05
66 0.00013821
117 0.00144541
16 0.000254323
67 3.70694e-05
118 0.00045747
17 0.000176204
68 0.000836413
119 0.000630969
18 0.000447199
1033 0.00028361
69 4.66853e-05
120 4.0371e-05
168 0.000734453
1797 0.0690219
1848 0.0584633
219 0.000445567
1899 0.348059
270 0.000479495
169 0.000246089
220 0.00012885
271 0.000235559
170 2.69338e-05
221 6.45891e-05
272 3.55858e-05
171 9.29683e-05
222 3.05958e-05
273 6.77258e-05
321 0.000268096
372 2.42926e-05
423 0.00480254
322 0.000343766
373 0.000593249
1695 0.00308555
424 0.00356916
323 4.41298e-05
374 0.00233156
425 0.00321103
324 0.00196032
375 0.000686439
426 0.000346443
474 0.0044844
525 0.00928563
1186 0.000169636
1339 6.20941e-05
1492 0.000621591
576 0.208713
475 0.00145938
526 0.0136983
577 0.335986
476 0.000692412
527 0.0142655
578 0.0337331
477 0.00049099
528 0.00298477
579 0.00319842
1084 0.000248632
829 0.00131954
1798 0.000212569
1237 9.20054e-06
1746 0.0010465
1849 0.229444
1900 0.0396638
1543 0.000163733
627 1.23264
1390 0.000297496
983 0.000386713
880 0.0013763
1799 0.000195514
1594 0.000757056
1136 0.00178533
678 2.38894e-05
1289 0.00189593
1442 0.000115901
1850 0.00635128
1901 0.0105065
931 0.00185161
1034 4.15165e-05
1645 0.00153945
1187 0.00335377
729 0.00011437
1340 0.00472264
628 0.367684
1493 0.000927107
780 1.39605e-05
779 2.4382e-06
1085 0.000486232
1696 0.000364466
1238 4.93024e-05
1391 0.00120475
831 3.60087e-05
830 0.000390332
679 0.00179431
1544 0.00103334
984 0.000146899
1747 0.000146421
1137 6.84783e-05
882 2.27448e-05
730 9.01688e-05
1290 0.000175439
1443 6.55688e-05
881 0.00024965
629 0.0639055
1035 5.0921e-05
1595 0.000677709
1188 0.000266038
933 6.3654e-05
932 6.96722e-05
1494 4.78402e-05
1341 0.000278279
680 0.000492632
1086 7.05533e-05
1646 0.000179986
1239 0.000572242
781 0.000160685
1596 0.000109645
1392 0.000245214
1545 0.000203803
985 7.72364e-05
731 0.000117004
1697 0.000157543
1138 4.12278e-05
630 0.00127937
832 3.17059e-05
1647 0.000129666
1748 0.00034738
1444 9.26368e-05
1036 6.61984e-05
1291 2.38754e-05
1189 0.000135049
681 9.18768e-05
1698 0.00010217
883 0.000145881
1800 0.000325445
1087 1.09822e-05
1495 0.000100445
1342 4.20399e-05
1749 2.89883e-05
934 0.000149295
1240 8.97683e-05
732 6.00908e-05
1953 0.000751255
2004 0.000314979
1851 0.00134708
1902 0.00122247
2055 0.000492221
1954 0.000765049
2005 0.000173124
2056 0.000753523
1955 9.64664e-06
2006 7.29375e-05
986 1.73301e-05
1546 0.000172582
1393 3.88175e-06
2057 0.0017054
1956 1.40723e-05
2007 0.000157228
1139 8.36439e-05
1801 0.000293698
1597 4.78886e-05
782 0.000163814
1037 5.96587e-05
1445 1.86116e-05
2058 0.000254465
2106 9.41921e-05
1852 0.000216258
1903 0.00166268
1648 0.000285449
1292 9.10088e-06
833 0.000126051
1190 8.09245e-05
2157 0.00105853
1088 8.16099e-05
1496 0.000138037
1802 0.000117969
1699 2.76342e-05
884 3.78843e-05
1343 3.10279e-05
2208 5.79515e-05
987 1.18315e-05
1241 3.74764e-06
1547 0.000163905
1853 0.000546914
1904 0.00111976
2107 0.000391145
1750 0.00056128
935 6.51311e-05
1394 3.10689e-06
1038 0.000226837
1446 9.37209e-05
1140 0.000278927
1803 0.000100647
2158 0.00115384
1598 0.000185072
1293 8.9407e-06
783 3.49674e-05
1089 7.76388e-05
1854 0.000295709
1497 7.09668e-05
1191 4.63501e-05
2209 0.00183112
1905 0.00182752
2259 0.000828628
1649 0.000101637
1344 2.37077e-05
834 0.000289554
2412 0.000115007
1548 3.91863e-05
19 0.000409354
70 4.0466e-05
121 0.000214001
20 4.50648e-05
71 7.33696e-05
122 5.24465e-05
21 0.000226241
72 0.000150792
123 0.000140291
1242 0.000147726
172 5.0487e-05
325 0.000428928
223 0.000355214
376 0.000896178
274 0.000186453
2463 0.00291825
2514 0.000133319
2565 5.65872e-05
173 0.000298984
224 0.00023053
2108 0.000328016
275 0.000487436
174 0.000836693
225 0.000101265
276 7.96467e-05
478 0.000264314
529 0.000405345
580 8.93092e-05
479 0.000264705
530 0.000132754
581 0.000212789
480 7.50804e-05
2413 0.00308036
2464 8.16863e-05
2515 2.3026e-05
531 1.32238e-05
2566 1.50818e-05
2414 0.00100565
2465 1.48863e-05
2516 0.000464119
582 0.000124977
2567 0.000297993
2415 0.00170941
2466 0.000954088
2517 0.00227835
2568 2.32272e-06
2310 0.000137166
1700 0.000270976
427 0.00010409
326 4.86244e-05
377 8.85027e-05
428 0.000268468
327 0.000112156
378 0.00423073
429 0.00140964
2159 0.00166657
1395 5.93439e-05
885 8.21073e-05
631 0.00032595
2361 0.000185963
1751 1.75573e-05
988 9.78447e-06
784 7.64187e-05
1141 0.000128079
936 3.35313e-05
2210 0.00239317
682 0.00038383
2260 0.00465937
1599 9.32366e-05
1039 0.000121433
835 3.65898e-05
2109 0.00124554
2311 0.0042574
1192 1.31726e-05
733 0.000103515
1294 2.92137e-05
1650 0.000212606
886 5.35436e-05
1090 0.000192448
2362 0.0109238
2160 0.00132538
632 0.000296723
2261 0.000523735
1243 0.000190347
2312 0.00783988
2363 0.000218214
2262 0.000124834
2313 0.000210284
2364 0.000528953
2211 0.000551205
1701 0.000725197
1345 7.24345e-05
937 6.19069e-05
989 5.15953e-06
683 3.92552e-05
1142 0.000219733
1600 0.000124566
1752 7.73724e-05
1447 5.92135e-05
1396 8.12933e-05
785 8.05166e-05
1040 0.000336669
734 4.72646e-05
1804 0.000376286
1651 0.000184126
1193 0.000149265
1498 0.000109576
633 0.00236284
836 0.000146022
1295 5.19305e-05
1091 2.61702e-05
1855 3.14186e-05
1702 0.000176162
1906 0.00574836
1244 0.000141937
1549 0.00025522
887 0.000205843
684 0.000182692
1346 2.65129e-05
990 0.000133555
1753 0.00108869
1805 7.89482e-05
1143 6.55949e-05
735 0.000303818
938 0.000119846
1448 0.00017326
1957 0.00397006
1856 2.42065e-05
1397 0.000121124
1041 9.00254e-05
1601 0.000129979
2008 0.00208214
1907 2.26833e-05
1194 6.02379e-05
786 0.000249727
1499 9.78373e-05
1092 0.000119735
1652 0.000209901
1296 5.15915e-05
1806 0.000336111
2059 0.00170536
837 0.000119245
1245 9.57251e-05
2263 0.000223408
2314 0.00042224
2365 0.00108174
2264 9.20682e-05
2315 0.000405186
2366 0.00129349
2265 1.85203e-05
2316 0.000258828
2367 0.000496544
2416 0.00346354
2467 0.000201356
2518 0.00191323
2569 0.000227148
2417 0.00122963
2468 0.0025217
2519 0.000932625
2570 0.00044309
2418 0.000438325
2469 0.000522695
2520 0.000104722
2571 7.3486e-05
1550 9.31062e-05
22 0.000145474
73 0.000132093
124 7.133e-06
23 0.000250705
74 0.000963832
125 0.000213628
24 0.000353974
75 0.000437324
126 7.54846e-05
175 0.000348942
226 0.000187091
277 0.000211338
176 8.0497e-05
2110 0.00187219
227 0.000133601
1703 0.000644431
278 0.000241416
177 0.000271859
228 3.97698e-05
279 9.55984e-05
328 5.89145e-05
379 0.00114158
430 0.0010755
329 5.22663e-05
380 1.75522e-05
431 3.64007e-05
330 3.14973e-06
381 0.000103449
432 0.0002036
481 0.000126492
532 0.000252544
583 0.000212413
482 0.000239732
1857 0.000496575
533 0.000299321
584 6.16163e-05
483 0.00019954
534 0.000114815
585 0.000149349
1347 4.58583e-06
1958 0.000176212
888 1.82968e-05
634 0.000274971
2161 0.00795135
2212 0.000175755
1754 5.08819e-05
1908 0.000792016
1449 0.000233326
2009 0.000718847
1398 3.80352e-05
2111 0.007018
939 3.75565e-05
685 0.000270596
2162 0.000468529
2213 8.91918e-05
1602 2.17967e-05
787 9.90313e-05
1500 0.000197783
2060 0.00168947
991 2.86251e-05
2112 0.020059
2163 1.9283e-05
2214 2.8586e-05
1144 0.000104964
736 9.51029e-05
635 0.000526503
838 0.000128902
1653 0.000171397
1959 0.00243721
1551 2.17147e-05
1042 2.1603e-05
1297 0.000196937
1195 3.72902e-05
686 0.000905652
889 9.47528e-06
1704 0.000280514
2010 0.00229686
1450 5.40391e-05
1093 0.000380743
737 0.00035581
1348 8.44821e-05
636 0.000179471
940 3.89032e-05
1246 8.52495e-05
1755 0.000478877
2061 0.000978462
687 0.00256303
1501 0.000470731
992 0.000208218
788 1.60672e-05
1145 3.32929e-05
1807 0.000829563
1399 0.000160765
1603 0.000221238
738 0.000746179
1552 0.000219699
1043 0.00021188
839 0.000243835
1858 8.99062e-05
1196 0.00026501
1298 0.00018584
1654 0.000344586
1960 0.00225695
1451 3.88809e-05
1094 9.63621e-05
890 0.000186179
1909 0.00117939
1705 0.000515345
1247 6.49691e-05
1349 0.000259116
2011 0.000703037
993 5.41694e-05
1502 0.000153169
941 0.000437994
1808 0.000655131
1756 0.0035826
1146 0.000114206
1400 8.41431e-05
2062 0.000410032
1044 4.82611e-05
1859 8.78163e-05
789 0.000376761
1553 0.000226062
1604 5.84424e-05
1197 0.000152469
1299 4.36269e-05
1961 0.000325993
1095 0.00019177
2113 2.18139e-05
1910 0.00126676
2164 3.57809e-05
2215 3.91589e-05
2114 4.34499e-05
2165 2.21645e-05
2216 0.00019263
2115 4.77545e-05
2166 7.86614e-05
2217 0.000129506
1452 6.02826e-05
2266 4.62765e-05
2317 1.65557e-05
2368 0.000446159
2267 4.48665e-06
2318 6.96671e-05
2369 0.000365634
2268 5.47268e-05
2319 0.000212082
2370 0.000105559
2419 0.000194105
2470 3.97144e-05
840 3.69139e-05
2521 0.000671126
2572 0.000427967
2420 9.25902e-05
2471 0.00089103
2522 2.27559e-05
1655 0.000290357
2573 0.000162013
2421 0.00060665
2472 0.00054174
2523 0.000816889
2574 0.000324335
25 2.95052e-05
76 0.000144481
127 5.5966e-05
26 0.000105835
77 0.000352927
128 0.000146732
27 0.00022136
78 0.00014027
129 5.39506e-05
178 6.20484e-05
229 0.000131848
280 1.01649e-05
179 8.65581e-05
230 8.306e-06
281 2.8681e-05
180 4.74306e-05
231 3.62913e-06
2012 0.000564672
282 0.000112327
331 4.84083e-05
382 5.15822e-05
433 0.000132476
332 0.000243494
383 4.15323e-06
434 6.34799e-05
333 0.000137926
384 0.000109419
435 0.000287025
484 4.17614e-05
535 0.000120851
586 0.000293411
485 1.8754e-05
536 0.000226637
587 0.000273326
486 5.84796e-05
537 0.000184931
588 0.000183458
637 5.30053e-05
688 0.000454526
1248 0.000141971
1350 0.000415917
2063 0.000321532
891 0.000237469
1706 0.0004884
1809 0.000334483
739 0.00449326
638 0.000102859
689 0.000206459
740 0.000664372
639 0.000114527
690 0.000170011
741 0.000180051
1503 0.000144552
1962 0.0105437
790 0.000270862
2013 0.0024522
2064 0.000418656
1860 0.00194626
1401 5.43483e-05
1757 0.000842426
942 0.000470307
994 3.70555e-05
1554 0.000259418
841 0.000173748
1911 0.000139356
1147 0.000272531
1300 0.000105478
1605 0.000236489
1453 8.14721e-06
1045 0.000108689
1810 0.00124183
1606 0.000733558
892 3.67351e-05
1861 0.000271749
1912 0.0045334
1198 0.000151101
1811 0.000142063
1862 9.50228e-06
1913 2.08728e-05
1812 0.000128128
1863 4.9511e-05
1914 7.50059e-05
1963 0.000484724
2014 0.000377845
2065 9.64962e-05
1964 0.000157689
2015 0.0001775
2066 9.3149e-05
1351 0.000284873
1965 6.38971e-05
2016 5.27957e-05
2067 5.42253e-05
2116 0.000279529
2167 4.11812e-05
1656 0.000228565
2218 0.000135414
2117 2.10167e-05
2168 8.34912e-05
2219 6.11809e-05
2118 0.000102828
2169 1.45938e-05
2220 7.10213e-05
2269 3.02214e-06
2320 8.8227e-05
1504 0.000805698
1096 0.000316445
2371 8.05818e-05
2270 6.2597e-05
2321 3.87896e-06
1657 0.000556495
2372 0.000121189
2271 5.45289e-05
2322 3.03471e-06
2373 0.000202526
2422 0.000379838
2473 0.000611031
2524 0.000156246
2575 0.000242972
2423 0.000462872
2474 0.00060728
2525 2.921e-05
2576 7.63852e-05
2424 0.000264246
2475 0.000245927
2526 0.000523059
2577 5.54565e-05
28 0.000130011
79 4.42562e-05
130 3.80345e-05
29 6.99414e-05
80 3.37115e-05
131 1.03004e-05
30 2.66351e-05
81 4.37996e-05
132 4.34751e-05
181 6.39912e-05
232 3.84911e-05
283 2.30446e-05
182 3.56804e-05
233 7.17863e-06
284 0.00010839
183 0.000100117
943 0.000113122
234 0.00020838
285 0.000106426
334 0.000196898
385 0.00020059
436 0.000132347
335 6.37174e-05
386 4.11784e-05
437 6.48489e-05
336 5.35524e-05
387 1.97375e-05
438 3.63486e-05
487 2.24793e-05
538 8.51881e-06
589 0.000188202
488 0.000184277
539 4.03821e-05
590 3.79998e-05
489 0.000125493
540 0.000120605
591 3.04738e-05
640 1.09021e-05
691 9.73083e-05
742 7.79126e-05
641 2.83662e-05
692 0.000180071
743 0.000186566
642 6.05825e-05
693 7.97566e-05
744 6.31763e-05
793 0.000179121
844 0.000738133
895 0.000337314
1249 4.73298e-05
1707 0.000243481
791 0.00716791
946 4.94774e-05
1555 0.000250138
794 0.000149814
995 0.000109419
845 0.000342582
896 9.75952e-05
947 5.10849e-05
795 8.93697e-06
846 0.000127334
897 2.21748e-06
948 5.4298e-05
1402 0.000886448
1708 0.000882998
1758 0.000598911
997 0.00174002
842 0.00744232
1148 3.69027e-05
1759 0.000761904
1046 4.84288e-06
1454 0.000555139
1301 0.000399746
1048 0.00491738
893 0.000268862
1150 0.000344001
1097 0.000535231
1607 0.000457309
1199 0.0003183
1505 0.000454217
1352 0.000206742
1099 0.000353396
998 9.38252e-05
1201 0.000918865
1049 7.46883e-05
944 0.000381552
792 0.000175904
843 4.42863e-05
1250 7.44537e-05
1658 0.000109255
996 0.00047509
1556 0.000344034
1403 0.000259191
1100 0.00308393
999 3.8567e-05
1050 0.000259345
1101 2.87928e-05
894 7.35745e-06
1709 0.000453003
1252 0.00140364
1149 0.000282377
1760 0.00683903
1047 0.00139993
1455 0.00182419
1302 0.000335921
1151 0.00155982
1303 0.000301182
945 0.00179416
1202 7.86111e-05
1608 0.000465825
1200 0.000527855
1098 0.000769839
1506 0.00111946
1353 0.00090269
1609 0.00878815
1660 5.80936e-05
1711 0.00023891
1762 0.000115716
1610 3.23337e-05
1661 0.000112748
1712 1.71484e-05
1763 0.000417262
1611 5.58188e-05
1662 7.38995e-05
1713 9.57027e-06
1764 5.75543e-05
1813 0.00017186
1864 0.00012023
1915 0.000148198
1814 0.000694424
1865 4.44055e-05
1916 0.000135083
1815 1.39219e-05
1866 2.8674e-05
1917 0.000267846
1966 0.000199779
2017 7.90795e-05
2068 1.88313e-05
1967 8.64398e-05
2018 0.000154809
2069 0.000110651
1968 0.000145859
2019 0.000207601
2070 9.99719e-05
2119 6.64312e-05
2170 0.000171369
2221 1.89343e-05
2120 0.000122541
2171 8.69227e-05
2222 4.72576e-05
2121 0.000152539
2172 3.27108e-05
2223 8.53683e-05
2272 9.73283e-05
2323 1.47102e-06
1354 0.00158108
1456 0.000666805
2374 2.67811e-05
2273 5.37373e-05
2324 0.000117099
2375 9.90913e-05
2274 0.00011545
2325 0.000233622
2376 8.79546e-05
2425 6.21006e-06
2476 4.06485e-05
2527 0.000413489
2578 2.05338e-05
2426 2.7474e-08
1253 0.000765353
2477 9.87346e-05
2528 7.90539e-05
1152 5.74393e-05
2579 0.000461163
2427 5.6583e-05
1203 6.88219e-05
2478 1.34995e-06
2529 7.78702e-05
1254 0.000171554
2580 0.000265343
31 6.52857e-06
184 4.76064e-05
82 0.000113273
235 0.000119583
286 3.17264e-05
133 8.71094e-05
185 0.000120883
236 6.08205e-05
287 0.00012886
186 8.76896e-05
32 0.000141158
237 0.000178287
288 9.15895e-05
83 6.92811e-05
1659 0.000187375
134 6.96871e-05
33 0.000135682
84 0.00026709
135 0.000131949
34 6.1343e-05
85 9.77912e-05
136 8.39364e-05
337 8.64249e-05
187 0.000414928
388 8.51871e-05
238 0.0001123
439 7.17742e-05
289 2.87048e-05
338 8.89762e-05
490 0.000166536
389 0.000199881
541 5.11082e-05
440 3.44524e-05
592 1.42679e-06
339 0.000455519
390 2.55425e-05
441 0.000197059
491 3.67528e-05
340 0.000102822
391 6.3437e-06
442 0.000220533
1710 0.000124805
643 2.05245e-05
542 8.3602e-05
1761 0.000125902
694 3.3916e-05
745 9.6038e-06
796 2.14661e-05
644 7.77841e-05
847 2.0396e-07
695 5.70882e-05
898 2.29832e-05
593 0.000130999
746 0.000219909
949 1.44029e-05
645 0.000121593
797 0.000146382
696 5.94808e-05
848 7.87694e-05
747 0.000130773
899 0.00014242
646 4.03346e-05
950 5.64773e-05
697 0.000110753
798 5.02905e-05
492 6.60075e-05
849 0.000108059
748 1.70199e-05
1251 0.00148042
900 6.53462e-05
1000 6.91768e-05
1153 8.0023e-05
951 9.42014e-05
1051 5.59688e-05
1204 5.56652e-06
1255 0.000182192
799 2.59029e-05
1102 0.000126857
543 0.000131338
1154 0.000146298
1001 9.03709e-05
850 1.04588e-05
1205 0.000282186
1256 6.03879e-05
1052 6.96257e-05
901 1.45799e-05
1155 6.10268e-05
1206 8.01329e-05
952 6.25392e-05
1103 4.66704e-05
1257 0.000253244
1306 0.000181232
1156 4.28129e-06
1002 3.93912e-05
1207 0.000248143
1357 8.96398e-06
1053 0.000118573
1258 5.08521e-05
1408 3.20463e-05
1459 2.78004e-05
1104 8.32472e-05
594 4.787e-06
1307 0.000107548
1510 9.39574e-05
1003 9.62242e-06
1561 3.12105e-05
1054 7.38138e-05
1358 8.07387e-05
1460 2.88431e-06
1409 7.10418e-05
1511 0.000178351
1105 5.33937e-05
493 6.94701e-05
1308 4.15184e-06
1612 7.37519e-05
1562 0.00017225
1359 8.45324e-05
1461 1.24238e-06
1663 3.28282e-05
1410 1.11281e-05
1512 0.000148354
544 0.000167653
1714 5.11538e-05
1563 4.94421e-05
1765 3.2783e-05
1309 1.14208e-05
1462 0.000102809
1613 6.48778e-05
1513 6.7424e-05
1360 0.000170315
1664 2.43625e-05
1564 5.40768e-05
1715 0.00037144
1411 0.000281094
595 0.00028519
1816 0.000259594
1766 0.000115788
1969 3.51928e-05
1867 1.27936e-05
2020 3.62503e-05
1918 0.000357918
2071 1.00839e-05
1817 0.000169818
1614 9.6065e-05
1868 0.000121251
1970 5.27478e-05
2122 1.35289e-05
1665 5.32093e-05
2173 6.44797e-05
2224 6.27805e-06
2123 6.23805e-05
2174 0.000140931
2225 1.8348e-05
2124 0.000102395
2175 7.53943e-05
2226 9.89996e-06
2125 0.000143207
2176 7.13822e-05
2227 0.00010089
2275 8.28095e-05
2326 7.40234e-05
2377 4.78141e-06
2276 3.16012e-05
2327 7.34581e-06
2378 1.76788e-05
2277 3.85479e-05
2328 7.59959e-06
2379 1.41459e-05
2278 2.56812e-05
2329 2.50088e-05
2380 3.38941e-05
2428 7.13971e-05
2479 3.5116e-05
2530 0.000113438
2581 0.00037954
2429 3.5522e-05
2480 0.00015167
2531 0.000562496
1557 0.000786401
2582 0.000943307
35 8.68035e-05
2430 4.99096e-06
86 8.3094e-05
2481 0.000186713
137 6.94767e-07
2532 0.000846826
36 3.52301e-05
2583 2.97707e-05
87 5.51087e-05
2431 0.000198722
138 9.61097e-05
2482 0.000222689
37 3.04631e-05
2533 0.000424892
88 8.59285e-06
2584 0.000516701
139 0.000174088
188 0.000174732
341 6.99251e-05
239 4.20236e-06
392 0.000104451
290 1.63391e-05
189 2.2223e-05
443 3.13423e-05
240 1.43354e-05
342 3.90094e-05
291 2.95183e-05
190 4.11561e-05
393 0.000127027
241 4.22006e-06
444 6.91684e-05
292 3.84164e-05
343 0.000126929
494 5.25285e-05
394 0.000237589
545 7.792e-05
445 5.52004e-05
596 1.37743e-06
647 4.52138e-05
495 9.37982e-05
698 4.13163e-05
1716 0.000141456
1919 2.29208e-05
2021 0.000172812
1767 5.65965e-05
2072 8.97013e-05
1615 0.0001507
1818 0.000295975
1666 0.000201083
1971 0.000162197
1869 2.72123e-05
1717 9.44082e-06
1920 3.52049e-05
2022 1.4253e-05
1768 0.000223123
800 0.000119836
1819 7.03558e-05
2073 0.000164981
851 0.000188596
1870 2.15257e-05
1972 0.000189214
902 6.77863e-05
1921 7.28816e-05
2023 6.67861e-05
953 4.00022e-05
1004 7.07721e-05
2074 2.29636e-05
801 9.67514e-05
1055 5.00642e-05
852 0.000137513
1157 1.23447e-05
903 5.22174e-05
1208 1.38441e-06
1106 1.31121e-05
954 5.40875e-05
1259 4.53293e-05
1005 1.58539e-05
802 4.40981e-05
1158 0.000183569
1056 4.60176e-05
853 0.000199853
1107 7.27922e-05
904 0.000341368
1209 0.000118126
955 0.00019441
1006 0.000227077
1260 4.31435e-06
1310 1.86139e-05
1057 0.00010976
1159 0.000398152
1361 3.38047e-05
1108 2.04449e-05
1210 0.000150136
1412 0.000154668
1404 0.000329092
1311 0.000109973
1261 2.60174e-05
1463 9.90005e-05
1362 6.53928e-06
1616 4.25475e-06
749 2.64766e-05
1820 0.000570097
1413 5.20181e-05
1514 5.85867e-05
1871 0.000151454
546 4.90258e-05
1565 3.95747e-05
1312 7.25975e-05
1667 9.55914e-05
1922 3.93027e-05
1363 4.53228e-05
1464 6.32913e-05
1414 1.78339e-05
1821 0.000125615
1718 0.000269412
1973 9.40077e-05
1515 0.000120292
1872 9.03145e-05
2024 0.0001323
1769 0.000177234
1566 0.000172976
2075 0.000197138
1923 7.3961e-05
1617 3.07129e-05
1974 0.000185174
1465 7.58073e-05
1668 5.15352e-05
1822 0.000132389
2025 0.000123528
1516 9.53116e-06
1719 2.23285e-05
2076 0.000104811
1873 0.000119667
1975 2.92384e-05
1567 2.784e-05
1770 3.77046e-06
1924 1.75284e-05
1405 0.000807501
2026 1.55577e-06
2126 0.000120373
1618 9.69986e-05
2077 1.03693e-05
2279 6.41088e-05
1669 0.000145141
2432 0.000266548
2177 4.86602e-05
2330 2.12239e-05
2483 0.000433304
1720 9.99966e-05
2534 3.73367e-05
2228 1.16229e-05
2381 2.37636e-05
2585 0.000344347
1771 8.33124e-05
2280 5.61122e-06
2433 6.5295e-06
2127 9.7109e-05
38 1.02697e-05
2484 3.22172e-05
2331 4.30897e-05
2535 0.000222431
2178 0.000121671
89 0.000190782
2382 0.000146496
2586 0.000221869
2229 8.30886e-05
2434 6.78487e-05
140 4.45964e-05
2281 3.92951e-05
2485 0.000249022
39 7.96746e-06
2128 4.79221e-05
2536 0.000101389
2332 4.39258e-06
2179 1.41358e-05
2587 0.000153936
90 3.19947e-05
2383 0.000199336
2230 2.78135e-05
191 3.67709e-06
648 0.000270523
141 2.11727e-05
242 7.54045e-06
344 0.00018573
40 1.60374e-06
497 0.000380439
293 3.31677e-05
192 5.90924e-06
395 0.000408307
91 5.03212e-05
243 1.17463e-05
548 0.000166813
446 0.000314605
294 5.49704e-05
142 1.90856e-05
599 3.38098e-05
193 6.10561e-05
345 6.98064e-05
498 0.000602448
650 4.04008e-06
244 4.40441e-05
396 2.06898e-05
549 2.58535e-05
295 2.52319e-05
701 0.000177716
803 3.35015e-05
600 0.000188565
752 0.000178525
447 0.000301684
651 0.000421805
854 7.53235e-05
499 0.000416515
346 4.94705e-05
905 8.93092e-05
702 5.95385e-05
550 6.79437e-05
397 0.000226811
956 0.000207324
753 5.35753e-05
804 6.96471e-05
652 1.70572e-05
601 9.79528e-05
448 0.000326708
855 4.5686e-05
703 7.00746e-05
1007 7.96318e-05
1160 2.92305e-05
906 7.35577e-05
957 6.49043e-05
754 3.35742e-06
1058 0.000104839
805 2.87499e-05
1211 7.23745e-05
1313 3.90625e-05
1109 3.37493e-05
856 0.000207261
1262 9.03686e-05
907 6.72704e-05
1008 2.41133e-05
1364 0.000105766
699 0.000352764
597 7.07619e-06
496 0.000159464
547 8.54898e-05
750 7.72979e-05
598 0.00020024
1466 8.39867e-06
649 4.58211e-07
700 0.000493182
1517 1.68155e-05
1059 4.91878e-05
1161 9.14205e-05
751 0.000127024
1568 0.000122256
1110 0.000106832
1619 8.30647e-06
1467 0.000208893
1670 3.36021e-06
1518 5.43171e-05
1415 9.0295e-05
1721 1.77729e-05
1009 4.47123e-05
1569 0.000111936
1772 2.98228e-05
1468 7.24804e-05
1620 0.000301052
1212 8.86493e-05
1519 8.84365e-05
1671 6.44061e-05
1570 0.000302138
1722 4.73014e-05
1263 6.34782e-05
1823 4.05833e-05
1773 0.000141162
1621 0.0003025
1874 1.04802e-05
1672 6.43348e-05
1925 6.51754e-05
1723 0.000126126
1824 1.7928e-07
1507 0.0104811
1774 7.68411e-06
1875 4.0378e-05
1976 0.000107809
1926 8.45129e-06
2027 3.03481e-05
1825 1.03051e-06
2078 1.13938e-05
1876 1.48339e-05
1314 3.8147e-06
1977 8.10334e-05
1927 4.84171e-06
2028 2.09082e-07
2129 6.44149e-06
1162 5.68526e-05
2079 7.93347e-06
2180 7.98889e-06
1978 7.30716e-05
2231 6.12559e-05
2029 0.000133267
2130 9.29981e-05
2080 0.000291239
1060 7.71107e-05
958 0.000188893
1365 3.58715e-05
2181 8.85688e-06
2282 0.000213014
2232 0.000112461
2333 0.000131582
2131 0.000139676
2384 7.35861e-05
1416 1.8541e-05
2182 6.27618e-05
1213 1.27365e-05
1111 2.8166e-05
2283 0.000109727
2233 0.000112976
41 2.34926e-05
92 5.97909e-06
2334 9.2871e-05
143 2.93814e-05
42 9.16282e-06
2385 5.55515e-05
2284 2.66619e-05
93 4.54304e-05
1315 2.91804e-05
1264 8.85688e-07
194 3.60054e-05
1366 5.13913e-05
347 6.72694e-06
245 1.12671e-05
398 4.36958e-05
296 1.35577e-05
1417 2.75346e-06
2435 0.000246779
449 0.000341029
195 6.733e-06
500 0.000179524
2335 5.17298e-05
551 0.000167347
348 2.48756e-05
2486 3.9801e-05
246 6.10598e-05
602 0.00027179
399 0.000153952
297 5.5836e-05
2537 0.000116993
501 0.00034938
450 0.000129376
196 4.03887e-05
552 5.25452e-06
349 0.000178688
247 2.99863e-05
603 0.000288641
2588 7.75773e-05
400 0.000254525
298 2.89921e-06
502 1.1351e-05
144 1.06068e-05
451 0.000296332
2436 4.67841e-05
653 4.18499e-05
553 4.42937e-06
806 0.000262453
604 9.33446e-05
704 0.000156623
857 9.22643e-05
2487 0.000155502
1010 4.989e-05
755 6.83004e-05
908 0.000158023
2386 8.25142e-05
2538 0.000371167
1061 9.30997e-06
959 0.000271856
654 0.000307474
1112 3.84655e-05
807 0.000177084
705 1.27777e-05
2589 0.000407267
1011 4.69941e-05
858 0.000207908
756 7.15051e-05
655 0.000199672
909 9.22661e-05
2437 2.14707e-05
706 3.38815e-06
960 6.72601e-06
1062 4.37764e-05
808 8.42242e-05
757 6.79335e-05
2488 0.000196921
1113 8.35443e-06
1163 0.000105017
859 0.000390729
1316 9.55956e-06
1012 0.000168786
2539 9.13627e-06
910 9.75933e-05
1063 0.000114051
1367 2.80105e-05
961 0.000155688
1114 0.000183062
1418 3.894e-05
1469 0.000117375
2590 0.000467176
1622 6.82832e-05
1317 5.83453e-05
1520 1.74483e-06
1368 1.84234e-05
1673 0.0002674
1571 5.20872e-05
1826 9.52748e-05
1419 5.80503e-05
1724 0.000376373
1470 3.65574e-05
1318 1.27521e-05
1775 0.000114778
1877 0.000146271
1521 8.70957e-05
1369 1.41237e-05
1572 2.78056e-05
1623 4.61359e-05
1928 0.000352236
1471 2.9128e-05
1420 6.65849e-06
1674 0.000371513
1522 4.8965e-05
1725 0.0010365
1827 0.000189962
1979 0.000206253
1573 0.000141245
1776 0.000167249
2030 0.000278155
1878 6.89318e-05
1214 5.44044e-05
1624 7.58762e-05
2132 6.21835e-05
2081 1.72015e-05
2183 0.000162953
1980 0.000349247
1929 0.000437336
1675 9.39639e-05
2234 0.000107217
2031 0.000357942
1726 0.00025877
2133 6.65723e-05
43 1.83061e-05
2082 0.000386703
1828 0.000909736
1777 0.00050968
2184 3.65726e-05
1981 0.000503491
1265 7.84243e-06
1879 0.000305627
2285 7.26748e-05
2235 5.87841e-05
2032 9.2485e-05
2336 0.000168136
2083 1.13919e-05
2134 1.94192e-05
2387 4.43542e-06
2438 1.64965e-05
2185 3.4773e-05
1930 0.000859504
2286 3.25404e-06
1164 1.82008e-05
2489 2.91187e-05
2236 3.67984e-05
2337 8.73553e-05
2540 0.000448844
197 1.4063e-07
44 4.95645e-05
2388 7.84034e-06
2591 0.000180798
248 0.000157671
2439 5.21634e-05
299 0.000140598
2287 4.03393e-05
95 3.7367e-05
2490 7.90106e-05
198 1.53016e-05
2338 0.000105203
146 8.92207e-06
2541 1.23652e-05
249 5.18113e-05
2389 7.73231e-06
1215 2.70472e-05
300 0.000167187
2592 0.000210493
350 7.26786e-05
45 2.44109e-05
199 1.96029e-05
2440 7.27256e-05
401 0.000277173
94 1.6964e-06
2491 8.02116e-05
452 0.000851095
96 6.05085e-05
250 1.99755e-05
2542 6.94948e-05
351 0.000412977
301 2.87858e-05
1266 1.66204e-05
147 4.27733e-05
402 0.000208041
2593 0.000297896
503 0.000490777
453 0.0013137
656 2.10684e-05
46 0.000166722
554 0.000602312
352 0.000510874
707 3.69474e-05
97 8.91401e-05
605 0.000299251
403 0.00034945
758 0.000210535
504 0.000467077
148 5.5288e-05
454 0.00215152
657 0.00098132
555 0.000179484
1013 1.49137e-05
1165 4.94919e-05
606 0.000555372
809 0.000149564
708 0.000152364
1064 5.40884e-05
145 2.33655e-05
1216 3.34391e-06
1166 3.95286e-05
1267 1.11503e-06
1217 6.34219e-05
1319 4.64148e-06
1268 2.37138e-06
1370 1.39398e-05
1167 5.14581e-05
1421 3.63861e-05
1218 2.03983e-06
1320 3.98869e-05
1269 4.54397e-05
1371 1.46427e-06
1168 9.10857e-06
1422 4.69787e-05
1219 3.77577e-05
1321 4.46753e-05
1270 8.88086e-06
1372 4.29421e-05
860 0.000231413
1472 7.03381e-07
1423 7.56569e-05
1523 5.25552e-05
1625 6.5889e-05
1574 2.79383e-05
505 0.000792641
1676 9.57954e-05
911 2.92426e-05
759 7.23153e-05
1115 0.000117234
1473 6.74175e-05
1727 4.2899e-06
1524 7.32271e-05
1778 1.05316e-05
1575 7.69401e-05
1626 2.92163e-05
1474 7.56977e-05
1677 3.99628e-05
1525 6.99935e-06
1576 6.01169e-07
1728 2.40779e-05
1829 6.49043e-05
1779 9.68929e-05
1880 1.23726e-05
1627 6.98459e-05
1931 1.52015e-06
1678 9.08668e-06
1830 7.23377e-05
1729 5.48651e-05
1881 1.29393e-05
1780 2.20556e-05
1932 4.85603e-05
1982 3.85623e-05
1831 0.000119216
2033 4.49829e-07
2084 1.27945e-05
1882 0.000129468
1983 5.28013e-06
1933 0.00020912
2034 1.13344e-05
2135 2.55101e-05
2085 3.53772e-05
2186 4.15719e-06
1984 6.56208e-05
2237 3.71719e-05
2035 4.12925e-05
2136 5.34062e-05
2086 8.71678e-05
2187 9.84902e-05
2238 4.56669e-05
2288 4.78216e-05
2137 9.68305e-05
2339 2.43089e-05
2188 1.7114e-05
2390 4.61778e-05
2239 2.55834e-05
2289 3.97796e-05
2441 0.000120683
2340 1.20085e-05
2492 8.18465e-05
2391 5.63692e-05
2543 0.000143914
2290 4.25158e-05
2594 5.41024e-05
2341 3.17094e-05
2442 5.70202e-06
2392 1.1907e-06
2493 2.02917e-05
962 0.000146387
47 0.000108666
2544 5.61257e-05
98 5.9139e-08
2595 0.000189555
149 0.000129993
2443 4.77158e-05
48 3.18233e-06
1304 0.00229336
2494 4.04087e-05
99 0.00014166
2545 0.000377104
150 7.01523e-05
2596 2.98163e-05
49 0.000148478
200 3.35947e-05
100 0.000121661
251 1.24397e-05
151 5.31343e-05
302 9.0363e-05
1014 0.000198998
810 3.22741e-05
556 0.000102576
658 0.000120416
1065 0.000272598
607 0.00565312
861 9.76184e-05
709 0.000130694
1116 0.000267938
912 0.000182113
353 0.000157439
963 0.000229157
760 3.74094e-05
1015 2.90251e-05
404 0.000487617
811 0.000289226
1066 0.000150868
506 0.000371378
455 0.00082523
862 3.0932e-05
557 0.000565451
1117 2.55764e-06
913 5.35622e-05
354 0.00028085
964 0.000100727
608 0.00086854
659 0.00148083
812 0.000583716
405 0.0013642
507 6.55688e-05
710 0.000294968
863 8.69129e-05
456 0.000843121
914 7.97976e-05
558 0.00116074
761 8.33366e-05
965 0.000184959
355 0.00022965
609 0.000563655
813 3.70294e-06
660 0.000319276
864 4.13256e-05
508 0.000555247
915 4.64544e-06
50 0.000224746
201 1.39005e-05
406 0.000356629
711 0.000794578
559 0.00161876
966 0.00010151
762 3.77335e-05
457 0.000259075
610 0.00059079
661 0.00187024
814 8.4783e-05
356 0.000113971
509 0.00082726
865 2.36239e-05
712 0.000216294
916 6.75023e-05
407 0.000151838
560 0.00019538
967 0.000163635
763 0.000155924
458 0.000214502
815 7.01239e-05
611 0.000779103
662 0.000135161
866 9.07788e-05
1016 0.000196555
1169 7.02392e-06
917 0.000131458
713 0.000432899
1067 0.00011977
252 3.42452e-05
968 6.53444e-05
1220 1.37537e-05
764 0.000324979
1118 0.000104328
1322 6.60212e-05
1475 8.41594e-05
1017 0.000332176
1271 5.7674e-05
1526 6.75363e-05
1373 5.20258e-05
1577 5.79352e-06
101 6.90389e-06
1170 1.70276e-05
1068 1.27668e-05
1424 3.13891e-06
1476 9.37423e-06
1221 8.73404e-05
1119 0.000162601
1527 1.38412e-05
1323 2.37809e-05
1272 4.78909e-05
1578 4.08662e-05
1018 8.1589e-05
1374 4.21756e-05
1477 8.97283e-06
1171 8.1775e-05
1069 0.000107262
1528 1.06771e-05
1425 3.76788e-05
1120 0.000431913
1222 2.23808e-05
1579 3.87446e-05
1324 2.21177e-05
1019 2.98508e-05
1273 1.42211e-05
1478 7.26217e-05
1375 8.02579e-05
1172 2.33878e-05
1070 5.00912e-05
1529 5.82372e-05
1223 9.74652e-05
1426 4.09849e-05
1580 3.09397e-05
1121 9.9211e-05
1274 4.6652e-05
1628 2.0775e-05
1325 8.19829e-05
1832 1.17817e-05
1679 2.27068e-05
1985 9.60589e-06
1730 4.74502e-05
2036 4.15805e-05
1376 1.23247e-05
1883 2.34458e-05
1781 2.62773e-06
2087 1.38683e-05
1427 7.38653e-05
1629 9.37621e-05
1680 3.63262e-06
1934 1.22145e-05
1986 5.73951e-06
2138 1.04103e-05
1731 3.34787e-06
1833 3.10575e-05
2037 0.000116973
1782 1.95079e-05
2189 3.01474e-05
1630 1.81855e-05
2088 1.6856e-05
1884 4.96204e-05
2240 3.30955e-05
1681 3.64133e-05
1987 4.20441e-05
1935 3.72762e-06
1732 2.9553e-05
2139 3.1882e-05
1783 4.33018e-05
1834 5.60365e-05
2190 7.56565e-05
2038 4.51505e-05
1631 9.68706e-05
1885 2.10907e-05
1682 8.42174e-05
1733 5.41436e-05
2089 7.48904e-05
2241 6.41216e-05
1936 2.69176e-05
1784 1.12287e-05
1988 5.95781e-05
2291 3.85626e-05
2140 2.04607e-05
1835 7.3805e-05
2342 1.82465e-05
2039 5.44444e-05
2191 3.90657e-05
1886 2.31182e-05
2393 2.96999e-06
2090 1.94972e-05
2292 2.25506e-05
2242 4.53047e-05
1937 7.74479e-05
2343 1.6033e-05
2444 3.75975e-06
2141 0.000102471
152 5.60516e-06
2394 2.07634e-05
2495 6.59283e-06
2192 4.96251e-05
2293 2.82647e-05
2546 0.000211981
2243 2.31552e-05
2344 5.03287e-06
2597 9.44128e-05
2395 2.48081e-05
2294 1.28434e-05
2445 1.53144e-05
303 3.62778e-05
2345 3.07723e-05
2496 7.28131e-06
2396 2.27685e-06
2547 5.23794e-05
202 5.53578e-06
2598 4.63007e-05
253 2.62093e-05
304 4.81908e-05
203 0.000107633
254 1.74358e-05
2446 7.22185e-05
305 3.01315e-05
2497 4.50013e-05
2548 0.000317578
1558 0.0164365
2599 3.86196e-05
2447 1.07498e-06
2498 5.09988e-05
2549 0.000326743
2600 0.000101916
1457 0.0150444
1508 0.00766955
1559 0.00016726
1458 0.000111626
1509 8.7712e-06
1560 0.000111144
1355 0.00996322
1406 0.00773899
1305 0.000225239
1356 1.04532e-05
1407 1.07302e-05
