0 1.51843e-05
15075 4.52995e-05
10050 6.44624e-05
17487 0.00039196
7437 4.96507e-05
5025 2.60472e-05
2412 8.28505e-05
12462 0.000347853
15276 1.82986e-05
201 0.00010407
10251 2.95043e-05
7638 5.43892e-05
17688 2.40803e-05
12663 0.000506639
2613 7.06315e-05
5226 0.000121504
15477 0.000290155
402 0.000278518
10452 0.000288278
7839 0.000103503
17889 0.000463009
12864 6.71148e-05
5427 9.32813e-06
2814 2.47955e-05
15678 0.000233591
603 0.000111252
10653 0.000787795
8040 2.70009e-05
18090 0.000671387
13065 0.00122249
3015 4.25875e-05
5628 6.91116e-05
15879 0.000307322
804 0.000199437
10854 0.000430644
8241 0.000194669
18291 0.00069797
13266 0.00105214
3216 1.06692e-05
5829 8.11815e-05
16080 0.00161326
1005 5.427e-05
11055 5.36442e-05
8442 8.05557e-05
13467 0.000508428
18492 0.000386953
6030 7.26283e-05
3417 0.000137001
16281 0.00032413
1206 6.46412e-05
11256 0.00124282
8643 0.000170082
18693 0.000262499
13668 0.000111461
6231 3.34084e-05
3618 7.45058e-07
16482 0.00019455
11457 0.00231487
1407 0.000168592
8844 2.34842e-05
13869 8.9407e-05
18894 0.000138164
6432 2.78354e-05
3819 0.000219643
16683 0.00199234
11658 0.00192881
1608 1.91331e-05
9045 2.57492e-05
14070 0.000170231
19095 0.000634432
6633 0.000118405
4020 0.000261635
16884 0.000140071
11859 0.00115454
9246 5.72205e-06
1809 5.5939e-05
14271 0.000120044
19296 0.000241876
6834 3.21269e-05
4221 4.48525e-05
17085 0.000412822
12060 0.00106394
9447 3.37064e-05
2010 2.09212e-05
14472 0.000168443
19497 0.000685573
12261 0.00116158
17286 0.000795364
7035 2.65539e-05
4422 0.000148863
9648 5.45382e-06
2211 1.23084e-05
14673 0.000150144
19698 0.000182271
10051 0.000120968
4623 4.10676e-05
15076 0.000152588
9849 2.92361e-05
7236 0.000129551
1 0.000335768
14874 0.000139058
19899 1.97887e-05
10252 0.000178248
4824 5.34654e-05
15277 0.000250995
7438 7.4178e-05
5026 3.47495e-05
12463 0.00042522
202 0.000242293
17488 6.69956e-05
10453 0.000300318
2413 5.06639e-06
15478 0.000587761
7639 5.40316e-05
12664 0.00026083
403 4.66108e-05
5227 1.88649e-05
10654 0.00105321
15679 0.000440598
17689 0.000597239
2614 8.30591e-05
7840 0.000131577
12865 0.000423074
5428 0.000101179
604 0.000267476
17890 0.000113726
15880 0.000195622
10855 0.000122547
2815 2.63453e-05
8041 0.000146061
5629 2.58982e-05
13066 0.000571966
805 7.20918e-05
16081 0.000899673
18091 0.000143528
3016 6.4671e-06
8242 1.0699e-05
11056 0.00191313
5830 4.10676e-05
1006 4.88758e-06
13267 0.000149369
16282 0.000987887
18292 0.000649691
3217 0.000107229
8443 0.000157595
6031 8.01682e-06
11257 0.0017978
13468 0.000214994
1207 4.47929e-05
16483 0.00112665
18493 0.000624537
3418 1.96397e-05
8644 2.98023e-05
6232 3.48687e-06
11458 0.000409007
1408 0.000113279
13669 9.07779e-05
16684 0.000897288
18694 0.000238776
3619 0.000106037
8845 1.055e-05
13870 0.00025481
11659 8.10623e-05
6433 0.000141919
3820 3.57032e-05
1609 2.21729e-05
18895 0.000486732
9046 5.45382e-06
16885 0.000219703
11860 0.000942826
14071 4.39882e-05
6634 3.54648e-05
4021 3.90708e-05
1810 0.000154972
19096 0.000249743
17086 0.00110435
9247 1.68085e-05
12061 0.00166523
14272 2.43187e-05
4222 0.000145376
6835 2.35438e-06
2011 0.000206918
19297 0.000105858
9448 1.76132e-05
17287 0.000143051
12262 0.000213742
14473 0.000297964
7036 0.000137448
4423 9.48012e-05
19498 0.000256181
9649 5.78165e-06
10052 0.000255138
15077 0.000189722
14674 5.1856e-06
2212 0.000105977
7237 3.317e-05
4624 4.20213e-06
19699 0.000382662
9850 9.16123e-05
15278 0.000109792
10253 0.000798225
14875 0.000142753
2 0.000154018
5027 3.53754e-05
19900 3.45707e-05
4825 6.54757e-05
7439 0.000115812
15479 0.000361979
203 8.6695e-05
10454 0.00114799
12464 3.016e-05
17489 0.00238276
2414 4.70579e-05
5228 1.91033e-05
7640 0.000130892
15680 0.000494957
404 0.000521302
10655 0.000562131
12665 0.000651121
17690 0.000838041
2615 1.93715e-06
5429 6.38664e-05
7841 3.44515e-05
15881 0.0011344
605 1.18911e-05
10856 0.00044024
12866 0.00153422
17891 7.9155e-05
5630 3.67463e-05
2816 4.17233e-07
16082 0.00116384
8042 1.13249e-05
806 6.97672e-05
11057 0.000498176
13067 0.000506282
18092 0.000291586
5831 4.05908e-05
3017 2.61068e-05
8243 4.35114e-05
1007 0.000137925
16283 0.000579119
11258 0.000490427
13268 0.000369787
18293 0.000786781
6032 1.96099e-05
3218 7.40588e-05
1208 5.40912e-05
8444 4.45545e-05
16484 0.000219703
11459 0.00266457
13469 0.000917614
18494 0.00156713
6233 0.000111073
3419 1.93417e-05
1409 4.22895e-05
8645 3.11136e-05
11660 0.0018667
16685 0.000842094
13670 0.00039041
18695 0.000606537
6434 8.65459e-05
3620 2.64049e-05
8846 8.79169e-06
1610 7.45058e-07
11861 0.000353217
16886 0.00326693
13871 0.000391662
18896 0.000951767
6635 3.90112e-05
3821 1.19209e-07
9047 9.93609e-05
1811 8.64267e-05
12062 0.000256896
17087 0.00121212
14072 1.01328e-06
19097 0.000931859
6836 1.09673e-05
4022 2.22027e-05
12263 0.0017072
9248 3.64482e-05
2012 6.50585e-05
17288 5.79357e-05
14273 0.000182152
19298 0.000669122
7037 7.42078e-06
4223 1.40667e-05
10053 0.000461906
9449 3.9041e-06
2213 9.20892e-06
14474 0.000239551
7238 4.95017e-05
19499 0.000307441
15078 0.000285864
4424 3.22759e-05
10254 0.00099647
9650 1.49012e-06
3 0.000238836
14675 0.00016278
5028 2.43485e-05
4625 7.56979e-06
19700 0.000129104
10455 0.00111353
15279 1.94907e-05
9851 0.00027588
204 0.00012958
14876 6.03795e-05
5229 6.36876e-05
4826 3.62098e-05
19901 0.000504613
15480 0.000116944
7440 1.0401e-05
10656 0.000297606
405 3.3766e-05
12465 0.00106025
5430 0.00010249
15681 0.000532866
17490 0.000202656
2415 1.35899e-05
7641 4.63128e-05
10857 0.00036037
606 2.91765e-05
12666 0.00015676
5631 1.85668e-05
15882 0.000541449
17691 0.000405788
2616 3.05176e-05
7842 5.46277e-05
807 1.63615e-05
11058 0.00105643
12867 0.000396729
5832 0.000108898
16083 0.000766873
17892 0.000564098
2817 1.84774e-06
8043 2.55108e-05
1008 2.90573e-05
6033 0.000106901
13068 0.00141442
16284 0.000286818
11259 0.000607848
18093 7.29561e-05
8244 4.81308e-05
3018 1.06394e-05
1209 1.23978e-05
6234 4.52995e-06
16485 0.000763416
11460 0.000496387
13269 0.000776887
18294 0.000998974
8445 3.91901e-05
3219 4.52101e-05
1410 1.54972e-06
6435 6.50585e-05
16686 0.000724673
18495 0.00115848
11661 9.97782e-05
13470 0.000633717
8646 2.89381e-05
3420 2.29776e-05
6636 2.03848e-05
1611 5.27799e-05
16887 0.00249851
18696 4.88758e-05
11862 0.000199318
13671 0.000571549
8847 0.00014925
3621 3.016e-05
1812 1.91927e-05
6837 2.5928e-06
17088 0.00370979
18897 0.000375509
12063 0.000327587
13872 0.00134528
9048 4.33624e-05
3822 2.85208e-05
2013 1.25468e-05
7038 6.34789e-05
17289 0.000423431
19098 0.000466824
12264 0.00050354
9249 0.000193059
4023 1.99378e-05
14073 0.000347733
2214 2.45869e-05
7239 6.78897e-05
15079 0.000298142
19299 0.000437856
9450 3.86536e-05
10054 0.000665367
4224 7.64728e-05
14274 0.000185966
4 1.82986e-05
15280 0.000153899
19500 0.000151277
5029 1.3113e-06
9651 0.000186741
10255 0.000794947
4425 8.70228e-05
14475 0.00024879
205 0.000251085
19701 0.000526667
15481 3.52263e-05
5230 4.79817e-06
9852 0.000241727
10456 0.000214517
4626 5.06639e-06
14676 0.00012958
406 1.09375e-05
19902 0.000427246
5431 4.88758e-06
15682 0.000968933
7441 5.6684e-05
10657 0.00167656
4827 1.7643e-05
607 4.23789e-05
14877 1.17421e-05
17491 0.00148582
5632 4.46141e-05
15883 0.000910401
10858 0.000204325
7642 2.42889e-05
2416 3.15905e-06
808 3.89814e-05
12466 0.00128436
17692 0.000799179
5833 3.9041e-05
16084 0.000857115
7843 9.17017e-05
11059 0.00157213
2617 3.12328e-05
1009 2.3514e-05
12667 0.00261998
17893 0.00204611
6034 7.01547e-05
16285 0.00239599
8044 6.61314e-05
2818 6.4671e-06
11260 5.56707e-05
1210 2.23815e-05
12868 0.000341296
18094 0.00069809
6235 2.19643e-05
16486 0.000557542
8245 0.000154614
3019 3.47793e-05
11461 0.000234127
1411 2.33352e-05
13069 0.00159895
18295 0.00155854
6436 4.18723e-05
16687 1.33514e-05
8446 3.02792e-05
3220 5.90384e-05
11662 0.000899315
13270 0.000159502
1612 1.7345e-05
18496 0.000391483
6637 1.4931e-05
8647 1.95503e-05
16888 0.000877857
3421 0.000142604
11863 0.00041163
13471 0.000317693
1813 2.20537e-06
18697 0.000194073
6838 2.40803e-05
8848 6.79493e-06
17089 0.000317812
3622 0.000133663
12064 0.000131726
13672 0.000583649
2014 4.35114e-05
18898 0.000170112
7039 3.79384e-05
9049 4.61042e-05
17290 0.000355005
3823 1.79708e-05
12265 0.000813007
13873 0.000212967
2215 2.10404e-05
19099 0.000442386
7240 2.06232e-05
15080 3.92199e-05
9250 0.000244737
10055 8.61883e-05
14074 0.000205338
4024 0.000108212
5 0.000163406
19300 6.91414e-06
5030 1.85072e-05
15281 0.000111818
9451 9.37283e-05
10256 0.000701189
206 0.000190496
14275 0.000111818
4225 7.7039e-05
19501 8.95262e-05
5231 3.93391e-06
9652 0.000234753
15482 0.000113487
10457 0.000594258
407 3.67463e-05
14476 6.78897e-05
5432 1.27554e-05
4426 1.42455e-05
19702 0.00013721
15683 0.000793576
9853 0.000493646
10658 0.0012539
608 3.12328e-05
14677 0.00017345
5633 2.21133e-05
4627 6.07967e-05
15884 0.000257134
19903 0.000378251
7442 0.00010553
10859 0.00108004
809 0.00012365
14878 2.83122e-05
5834 3.60608e-05
4828 3.84748e-05
16085 0.000994325
17492 0.00189829
7643 3.11434e-05
12467 0.000228643
11060 2.69413e-05
1010 4.82798e-06
6035 8.04663e-06
2417 1.69873e-06
16286 0.00270879
7844 0.000150353
17693 0.00199175
1211 5.95748e-05
11261 0.0003438
12668 0.000729799
6236 3.57628e-05
2618 2.37226e-05
16487 0.00221503
8045 3.21567e-05
17894 0.000814915
1412 3.69251e-05
11462 0.00188231
12869 0.00087595
6437 6.55651e-07
2819 1.3411e-06
16688 0.00120449
8246 6.29425e-05
18095 0.000742435
11663 0.000341535
1613 5.72205e-05
13070 0.000122905
6638 0.000110596
3020 6.02007e-06
16889 0.000283241
8447 4.70877e-06
18296 0.00020504
1814 1.2517e-06
13271 0.0014509
6839 2.25604e-05
11864 0.000454783
3221 3.76701e-05
8648 8.38339e-05
17090 0.000158787
18497 0.00112081
2015 5.94258e-05
13472 0.000566721
7040 1.18315e-05
12065 0.000946403
17291 0.00143433
8849 1.23382e-05
18698 0.000481129
2216 5.23329e-05
3422 0
13673 2.61068e-05
7241 1.70469e-05
12266 0.00239944
15081 7.58767e-05
9050 2.18451e-05
18899 0.000619769
6 0.000139147
3623 3.31402e-05
13874 0.000194669
5031 5.53131e-05
10056 0.000952542
15282 0.000586629
9251 2.46167e-05
19100 0.000182033
207 4.96209e-05
14075 5.30481e-05
5232 3.27528e-05
10257 0.00144231
3824 3.84152e-05
9452 0.000141263
15483 0.000520349
19301 0.000121474
408 1.50502e-05
14276 0.000237465
5433 1.17719e-05
4025 2.41101e-05
10458 0.000594139
19502 9.29832e-06
9653 0.000106752
15684 7.7486e-05
609 3.40044e-05
14477 9.71556e-06
5634 5.1558e-06
4226 3.16203e-05
10659 0.000473678
19703 0.000440717
15885 0.00138199
9854 3.55244e-05
810 4.17233e-07
14678 0.000184715
5835 7.09295e-05
4427 6.40154e-05
10860 0.00133252
19904 0.000872493
16086 4.17233e-06
7443 1.78814e-07
14879 0.000401974
1011 2.38717e-05
6036 1.3411e-05
4628 2.6226e-05
11061 0.000406027
17493 0.00176215
16287 0.00256479
7644 1.36793e-05
1212 5.20349e-05
12468 0.000871658
6237 4.94719e-06
4829 3.94285e-05
11262 0.000161886
16488 0.00135446
17694 0.000248671
7845 1.0699e-05
6438 1.24872e-05
1413 2.67625e-05
11463 0.000309587
2418 7.66218e-05
12669 0.00301218
16689 0.0017221
17895 5.6982e-05
8046 1.809e-05
6639 3.71635e-05
1614 3.01003e-05
11664 0.000175953
2619 3.92497e-05
12870 0.00197196
8247 3.74615e-05
16890 0.00145698
18096 0.00149012
1815 2.5183e-05
6840 4.84586e-05
2820 9.65595e-06
13071 0.000586867
11865 0.00207925
8448 5.30481e-06
18297 0.00315189
17091 0.00160384
2016 8.37445e-06
7041 5.98729e-05
3021 1.78814e-07
13272 0.000111938
12066 0.00131691
18498 0.00168157
8649 8.93772e-05
17292 0.000849724
2217 6.45518e-05
7242 2.65241e-05
3222 3.42727e-05
13473 0.000412166
12267 0.00473201
18699 0.000574112
15082 0.00118089
8850 0.000201941
5032 7.49528e-05
7 3.94881e-05
3423 1.2219e-05
13674 0.000123858
10057 1.78814e-05
18900 7.12872e-05
15283 0.000108123
3624 1.66893e-05
9051 0.000250816
208 9.50694e-06
13875 3.45111e-05
5233 2.0653e-05
10258 0.000724673
19101 0.000132322
15484 0.000779986
3825 6.25849e-07
9252 0.000109255
5434 2.71797e-05
14076 2.78354e-05
409 2.5332e-05
10459 0.000270307
19302 0.000156999
15685 0.000141382
4026 6.10948e-06
9453 0.000611395
610 3.88622e-05
14277 9.39369e-05
5635 0.000288218
15886 0.00141859
10660 0.00124025
19503 0.000205517
4227 4.26471e-05
9654 6.10948e-06
811 1.4931e-05
14478 2.53916e-05
5836 1.71363e-05
16087 0.000231743
10861 0.000156522
4428 1.34706e-05
19704 5.25713e-05
9855 0.000533938
1012 2.96831e-05
14679 0.000195682
16288 0.0017823
6037 9.78112e-05
11062 0.000151038
4629 4.96209e-05
19905 0.000566006
1213 1.3113e-06
7444 4.98295e-05
14880 0.000519991
16489 0.000915289
6238 3.03984e-06
11263 0.00125623
4830 1.74642e-05
17494 0.000257254
7645 1.11461e-05
1414 5.91576e-05
16690 0.00581288
12469 0.00395846
6439 2.27392e-05
11464 0.00105286
2419 3.47495e-05
17695 0.00196528
7846 2.54214e-05
1615 2.17259e-05
12670 0.000466108
16891 0.003021
6640 1.055e-05
11665 0.000987887
2620 1.34706e-05
17896 0.000173092
8047 5.11706e-05
1816 5.91278e-05
12871 0.000495136
17092 0.00189638
6841 3.26633e-05
11866 0.00287628
2821 2.89977e-05
18097 0.000862598
2017 9.86457e-06
8248 4.81308e-05
13072 0.000145853
7042 4.32134e-06
17293 0.000528812
12067 0.00129116
3022 9.74536e-06
18298 0.00258088
2218 7.11083e-05
8449 2.68519e-05
13273 0.00048089
15083 0.000548303
7243 1.71065e-05
12268 0.00272191
3223 2.70307e-05
18499 0.00292063
8 3.99351e-06
8650 3.72231e-05
13474 0.000196517
15284 0.000255108
5033 1.2666e-05
3424 4.62532e-05
18700 0.000632048
10058 0.000628591
209 6.61612e-06
8851 8.60393e-05
13675 0.000232637
15485 1.43051e-06
5234 1.43051e-06
3625 1.90735e-06
18901 0.000421882
10259 0.000528991
410 1.14143e-05
9052 0.000166327
13876 9.51886e-05
15686 0.0019542
5435 4.57764e-05
3826 6.4075e-06
19102 7.95126e-05
10460 0.000393569
611 7.56979e-06
9253 0.000592351
14077 4.65512e-05
15887 0.000135303
5636 6.3628e-05
4027 1.2815e-05
19303 6.48499e-05
10661 0.00100392
9454 0.0001342
812 2.32458e-06
14278 0.000110328
16088 0.00109053
5837 2.98023e-05
19504 0.000807524
4228 8.79169e-06
10862 2.46763e-05
9655 0.000174284
14479 0.000122547
1013 8.04663e-07
16289 0.00109315
6038 7.03633e-05
4429 1.66893e-06
19705 0.000400782
11063 0.000178814
9856 0.000500143
14680 0.000193179
1214 1.49012e-07
6239 6.28829e-06
16490 0.000192404
4630 8.60989e-05
19906 0.000299931
7445 2.45869e-05
14881 0.000190794
1415 2.5332e-06
6440 3.64482e-05
11264 0.00119352
16691 0.000285864
4831 0.000151247
17495 0.000468016
7646 3.22163e-05
1616 2.20537e-05
12470 0.00284922
6641 3.91304e-05
11465 0.000709891
16892 0.000954628
2420 3.02792e-05
17696 0.000232935
7847 0.000102341
12671 0.000715852
1817 1.2815e-06
6842 1.69873e-05
11666 0.00307286
17093 0.000851154
2621 5.63264e-06
17897 0.000700235
8048 0.000229418
2018 1.02818e-05
12872 0.000194788
7043 1.23084e-05
11867 0.000390887
17294 2.90871e-05
2822 1.70767e-05
18098 0.00184059
8249 5.53131e-05
2219 5.96046e-07
13073 0.000418603
7244 2.5928e-05
12068 0.00259215
15084 0.00128675
3023 6.34789e-06
18299 0.00192642
9 2.85208e-05
8450 0.000131637
5034 1.84774e-05
12269 0.00144947
13274 0.000162184
3224 2.78652e-05
15285 0.000860333
18500 0.000674009
210 3.12924e-06
8651 5.45681e-05
5235 1.31428e-05
10059 0.000412583
13475 0.000113368
15486 0.000474572
3425 2.38717e-05
18701 0.000829458
411 2.14577e-05
8852 0.000172704
5436 1.94311e-05
10260 0.000113964
13676 6.59823e-05
15687 0.000707507
3626 1.61529e-05
612 2.27392e-05
18902 0.00046587
9053 2.30968e-05
5637 1.03116e-05
10461 0.000537515
13877 8.1718e-05
15888 0.000187397
3827 3.3915e-05
813 2.65539e-05
19103 0.000149012
9254 2.05934e-05
5838 1.65105e-05
10662 0.00117624
16089 0.000675559
4028 8.40425e-06
1014 2.262e-05
14078 2.47955e-05
19304 0.000178218
9455 0.000335246
6039 2.47955e-05
10863 0.000317872
16290 0.00219178
4229 1.88351e-05
14279 0.000228763
1215 4.47035e-07
19505 0.000211835
9656 0.000163794
11064 0.000145197
6240 4.06802e-05
16491 0.00115752
4430 5.21541e-06
14480 0.000310957
1416 1.2219e-05
19706 0.000473261
11265 0.000258684
9857 0.000683248
6441 2.95639e-05
16692 0.000325203
4631 5.99623e-05
1617 1.81794e-06
14681 0.000602901
19907 0.000157833
7446 1.37389e-05
11466 0.000355363
6642 4.44949e-05
16893 0.000816107
4832 5.30779e-05
1818 4.47929e-05
7647 7.79927e-05
17496 0.00031805
14882 0.000516593
6843 1.66297e-05
11667 0.000921667
17094 0.00226879
2421 2.77162e-06
2019 2.52724e-05
7848 6.41644e-05
17697 0.000286579
12471 0.000246644
7044 1.85072e-05
2622 8.22544e-06
11868 9.62019e-05
17295 0.000153542
2220 2.79844e-05
8049 9.88841e-05
17898 0.000854969
12672 9.29832e-06
7245 2.99513e-05
2823 6.85453e-07
15085 0.000869513
12069 3.62992e-05
10 3.016e-05
8250 0.000277519
18099 0.00117898
12873 0.000330865
5035 1.11163e-05
3024 8.16584e-06
15286 0.000152946
12270 7.80821e-05
211 5.99027e-06
18300 0.000215292
8451 0.000137746
13074 4.04716e-05
5236 2.15471e-05
3225 4.27365e-05
15487 0.00375617
10060 4.6432e-05
412 4.83394e-05
8652 0.000349373
10261 3.60608e-05
18501 0.000699282
5437 4.58956e-06
15688 0.000883818
3426 3.73423e-05
13275 3.82662e-05
613 1.50502e-05
8853 2.42293e-05
10462 7.85589e-05
18702 0.000114202
5638 1.2666e-05
3627 3.04878e-05
814 9.94503e-05
13476 1.80602e-05
15889 0.0010376
9054 9.75728e-05
10663 0.000127077
18903 0.000138044
5839 1.34408e-05
3828 1.78814e-05
1015 0.000113964
13677 6.00815e-05
16090 2.46763e-05
9255 0.000474095
10864 0.000796616
6040 4.81308e-05
19104 0.000733852
4029 1.04308e-05
1216 8.34465e-05
13878 0.000324786
16291 0.000506878
9456 0.000135005
11065 0.00156373
6241 3.75509e-05
4230 5.99027e-06
19305 0.000235796
14079 0.000169575
1417 3.78489e-06
16492 0.000132084
9657 4.77433e-05
11266 0.000378311
6442 5.54323e-06
4431 1.60336e-05
19506 0.000535488
14280 0.000111341
1618 6.13332e-05
9858 2.06232e-05
6643 9.32813e-06
16693 0.000551701
4632 2.58088e-05
11467 0.000838459
19707 8.44002e-05
14481 0.000266731
1819 2.92063e-06
7447 9.16421e-05
6844 3.07858e-05
16894 9.5129e-05
4833 1.71065e-05
11668 0.00088346
19908 0.000265837
2020 1.94013e-05
14682 0.000457227
7648 0.000220597
7045 2.27988e-05
2422 1.23978e-05
17095 0.000534773
17497 5.65052e-05
11869 1.31726e-05
2221 2.06232e-05
14883 0.00070703
7849 3.3766e-05
2623 1.44839e-05
17296 0.000159979
17698 0.00188947
11 3.42131e-05
12070 0.000359058
7246 1.18315e-05
8050 0.000223696
12472 0.000121832
2824 2.0951e-05
15086 9.69172e-05
17899 0.0015521
212 7.54893e-05
5036 1.13547e-05
12271 0.000165939
8251 0.000293911
12673 3.51667e-05
3025 3.51369e-05
15287 0.00152099
413 6.1214e-05
18100 1.3113e-05
5237 2.12491e-05
10061 1.62125e-05
8452 7.22408e-05
3226 2.8342e-05
15488 0.00110793
12874 0.000177026
614 3.42429e-05
18301 0.000139236
5438 9.05991e-06
10262 0.000301421
8653 3.51369e-05
3427 3.55542e-05
15689 0.000935912
13075 0.000155985
18502 0.00091362
815 2.21729e-05
5639 1.09673e-05
10463 0.00041461
8854 4.69685e-05
3628 1.35303e-05
13276 1.96099e-05
15890 0.00179422
10664 0.000422716
1016 3.16799e-05
18703 0.00137067
9055 3.28124e-05
3829 5.73695e-05
5840 2.95043e-06
16091 0.0013808
13477 3.15309e-05
10865 0.000222981
1217 2.59578e-05
9256 0.000213325
18904 0.000692368
4030 1.08778e-05
6041 1.98483e-05
16292 0.000121832
13678 0.000153244
11066 5.34058e-05
1418 7.7486e-06
9457 0.000202298
19105 0.000149965
4231 1.91629e-05
6242 3.01003e-06
16493 0.000239372
13879 0.000104785
11267 0.000168145
1619 5.46873e-05
9658 0.000164986
19306 0.000520706
4432 3.52263e-05
6443 1.12951e-05
16694 0.000672579
1820 9.43542e-05
14080 0.000417233
9859 0.000127852
11468 0.000236154
19507 0.00152826
4633 1.0699e-05
6644 2.36928e-05
16895 0.00017643
14281 9.197e-05
11669 0.000155509
2021 7.08699e-05
19708 0.000615835
4834 2.01166e-05
6845 2.73287e-05
7448 0.000216067
17096 1.7643e-05
14482 0.000832558
2423 6.64592e-06
17297 0.000589132
2222 4.02331e-06
7046 2.6226e-06
7649 4.85778e-05
11870 1.54376e-05
14683 0.000113904
19909 0.00151944
2624 9.11951e-06
20100 0.000388861
7247 6.10948e-05
22713 0.00445747
7850 8.41916e-05
12071 6.12736e-05
17498 0.000762701
14884 0.000160098
20301 0.000704408
2825 5.56111e-05
25125 0.00375175
8051 5.3525e-05
12272 5.90086e-06
22914 0.000355244
12473 0.000210166
17699 0.000400543
3026 2.73883e-05
20502 0.000293732
25326 0.000999451
8252 1.0252e-05
23115 0.00170612
27738 0.00340796
12674 1.82986e-05
17900 0.00065732
3227 2.99811e-05
20703 0.0018456
8453 2.8789e-05
25527 0.00135517
23316 0.00354052
27939 0.00442934
12875 4.35114e-06
18101 0.00135326
3428 2.86102e-05
20904 0.00113583
25728 0.00147343
8654 0.000178307
23517 0.000987053
28140 0.00281668
18302 0.000828505
13076 2.02656e-06
3629 2.61068e-05
21105 0.000962496
25929 0.00130463
8855 0.000163794
28341 0.000205517
18503 0.000195742
13277 6.9499e-05
23718 5.19753e-05
3830 7.03335e-05
21306 3.21865e-05
26130 0.000836372
9056 0.00026682
28542 0.00257921
18704 0.000183344
13478 3.8147e-05
21507 0.00212884
23919 0.00125599
26331 0.00497913
4031 0.00011757
9257 0.000116527
28743 0.00461197
18905 0.000203609
13679 0.000479996
21708 0.00256896
24120 0.000473976
26532 0.000879288
4232 2.63453e-05
9458 0.000176966
28944 0.00276899
19106 0.00106597
13880 0.00027889
21909 0.00136328
26733 0.0054903
9659 2.83122e-05
4433 4.47035e-07
24321 0.000362396
29145 0.000247955
19307 0.000320435
14081 5.48363e-05
22110 0.00279188
26934 0.00687313
9860 0.000207007
4634 1.88053e-05
29346 0.000350952
24522 0.00113487
19508 0.000911832
14282 0.000415623
27135 0.0227242
22311 0.00126886
30150 0.000737667
4835 6.60121e-05
29547 0.00087738
24723 0.000408173
14483 2.53916e-05
27336 0.00783157
19709 0.000217795
22512 0.00716829
30351 0.000608921
29748 0.002841
32763 0.000784397
24924 0.000711441
14684 0.000245214
27537 0.000669479
19910 0.00181735
30552 0.00142908
20101 0.000142932
29949 0.00310755
32964 0.000453949
22714 0.00567007
14885 0.000248194
25126 0.00532532
35175 0.000683308
20302 0.00071013
30753 0.00115395
27739 0.00609303
33165 0.00126219
22915 0.00219679
37788 0.000891685
25327 0.00186729
35376 0.00066185
20503 0.000247955
30954 0.00243521
27940 0.00166988
37989 0.000324249
23116 0.000190735
33366 0.00067997
25528 0.00380516
35577 0.00141525
20704 0.00119328
31155 0.00313377
38190 0.000383854
23317 0.00121737
28141 0.0011282
33567 0.00179911
35778 0.00236845
25729 0.00227737
20905 0.000935555
31356 0.0016489
38391 0.00587702
25930 0.00283241
28342 0.000394344
23518 0.000131607
35979 0.00203657
33768 0.000473976
21106 0.000296831
31557 0.000193596
26131 0.00222015
38592 0.00102139
28543 0.000215054
23719 0.000683308
33969 0.00212431
36180 2.24113e-05
21307 0.00206017
31758 6.67572e-05
26332 0.00214481
38793 0.000947952
23920 8.2016e-05
28744 0.00182247
36381 0.00120163
34170 0.000810623
21508 0.00106192
31959 0.000441551
26533 0.0107288
38994 0.0026474
28945 0.00294304
36582 3.74317e-05
24121 0.000498772
21709 0.00234079
32160 0.000101089
34371 0.00027132
26734 0.000688553
39195 0.00199509
29146 0.00514793
36783 0.000442982
24322 0.00113964
21910 0.00417161
32361 0.000326633
34572 0.00106478
39396 0.00250053
26935 0.00857925
29347 0.000970364
36984 0.000265121
24523 0.00105381
22111 1.09673e-05
32562 0.000761032
39597 0.00144005
34773 0.00123501
29548 0.000448704
27136 0.0108118
37185 0.000983238
24724 0.00422573
22312 0.00197792
30151 0.00259495
39798 0.00552082
34974 0.000905037
29749 0.0018301
27337 0.00590038
37386 0.000198841
24925 0.00157833
22513 0.00110626
30352 0.00113821
32764 0.00705528
39999 0.00395393
29950 0.00475121
27538 0.00538921
20102 1.13249e-05
22715 0.000881195
37587 0.00499535
30553 0.000466347
32965 0.0015707
40200 0.00122261
25127 0.00858498
35176 0.00264645
27740 0.00395632
20303 3.74317e-05
22916 0.00553465
30754 0.000608444
33166 1.23978e-05
37789 0.0030241
25328 0.00339222
35377 0.00221014
20504 0.000397682
27941 0.000864983
23117 0.00490332
33367 0.00157166
37990 0.000659466
30955 0.000814915
25529 0.00235462
35578 0.000541687
28142 0.00175476
20705 0.00225234
23318 0.00146961
33568 0.000514984
31156 0.000360012
38191 0.00259352
35779 0.000458002
25730 0.00203133
28343 0.000483036
20906 0.000304222
23519 0.000360012
33769 0.000957012
31357 0.000602722
38392 0.000662804
35980 2.57492e-05
25931 0.00205326
28544 0.00112963
21107 0.00288367
23720 0.000367641
33970 0.00192595
38593 0.00451183
31558 0.00032568
36181 0.00014782
26132 0.00374413
28745 0.00157332
21308 0.00105786
23921 0.00108004
34171 0.00221443
38794 0.00489712
31759 0.0011096
36382 0.000145197
26333 0.00644112
21509 0.000620842
28946 0.00181341
34372 0.00135899
24122 0.000817299
38995 0.00142002
31960 0.000985622
29147 0.00398731
21710 0.00221395
26534 0.00337601
36583 0.000572443
34573 0.00216484
24323 0.000267029
39196 0.00259113
32161 0.000372887
29348 0.00446987
21911 0.000469685
36784 0.00107002
24524 0.00371838
26735 0.00237179
34774 0.00171614
39397 0.00482845
32362 0.00130606
29549 0.00331211
22112 0.00558662
36985 7.41482e-05
24725 0.00244999
39598 0.00187969
26936 0.00904369
34975 0.00226545
32563 0.00110531
29750 0.00135708
22313 0.00888491
37186 0.00108767
24926 0.00692654
39799 0.00346661
27137 0.00493526
32765 0.00131321
29951 0.00197887
30152 0.00290728
22514 0.00560856
37387 0.00330973
22716 0.00218534
40000 0.00302315
27338 0.013
32966 0.00314045
27741 0.00277758
30353 0.000109673
20103 0.0010457
22917 0.00154972
37588 0.00280046
40201 0.00313568
27539 0.00102282
33167 0.00155735
27942 0.00647688
30554 0.004457
20304 0.000403404
23118 0.00152397
35177 0.00172758
37790 0.00557184
25128 0.000677109
28143 0.000505924
33368 0.00168848
30755 0.00100899
20505 0.000818729
23319 0.0016427
35378 0.00154257
37991 0.0026083
25329 0.00427151
28344 0.000810146
33569 0.00481558
30956 0.00231123
20706 0.00224519
23520 0.000514984
38192 0.00089407
35579 0.00233436
25530 0.000190735
28545 0.000104904
33770 0.00101233
31157 0.00291204
20907 0.000791311
23721 0.00246525
38393 0.000347614
25731 0.000494003
28746 0.00197935
31358 0.00193119
33971 0.00326681
35780 0.00041008
23922 0.00011158
21108 0.000224113
38594 0.000519753
25932 0.00108147
28947 0.0012958
31559 0.000660419
34172 0.000136375
35981 0.000486135
38795 0.0149479
24123 0.00206566
21309 0.00111222
29148 0.00126648
31760 0.00145006
26133 0.00199032
36182 0.000255823
34373 0.00222778
38996 0.00204372
24324 2.86102e-06
21510 0.00179434
29349 0.00159407
31961 0.00264597
26334 0.00165272
36383 0.000535011
24525 0.000249863
21711 0.00317574
39197 0.000934601
34574 0.00388145
29550 0.00255585
26535 0.00249958
32162 3.33786e-06
36584 0.000325441
24726 0.000427246
21912 0.00165248
39398 0.00462818
34775 0.00144053
32363 0.00745869
26736 0.00428963
29751 0.00307035
36785 0.000109673
22113 0.00202847
24927 0.00312138
39599 0.00182438
34976 0.00355244
32564 0.00381947
26937 0.00752163
29952 0.000974178
36986 4.62532e-05
22314 0.000927448
22717 0.000453472
39800 0.00531769
32766 0.00387812
30153 0.00751305
27138 0.000576019
27742 0.00197935
37187 0.00256872
22515 0.00126839
22918 0.000953674
40001 0.00253868
32967 0.00104904
30354 0.00182867
27339 0.00916052
27943 0.000459194
20104 0.00122929
37388 0.00265074
23119 0.00220823
33168 0.00156736
40202 0.00305748
30555 0.00435781
27540 0.00629759
28144 0.00107121
20305 0.00242257
37589 0.0043416
33369 0.00419712
23320 0.00365305
30756 0.000339985
37791 0.00399542
25129 0.00945759
28345 0.00235915
20506 0.00188351
35178 0.00250006
23521 0.00110006
37992 0.00106525
33570 0.00434303
30957 0.00128698
25330 0.00548267
28546 0.00112796
20707 0.0002985
35379 0.00176477
23722 5.43594e-05
38193 0.000265598
33771 0.00140667
31158 0.000192165
25531 0.00988388
28747 0.00108957
35580 0.0027194
20908 0.000566006
23923 0.000197411
38394 0.00432825
31359 0.00112152
25732 0.00560284
33972 0.00294352
35781 0.00183201
28948 3.12328e-05
21109 0.00123692
24124 0.000315189
38595 0.00440407
31560 0.00637007
34173 0.00467062
29149 0.00100327
24325 0.00113297
25933 0.00159168
35982 0.000130892
21310 0.00293422
38796 0.00271463
34374 0.00781679
31761 0.00903845
29350 0.00152206
24526 0.000449181
36183 0.000226021
21511 0.00155902
38997 0.00117207
26134 0.00487995
34575 0.000653267
31962 0.00390244
29551 0.00056982
24727 0.00137424
36384 0.000390053
21712 0.000931263
34776 0.00146866
26335 0.000716209
32163 0.00461912
39198 0.00238228
29752 0.00275183
24928 0.00201988
36585 0.000645399
21913 0.00157952
34977 0.00182152
26536 0.00393867
32364 0.00567102
39399 0.00146198
22718 0.00193453
36786 0.000763178
29953 0.00236607
22114 0.00560188
32767 0.00275183
26737 5.43594e-05
32565 0.016089
39600 0.000700951
22919 0.00237513
36987 0.000417709
22315 0.00274467
27743 0.00468349
32968 0.00628471
26938 0.0160408
30154 0.000278473
39801 0.00188923
23120 0.000759602
37188 0.00018549
22516 0.00231218
27944 0.00266218
33169 0.000797272
27139 0.00930548
30355 0.00507164
23321 2.3365e-05
37389 0.000836372
20105 0.00123215
40002 0.00154305
28145 0.000570536
33370 0.000902176
27340 0.000240326
30556 0.00219631
23522 0.000534534
37590 0.000303745
20306 0.000593662
40203 0.00153065
28346 0.00115633
33571 0.00373983
27541 0.00413513
30757 0.00637913
35179 0.000364065
23723 2.81334e-05
20507 0.00116801
37792 0.000608921
28547 0.000747442
33772 0.00644493
25130 0.0044775
30958 0.00983906
23924 0.00120354
35380 0.00117564
20708 0.00126052
33973 0.00697994
25331 0.000542641
28748 0.000642776
37993 0.00658274
31159 0.00391006
24125 0.000469208
35581 0.000684738
20909 0.00282454
25532 0.00254059
34174 0.00550222
38194 0.000478745
28949 0.00216556
24326 0.00170612
31360 0.00425816
35782 0.000695467
21110 0.00210881
25733 0.00463581
38395 0.00142241
34375 0.0051136
29150 0.000420094
31561 0.000413895
35983 0.000345945
21311 0.000687361
24527 0.000454903
25934 0.000926971
38596 0.00401115
34576 0.00427246
29351 0.000613213
36184 0.0018127
31762 0.00126982
24728 0.00139046
21512 0.00416565
26135 0.00078392
38797 0.000176907
29552 0.000657558
36385 0.00045228
34777 0.00226402
31963 0.00843811
24929 0.00603867
21713 0.00325084
26336 0.00414562
38998 0.00286198
29753 0.0013876
34978 0.00182819
36586 0.000121355
22719 0.00177908
32164 0.00118971
26537 0.0137968
21914 0.00022769
39199 0.000818253
29954 0.00429416
32768 0.00268888
36787 0.00130081
22920 0.00206184
32365 0.00873041
26738 0.00386524
22115 0.00328684
39400 0.00156307
27744 0.00471878
32969 0.00363731
36988 0.000463724
32566 0.00444412
26939 0.00926065
23121 0.00156498
22316 0.000189304
39601 0.00390434
27945 0.00239015
33170 0.000686169
37189 0.00201893
30155 0.00669956
27140 0.00192738
23322 1.38283e-05
39802 0.000368118
22517 0.000695229
28146 0.00129843
33371 0.000869274
30356 0.000401497
37390 0.00115204
27341 0.00445366
23523 0.00456715
40003 0.00286102
28347 0.00175476
20106 0.00147867
33572 0.000320673
30557 0.00187635
37591 0.00241327
27542 0.000499249
40204 0.00511456
23724 0.00430059
28548 0.00137401
20307 0.00102472
33773 0.00051713
30758 0.00312567
35180 0.00178242
25131 0.0049305
37793 0.00409698
23925 6.67572e-05
20508 0.000323534
33974 0.000557899
30959 0.00550318
35381 0.00171471
28749 0.000736475
25332 0.00529194
37994 0.000814915
24126 0.000113487
20709 0.0018549
34175 0.00281334
28950 4.48227e-05
31160 0.00759172
38195 0.000696659
25533 0.00729847
24327 0.00219727
35582 0.00163364
20910 0.00107169
34376 0.000255108
29151 0.000855207
31361 0.0013237
38396 0.00139952
25734 0.00452042
24528 0.00278044
21111 0.00106287
35783 0.000192642
34577 0.00132537
29352 0.00262094
31562 0.00063467
38597 0.0020566
25935 0.00183105
24729 0.00184298
35984 6.96182e-05
21312 0.000690937
34778 0.00358415
29553 0.000992298
31763 0.000829697
38798 0.00255966
26136 0.000340462
24930 0.000301361
36185 0.00100684
34979 0.00019908
21513 2.14577e-06
31964 0.00505257
29754 0.00223875
38999 0.00134563
26337 0.00786304
22720 0.00160599
36386 0.000172377
32769 0.00180006
21714 0.000790834
29955 0.000782728
32165 0.000710487
26538 0.000864029
22921 0.000499725
39200 0.000240326
32970 0.00203586
36587 0.000742197
32366 0.00591087
27745 0.0023036
21915 0.00066781
26739 0.00628185
23122 0.00113201
39401 0.000880241
33171 0.00232124
32567 0.00242305
36788 0.00127029
27946 0.000611782
22116 0.0019393
26940 0.00281906
39602 0.00179195
23323 0.00195169
33372 0.000311852
30156 0.00389957
36989 0.000972986
28147 0.000407696
27141 0.00588846
22317 0.0018816
23524 0.00361824
39803 0.000862122
33573 0.000523567
30357 0.00319147
37190 0.00253606
28348 2.69413e-05
22518 0.00204182
27342 0.00100803
23725 0.000840187
33774 0.000329971
40004 0.000256538
30558 0.00232196
37391 0.00181484
28549 0.00223207
27543 0.00414658
20107 0.000366211
23926 0.0017705
30759 0.00242281
40205 0.00107002
33975 0.00089097
28750 0.000525475
37592 0.002388
25132 0.000837326
20308 0.00033617
24127 0.00136089
30960 0.00270295
37794 0.00274086
35181 0.00260496
28951 0.00161481
34176 0.00110054
25333 0.000232697
20509 0.00108457
24328 0.00145674
31161 0.00265145
37995 0.00140524
35382 0.0010941
29152 0.00291324
20710 0.000674725
25534 0.000901222
24529 0.00133419
34377 0.00182557
38196 1.19209e-05
31362 0.00257444
35583 0.000698566
29353 0.00215006
20911 0.000832319
25735 0.00364971
34578 0.00287676
24730 0.000978947
38397 0.00136566
31563 0.00554967
35784 0.00175643
29554 0.00464487
25936 0.00420189
34779 0.00219083
38598 0.00131845
21112 0.00157714
35985 0.000114918
31764 0.0045774
24931 0.00263739
29755 0.00115848
26137 0.0024538
34980 2.88486e-05
38799 0.00100994
21313 0.00222135
36186 0.000765562
31965 0.00154018
29956 0.000284195
22721 0.00026083
26338 0.00177765
39000 0.000281334
32770 0.000555992
21514 0.000105381
36387 0.0013299
32166 0.00358033
27746 0.000524044
22922 0.00366354
26539 0.0025816
32971 2.3365e-05
39201 0.00172901
21715 0.000675201
32367 0.00260305
36588 0.000416756
27947 0.00847435
26740 0.00285816
23123 0.00118256
33172 0.000539541
32568 0.00248766
21916 0.00273418
36789 0.00156093
28148 0.00253677
39402 0.000257015
26941 0.00297213
23324 0.00464821
33373 0.00066781
30157 0.00242877
22117 0.00140762
36990 0.00177503
28349 0.00125384
27142 0.0122309
39603 0.00137138
23525 0.000600815
33574 0.000452518
22318 0.000626087
30358 0.000909567
37191 0.000255346
28550 0.00139356
33775 0.000943184
23726 0.00026083
27343 0.00534725
39804 0.00172615
37392 0.00297594
28751 0.000135899
22519 0.00119638
30559 0.00109053
33976 0.00104451
23927 0.000200272
40005 0.0019865
27544 0.00707865
28952 0.00238156
37593 0.00166702
30760 0.000518322
20108 0.000440359
24128 0.00129938
34177 0.000124454
40206 0.00217152
25133 0.00165176
29153 0.000500202
35182 0.000410795
30961 0.00139976
20309 0.000138044
24329 0.00223494
34378 0.0012753
35383 0.00164318
29354 0.000561476
25334 0.00179005
37795 0.00697565
31162 0.000124693
24530 0.000161648
20510 0.000237465
34579 0.000252962
35584 0.00136709
29555 0.000767708
25535 0.000804901
31363 0.0026052
20711 0.000561953
24731 0.000441551
37996 0.000111103
34780 0.00152326
35785 0.000207424
25736 0.000322342
29756 3.26633e-05
31564 0.0024178
20912 0.000247955
24932 0.00145674
34981 0.0017767
35986 0.000187874
38197 0.00341606
25937 0.00127602
31765 0.00103116
29957 0.000539303
21113 0.00174141
32771 0.000674963
22722 0.000470638
38398 0.000391483
36187 0.000268698
31966 0.000324965
27747 0.000310183
26138 0.00049305
21314 0.000953913
22923 0.00191259
32972 0.000231743
36388 0.00044322
38599 0.00263834
32167 0.00257587
27948 0.00243807
26339 0.00121498
21515 0.000511169
23124 0.000651836
33173 0.000121832
38800 0.00069046
28149 0.00302458
36589 8.67844e-05
32368 0.00194883
23325 0.000843525
21716 0.000516653
26540 0.00640678
33374 0.00130081
