306 2.9166e-05
459 0.000108606
969 5.68861e-05
0 5.26339e-05
1122 2.3758e-05
612 0.000214125
765 0.000163523
153 1.89999e-05
51 8.72998e-05
1020 0.000335929
510 4.42863e-05
663 0.000743318
1173 0.000143297
357 2.71702e-05
816 0.00103631
204 2.53816e-05
102 8.92493e-05
1071 0.000758501
714 0.00171265
561 3.49432e-06
408 8.44602e-05
1224 0.000230253
867 6.81244e-05
255 9.35623e-05
1 4.6615e-05
970 0.000269483
613 0.000112124
307 1.92225e-05
460 5.44307e-05
1123 0.000162454
918 0.000121918
154 1.55149e-05
52 2.9441e-05
1021 0.0008003
664 0.000663114
358 8.98726e-06
511 9.92392e-05
1174 0.00123831
766 0.000794734
205 2.35941e-05
103 1.49352e-05
1072 0.00142737
715 0.000494434
1225 0.000389766
409 2.8451e-05
562 7.09477e-05
817 0.00105205
256 7.76863e-06
2 6.2759e-05
971 0.00113435
1124 0.00101145
308 3.38862e-06
461 1.27507e-05
614 0.000129141
868 0.00015021
155 2.00577e-05
53 3.29749e-05
1022 0.000335865
1175 0.000463556
359 6.32117e-05
512 0.000204219
665 0.000531559
919 0.00011653
206 1.86933e-05
104 6.31926e-06
1073 0.000234405
1226 0.000476938
410 8.00262e-06
563 0.000193514
716 0.00106802
767 0.000552417
257 3.35043e-06
1275 0.000287401
1428 0.00033807
1581 0.00315887
1785 0.00347482
1938 0.000408307
2091 0.000622857
818 2.63117e-05
2244 0.00212548
1326 0.00139591
1632 0.00120252
1479 0.000746876
1836 0.00135105
2142 0.0011247
1989 0.00265767
869 0.000110092
2295 0.000210173
1377 0.00338485
1683 0.000456877
1530 0.000231035
1887 0.000936594
2193 0.000409931
2040 0.00340621
2346 0.000989322
920 0.000296095
1276 0.000318149
1734 0.00177909
1429 0.00481628
1786 1.14478e-05
1939 0.00421481
2092 0.00508548
2245 0.00121274
2397 0.000925355
1327 0.000690751
1480 0.000796542
1582 0.000567131
1837 0.000628907
1990 0.0058909
2143 0.000768505
2448 0.0022045
2296 0.00133301
1378 0.00043118
1888 0.00499209
1531 9.36091e-05
1633 0.000270784
2041 0.000217006
2194 0.00132845
2499 0.000212438
2347 0.00249616
1277 0.000468133
1430 0.00173949
1787 0.000495207
2246 0.00020843
1940 0.000205033
1481 0.000991069
2550 0.000928804
1684 0.00492348
2093 0.000537496
1328 0.000145758
1838 0.000616711
2297 3.86909e-05
1991 0.000431268
1532 0.00139844
2398 0.00280327
1735 0.000876173
2144 0.00101571
1379 0.00236245
1889 6.73085e-05
2348 0.000572696
2042 0.000128966
3 8.23722e-05
2449 0.0014871
1583 0.00216255
2195 0.000390463
156 2.82105e-05
309 7.68136e-05
462 2.13753e-05
54 2.85832e-05
615 7.08341e-05
2500 0.000382647
1634 0.00309111
768 6.69155e-05
207 7.87724e-05
360 4.73633e-05
513 2.41268e-05
105 1.96043e-07
666 0.0001092
2551 0.000181928
1685 0.000164375
819 0.000169889
258 1.76779e-05
411 0.000113783
564 0.000156759
4 2.12758e-05
717 0.000132167
2399 0.00211179
870 4.72385e-05
1736 0.000946101
55 9.09746e-05
157 1.468e-06
310 0.000108913
616 0.000137501
2450 0.00143646
921 0.0011225
463 0.00012166
972 0.000176389
106 7.32415e-06
208 1.5832e-05
361 7.72218e-05
667 0.000105286
2501 0.00101981
769 0.000271228
514 8.64267e-05
1023 0.0011021
5 1.43079e-05
259 4.11447e-05
412 0.000157222
718 9.54987e-05
2552 0.000333987
820 8.10307e-05
565 3.56771e-05
1074 6.96462e-05
158 3.90806e-06
56 3.09339e-05
311 1.07381e-06
617 0.000118274
1125 0.000770938
871 0.000133974
464 1.33673e-05
973 0.000135921
107 4.37885e-06
209 1.63969e-05
668 7.27274e-05
362 6.06859e-05
1176 0.000710916
922 0.000224106
515 4.31933e-05
1024 0.000168625
1278 0.00103325
260 6.01124e-05
719 3.12384e-05
413 0.000156708
1227 0.000168769
770 0.0013151
566 1.03228e-05
1075 0.000384929
1329 2.1901e-05
1431 0.00030452
1584 0.00247294
1788 0.000610398
1126 0.000693627
821 0.000209733
1941 4.24348e-05
1380 0.000359774
974 0.000158818
1482 0.000524327
1635 0.00154006
1839 0.000728661
1177 0.000290502
872 0.000275403
1992 0.000250991
1279 0.000990286
1025 0.000799926
1533 0.00094337
1686 0.00437798
1890 0.000575941
1228 5.6643e-05
923 0.000159808
2043 0.0025843
1330 0.000469465
1076 6.46487e-05
1432 0.00126478
1737 0.000297356
2094 0.000953376
1942 0.00159889
2247 0.000273267
1789 0.00112307
1585 0.00162617
1127 0.000146573
2145 5.3104e-05
1381 0.000187438
2298 0.00121357
1636 0.00232633
1993 0.00223739
1483 1.44057e-05
2196 0.000156937
1687 0.00295411
2044 0.000284478
2349 0.000892173
2095 0.00315317
1738 0.00125061
1840 0.000164492
2248 0.000445368
2146 0.000539389
1943 0.0197788
1586 0.000483789
2299 1.80565e-05
2197 0.00477265
1637 0.00344856
1994 0.0154896
2350 0.000500407
2096 0.00329141
2045 0.00256741
2249 0.000369623
1688 0.000115406
1534 0.00110441
2147 7.89464e-05
2400 0.0010474
2300 6.58482e-05
2198 0.00668592
1739 0.00153725
2451 0.000942998
2351 0.00104752
6 3.82841e-05
159 6.45679e-05
312 9.20049e-05
2502 0.000479121
1891 0.000810388
57 2.05368e-05
210 9.1803e-05
2553 0.00111361
363 0.000140429
108 9.86212e-05
2401 0.000558272
414 7.71796e-05
7 1.2785e-05
261 5.15296e-05
1433 0.00122818
2452 0.000770949
58 7.65866e-05
313 1.16671e-05
160 1.11535e-05
2503 0.00087567
364 4.29666e-05
109 5.57571e-05
211 7.82157e-05
2554 0.000127956
262 3.90569e-05
415 1.88737e-05
8 2.13545e-05
1790 0.000112191
2402 0.00232647
161 0.000316915
314 1.19535e-06
59 9.5956e-05
2453 0.000273239
212 0.000133042
1484 0.000856966
365 2.08472e-05
2504 0.000258628
263 0.000150847
110 0.000174766
416 4.38653e-07
2555 0.00240337
618 0.000125812
465 9.04459e-05
771 5.05708e-06
975 0.00041857
516 3.12491e-05
669 5.02234e-05
1841 0.00204682
822 7.44276e-05
567 0.000110741
1026 0.000478275
1535 3.78229e-05
873 0.000279288
720 0.00216311
466 7.49715e-07
924 0.000488257
1077 0.000399034
619 0.00123915
517 5.51343e-06
772 8.66251e-05
976 0.000286724
670 0.00100668
568 4.61754e-05
823 0.000161963
1027 8.88258e-05
721 0.000174874
467 8.28574e-05
874 0.000566185
1078 0.00026002
620 0.000424383
518 0.000290889
925 2.85096e-05
671 0.000103286
1892 0.00221931
569 0.000214081
773 3.38024e-05
722 2.25082e-05
824 8.91555e-05
1434 0.000673484
875 9.69023e-05
1178 0.00208686
1587 0.000768043
1485 0.000380214
1536 0.000529643
1638 0.000483181
1435 0.000166841
1486 0.000397228
1280 0.00196385
1689 0.00167793
1537 0.00125497
926 0.00164192
1740 0.000736374
1588 0.000508361
1639 0.000536047
1690 0.00109423
1741 0.000841524
977 0.00170298
1791 0.00357937
1842 0.00289344
1893 0.102721
1792 0.0193006
1843 0.0763288
1894 0.165617
1331 0.00703477
1793 0.143266
1128 0.000971304
1844 0.574615
1589 0.00859279
1895 0.444625
1944 0.212906
1995 0.105203
2046 0.155678
1945 0.471414
1996 0.833895
1436 2.34656e-05
2047 1.14743
1946 0.148202
1229 0.00246934
1997 0.106298
2048 0.14843
1382 0.00087082
2097 0.043537
2148 0.0239842
2250 0.00166702
2199 0.00114397
2098 0.411853
2301 2.10404e-05
2149 0.00948682
2200 0.0135662
2099 0.0106421
2150 0.157965
2201 0.0977759
2403 0.000108749
2454 0.00145258
2505 0.00120717
2556 0.000732049
2404 0.000218585
2455 0.000730239
2506 0.00162996
2557 0.00157701
2405 0.000209711
2456 0.0012659
2507 3.15402e-05
2558 0.000313438
9 6.56522e-05
60 0.000247919
111 0.000271701
10 0.000305298
61 6.8055e-05
112 0.00026632
11 0.000344348
62 4.03449e-05
113 0.000189316
162 5.5077e-05
213 6.88457e-05
264 9.43406e-05
163 5.50561e-05
214 6.9249e-05
265 2.5155e-05
164 0.000121696
215 3.20338e-05
266 4.76837e-06
315 4.76325e-05
366 7.92556e-06
417 1.50679e-05
316 0.000149819
367 0.00035398
2352 0.00121009
418 0.000166175
317 0.000171816
368 0.000567701
419 0.002138
468 0.000118864
519 0.000719763
2251 0.00596033
2302 0.00131311
2353 0.00134015
2252 0.0180955
2303 0.00157467
2354 0.00389455
1281 0.00129216
1640 0.000406798
1691 0.00297425
1742 0.00606962
774 6.45025e-05
1028 0.00227406
621 0.0006286
570 0.000142059
1179 0.000957048
1487 0.00923755
469 0.00281036
825 0.000696326
978 0.000485417
520 0.00280957
672 0.00029059
1079 0.000287877
876 0.000600846
1538 0.00102885
723 0.0016078
1332 0.00138984
571 0.00281257
1230 0.000904464
1029 2.53948e-05
927 0.0020779
1131 1.69971e-05
622 0.00271911
1284 0.000900168
470 0.00294433
1383 0.00181133
521 0.00233066
1129 8.25142e-05
1282 0.000725951
1080 8.48556e-05
1180 0.00179018
775 0.00221333
572 0.00417988
1182 0.000395592
1335 0.000221707
673 0.00384614
1333 0.000517355
826 0.00087164
1231 0.000638301
979 4.39407e-05
1233 0.000622084
1437 0.00016718
1386 0.000179208
724 0.000173729
1384 0.00584295
1283 8.42288e-05
877 0.00125731
623 0.000862516
1130 0.000179963
1132 2.23694e-05
1030 2.60682e-05
1488 3.70434e-06
1285 0.000615492
674 0.00698413
1334 0.0007389
725 0.00205049
928 4.36828e-05
1181 0.00236507
1183 9.17166e-06
1336 0.000383086
1081 2.00071e-05
1590 7.05142e-05
1539 8.8382e-05
1385 0.000565173
1232 0.00121666
776 0.00142315
1794 0.16869
1845 1.12895
1896 1.15368
1795 0.122771
1846 1.3386
1897 0.410664
1641 0.00668803
1796 1.11825
1947 0.912148
1234 0.000316647
1998 0.483141
2049 0.284898
1948 0.116526
1999 0.334698
2050 0.131259
1847 0.158117
1898 0.913726
1949 0.145889
2100 0.0569191
2000 0.382251
1387 8.63979e-05
2051 0.686777
2151 0.0633104
2202 0.242008
2101 0.396419
2152 0.154878
2253 0.0142579
2304 0.000704937
2203 0.178885
2355 0.000609275
2254 0.0165345
2305 0.0104918
2356 0.00251511
2255 0.012348
2102 1.3635
2306 0.000340939
2153 0.22021
980 5.2657e-05
2357 0.000467714
1438 8.24714e-05
2204 0.152361
2406 0.00349998
12 0.00019451
2457 0.00120289
2508 0.000643676
2559 3.4105e-05
2407 0.000642478
2458 0.000876971
2509 2.38419e-05
2560 3.95663e-05
2408 0.0018088
2459 0.000786189
2510 0.00019441
2561 0.000350675
165 0.000175388
216 0.000159474
267 7.18962e-05
63 0.000125987
114 0.000153908
13 0.00021956
64 0.000144643
115 0.000762328
14 0.000384535
65 5.57564e-05
116 0.000212867
318 0.00132255
369 0.00173907
420 0.000127112
319 0.00018386
1692 0.0268698
370 0.00154546
166 0.000473465
421 0.00315563
217 0.000583834
268 0.00113113
320 0.00141105
167 0.00111095
371 0.00107212
422 0.00248178
218 0.000757485
471 0.000407338
269 0.000483224
1743 0.0465089
522 0.00333229
827 0.000870813
624 0.00211592
1286 4.77005e-05
1133 4.57368e-05
1591 0.000151631
1031 3.49102e-05
1489 1.47633e-05
675 0.00138139
573 0.00272384
878 2.25352e-05
726 0.00816264
472 0.0001234
523 0.00195721
1184 6.92853e-05
1337 6.09825e-05
1642 5.13345e-05
1540 1.95019e-06
574 0.000378674
1082 1.26404e-05
625 0.000885976
929 5.26058e-05
473 0.0102729
524 0.000228688
1388 5.83851e-05
1235 1.64039e-05
1693 0.00021639
676 0.0181028
575 0.0717066
1439 4.61517e-05
777 0.000283806
1744 0.21346
727 0.000509471
981 2.98033e-05
1134 0.000126999
1287 0.000174623
1440 2.94987e-05
1490 0.00013799
1592 3.9991e-06
828 0.00503432
1032 0.000174005
626 0.00200089
1185 1.47866e-05
1491 8.87858e-05
1338 2.51178e-05
1541 0.000148712
1643 0.000223923
879 0.00130697
677 0.000105943
1083 4.0479e-05
1236 0.000106934
1389 2.5739e-05
1542 9.87109e-05
1593 0.000269996
1694 0.000749812
930 0.000258063
728 0.000392107
982 0.000208528
1441 2.31015e-05
1288 9.3421e-06
1135 5.34868e-05
1745 0.00184673
1644 0.00158826
778 0.000394199
1033 0.00213132
1950 0.212096
1797 0.162091
2001 1.28629
2052 0.461593
1951 0.280902
2002 0.601914
2053 0.229862
1952 0.0203551
2003 0.0132321
2054 0.0115034
2103 0.511585
2154 0.617475
2205 0.0443665
2104 0.203998
2155 0.0298702
2206 0.0150561
2105 0.0144078
2156 0.00240837
2207 0.00179636
2256 0.000966437
2307 0.00196003
2358 0.0027088
1186 0.000114836
2257 0.00098791
1339 0.000374334
2308 0.00184502
2359 0.000405151
2258 6.20801e-05
1492 0.000268395
2309 0.00099449
2360 0.000492686
2409 0.00117165
2460 0.000845548
2511 5.33555e-05
2562 0.000253551
2410 0.000683073
2461 0.000206312
2512 0.000482135
2563 2.65427e-05
2411 0.00163404
2462 6.42482e-05
2513 6.42277e-05
2564 7.55023e-05
15 0.000510388
66 4.27896e-05
117 0.00156166
16 0.000492272
67 0.000274696
118 0.00192649
17 0.000573654
68 0.00115129
1695 0.00119989
119 0.000721607
18 0.00119096
69 0.000131797
120 0.00027178
168 0.00253212
219 0.000718249
1848 1.01993
1899 0.129723
270 3.70964e-05
169 0.000308834
220 1.58716e-05
271 0.000749333
170 0.000437111
221 0.000291521
272 0.00045142
171 0.000243949
222 9.39369e-05
273 0.000460114
321 0.000948617
372 0.00250651
423 0.00120226
322 0.000814889
373 0.00118636
424 0.0100949
323 0.00107145
374 0.0008935
425 0.00811163
1084 0.00045271
324 0.00130904
375 0.00498192
426 0.00249444
474 0.00424806
525 0.0486891
829 0.000682935
576 0.414604
475 0.00380073
526 0.0532661
577 0.856959
476 0.0202718
1798 0.000436252
527 0.019394
578 0.0287454
477 0.00581347
528 0.00527903
579 0.0069693
1237 0.000186549
1746 0.000328669
1543 5.70472e-05
1390 0.000477779
627 0.134659
1849 0.043637
1900 0.116898
880 0.00130428
983 0.000156635
1136 0.00150375
1799 0.000289779
1594 0.00172092
678 0.000315079
1289 0.00176206
1442 0.000345923
931 0.00146678
1034 4.5957e-05
1850 0.00719686
1645 0.00199724
1901 0.00316744
1187 0.00288484
729 0.000316162
1340 0.00231624
1493 0.00314751
780 0.000888754
779 7.80933e-05
628 0.193301
1085 0.000622671
1696 0.00043042
1238 0.0060754
1391 0.00510255
679 0.000702539
1544 0.000875609
831 0.000594493
830 0.000117196
984 0.000322528
1747 0.00111128
1137 0.000201449
1290 0.000275869
882 3.13483e-05
730 0.000758812
881 0.000641102
1443 9.17539e-05
1035 0.000386074
1595 0.00160037
629 0.0376646
1188 9.34899e-05
933 0.000169391
932 0.000746338
1494 1.09673e-05
1341 0.000441689
680 0.000357448
1086 0.000308827
1646 0.000176074
1239 7.14734e-05
781 0.00079033
1596 4.8466e-05
1545 2.90647e-05
1392 2.76305e-05
731 0.000446212
985 0.000300715
1697 0.00021467
1138 3.67463e-05
832 0.000581203
1647 0.000330577
630 0.000993581
1748 0.000495996
1444 4.60073e-05
1036 4.64749e-05
1291 1.26027e-05
1189 0.000117421
681 0.000151781
883 0.000301667
1698 0.000480941
1800 8.99797e-05
1087 0.000120927
1495 0.000184461
1342 0.000102825
1749 0.000381999
1240 4.28781e-05
934 0.000119895
732 7.56346e-05
1851 0.000745958
986 0.00016618
1546 0.000147253
1953 0.00443326
2004 0.000410814
1902 1.20196e-05
2055 0.00299868
1393 3.26931e-05
1954 0.000122849
2005 0.000527428
2056 0.000757104
1955 3.25404e-05
2006 0.000157132
1139 0.000110604
2057 0.0016338
1801 0.000331582
782 0.000211356
1597 0.000191428
1956 1.78199e-05
2007 0.00123113
1037 0.000389669
1445 7.74488e-05
2058 0.00470645
1292 0.000140976
1852 3.62061e-05
1648 6.35386e-05
833 1.9772e-05
1190 0.000122614
2106 8.14199e-05
1903 0.000759742
1088 0.000112955
1496 0.000179358
2157 0.00474103
1802 0.000287546
1699 1.88313e-06
884 0.000108082
1343 7.37272e-05
1241 7.5344e-05
2208 0.00156167
987 0.000195248
1547 5.21392e-05
1853 0.00111139
1750 0.00176466
935 0.000332888
1394 9.89065e-06
2107 0.00505439
1904 0.000497913
1038 4.14848e-05
1446 0.000126027
1140 2.44528e-05
1803 0.000502569
2158 0.00236141
1598 0.000402957
1293 0.000155542
783 0.000279535
1089 0.000111327
1497 7.06986e-05
1854 0.000219898
1191 0.000205666
2209 0.000820542
1649 0.0010381
1344 0.000109989
1905 0.00614287
834 4.97438e-05
2259 0.000599795
1548 0.000116035
1242 0.000283908
2412 0.00273867
2108 0.00107413
2310 0.00185245
2463 2.51289e-05
19 0.000295842
70 8.22637e-05
121 4.99152e-05
20 0.00027328
71 0.000150833
122 3.7076e-05
21 0.000245214
1395 5.95674e-06
72 8.75704e-05
123 3.93484e-05
172 0.000102257
325 0.000537762
223 0.0010759
376 0.00153086
274 0.00228425
1700 0.0012849
2514 0.000624558
2565 0.000314271
173 0.00055798
224 0.000432706
275 0.000520108
174 0.000170505
2413 0.0112793
225 0.00158385
276 0.000376268
478 0.00101165
529 1.5947e-05
580 0.000163797
479 0.000538078
530 0.00012201
581 0.000149453
480 0.000172182
2464 0.000106836
531 0.000307218
2515 6.47902e-05
2566 1.73859e-05
2414 0.000717951
2465 0.000625132
2516 0.000232898
582 0.000326147
2567 6.73346e-06
2415 0.00164953
2466 0.00264155
2517 0.00276283
2568 0.000222551
2159 8.51788e-05
427 0.000733049
326 3.21865e-05
377 0.000373294
428 0.000385093
327 5.57005e-05
378 0.00276878
429 0.000466624
885 0.000126233
631 0.000591167
2361 0.00299454
1751 0.00043175
784 0.00074327
988 1.79019e-05
1141 2.73027e-05
2210 0.00271875
936 0.000372566
682 0.00029326
2260 0.00328685
1599 0.000504244
1039 0.000114677
835 0.00029926
2109 0.00174748
1294 5.22286e-05
2311 0.000958286
1192 8.65087e-05
733 0.00033436
1650 6.60419e-05
1090 8.14237e-05
886 2.12714e-06
2362 0.0121035
2160 0.00170141
632 0.0001988
1243 0.000125181
1345 0.000264984
2261 0.017902
1701 0.000264728
2211 0.0305952
937 0.000122679
989 0.00034103
2312 0.0159346
2363 0.000322839
2262 0.000295431
2313 0.000348649
2364 0.000811598
683 0.000499375
1142 0.000191625
1600 0.000140101
1447 1.06953e-05
1752 0.000314927
1396 5.13457e-05
785 6.52056e-05
1040 0.000246838
734 0.000521671
1804 0.000552984
1193 1.96397e-05
1651 0.000108272
1498 5.88857e-05
836 0.000142034
1295 4.31165e-05
633 0.00286852
1091 9.03569e-05
1855 0.000652133
1702 0.000744127
1244 0.000130378
1549 6.75842e-05
1906 0.00366534
684 0.000591505
887 3.61893e-05
1346 7.52844e-05
990 0.000159159
1753 2.64514e-05
1805 0.000649273
1143 0.00022614
735 0.000216777
1448 0.000180434
938 0.000325903
1397 0.00017089
1041 0.000334065
1856 0.000318371
1601 0.000262067
1957 0.00627726
1194 2.02507e-05
2008 0.00415614
786 5.31934e-05
1907 0.000110082
1499 0.000207152
1296 1.54488e-05
1092 0.000349123
1652 6.02379e-06
2059 0.0015453
1806 0.00112491
837 2.83495e-05
1245 7.52173e-05
1550 0.000277229
1703 0.000580803
2110 0.00326743
1347 0.000118937
1857 0.000443768
2263 0.000167746
2314 0.000338828
2365 0.00169374
2264 0.000230122
2315 0.000316709
2366 0.00351726
2265 3.51015e-06
2316 0.000196311
2367 0.000496279
2416 9.37656e-06
2467 0.00238172
2518 0.000550324
2569 0.000757892
2417 0.00118176
2468 0.000832725
2519 0.000643071
2570 0.00193014
2418 0.000207506
1958 3.33046e-05
2469 0.00224866
2520 0.000852025
2571 0.000435689
22 0.000563448
73 0.000643538
124 0.000239256
23 0.000767222
74 1.52672e-05
125 0.000322407
24 6.51358e-05
75 0.000248807
126 1.52122e-05
175 0.00041246
226 0.000179382
277 3.30433e-06
176 0.000175144
227 4.43701e-05
278 0.000520725
177 0.000109536
228 1.14557e-05
888 0.000158399
279 0.000372068
328 0.000275854
379 0.00453439
430 0.000762098
329 7.19111e-05
380 0.00019515
431 0.000185956
330 0.000163917
381 0.000299175
432 6.45933e-05
481 0.000308603
532 0.000250689
583 0.000331067
482 0.000104997
533 0.000515022
584 7.55917e-05
483 2.66694e-05
534 0.000982814
585 9.73791e-06
2161 0.0139669
1754 0.00180918
634 0.00120131
1449 6.54422e-05
1908 0.000486003
2212 0.000361927
2009 0.00419561
1398 0.000139382
939 0.00022942
2111 0.00113698
685 0.000641605
1602 0.000250183
787 2.10125e-05
1500 0.000178546
2162 0.0130081
2213 6.03953e-05
2060 0.00171944
991 0.000171896
1144 0.000285465
736 0.000196168
2112 0.0140663
1653 0.000510894
838 0.000306817
2163 4.726e-06
2214 3.83444e-05
1959 0.00370807
1551 0.000546042
635 0.000389032
1042 0.000283316
1297 0.000332534
1195 0.000121035
686 0.00122979
889 0.00069871
1704 0.00056098
2010 0.00522962
1450 3.46117e-05
1093 0.000250418
1348 0.000255138
1246 5.67064e-05
737 0.00054173
940 2.33948e-05
1755 0.00359959
2061 0.000631619
1501 0.000212431
636 0.000143543
992 8.61883e-05
687 0.00467622
788 9.01222e-05
1145 0.000197761
1399 0.000217233
1603 2.64086e-05
1807 2.04388e-05
738 0.00279396
1552 0.000653882
1043 3.33562e-05
839 0.000286832
1196 0.000106953
1858 0.00259434
1298 0.000114862
1654 0.000154171
1960 0.00591785
1451 0.000332065
1094 0.000225097
890 2.40505e-05
1909 0.00537491
1705 0.000610486
1349 0.000167109
1247 0.00039782
2011 0.000229403
993 0.000281479
1502 0.000529006
941 0.000561662
1808 0.00147422
1756 0.000968609
1146 0.000547498
1400 5.88745e-05
2062 0.0129201
1044 0.000399563
1859 0.00405759
1553 0.000468228
789 0.000468045
1604 0.000460494
1197 0.000336837
1299 0.000425573
1961 0.00250969
1095 3.3088e-05
840 2.6945e-05
1910 0.00355599
1452 3.67686e-06
1655 0.000771865
2113 0.000196296
1248 0.00022557
2164 4.44148e-05
2215 0.000271649
2114 0.000163016
2165 1.88733e-06
2216 0.000126984
1350 0.000493072
2115 9.79188e-05
2166 0.000242334
2217 0.000178562
2266 5.44982e-05
2317 0.000182363
2368 0.00026226
2267 8.63266e-05
2318 0.000138202
2369 0.000538938
2268 1.85664e-05
2319 0.000205661
2370 0.000405746
2419 0.000212246
2470 0.000186076
2521 0.000938813
2572 0.000990919
2012 0.0017051
2420 0.000382476
2471 0.000934215
2522 0.000629488
2573 0.000423536
2421 0.000797005
2472 9.81903e-05
2523 0.000858322
2574 0.000262525
25 0.000493732
76 0.000195242
127 5.34416e-05
26 0.000484584
77 0.000404041
128 0.000264874
27 6.81859e-05
78 6.9424e-05
129 0.00012936
178 0.000183857
891 0.00031494
229 0.000122444
280 8.05603e-05
179 8.87457e-06
230 5.09713e-05
281 2.39257e-06
1706 0.00035809
180 7.72204e-05
231 3.73926e-07
282 0.000282172
331 0.000208514
382 0.00018817
433 0.000284884
332 0.000162589
383 0.000139958
1809 0.00187927
434 8.21585e-05
333 7.5418e-05
384 0.000445097
435 1.61147e-05
484 0.000312302
535 4.74257e-05
586 0.000784494
485 0.000226704
536 0.000102999
587 0.000116592
486 0.000103602
537 7.15274e-05
588 7.18897e-05
637 0.000368433
688 9.35029e-05
2063 0.00162397
739 0.000586877
1503 0.000261862
790 0.000990275
638 4.97028e-05
689 0.00114642
740 0.000255831
639 0.000147851
690 0.000317326
741 0.000129377
1962 0.0155789
1401 0.000176288
1757 0.000310417
1860 0.000963025
942 0.000817772
994 0.000131182
2013 0.00747978
2064 0.000398526
1554 2.45236e-05
841 0.00104589
1911 0.000968695
1147 0.000465296
1300 0.000549827
1453 0.000113301
1605 0.000354499
1045 0.000248484
1606 0.000276688
892 0.000396438
1810 0.000173386
1198 8.09655e-05
1656 0.00088273
1504 0.00070475
1351 0.000212848
1861 0.00115651
1096 0.000977464
1657 0.00019107
943 0.000258479
1912 0.006683
1811 0.000170966
1862 0.000132419
1913 0.000214133
1812 5.99502e-05
1863 3.57879e-05
1914 2.86689e-05
1963 0.00172753
2014 0.00113584
2065 0.000397222
1964 0.000164345
2015 0.000313261
2066 1.27656e-05
1965 1.40499e-05
2016 8.9583e-05
2067 0.000472389
2116 0.00079254
2167 5.68228e-05
2218 0.000123437
2117 0.0001964
2168 4.10611e-05
2219 0.000106826
2118 5.21052e-05
2169 7.81254e-05
2220 6.22449e-06
2269 0.00012074
2320 0.000154098
2371 2.17319e-05
2270 0.000115314
2321 0.000322037
2372 0.000126189
2271 6.75172e-05
2322 0.000241552
2373 0.000243496
2422 0.000259735
2473 0.000134426
2524 0.000231458
2575 0.000119739
2423 0.000420778
2474 1.59154e-05
2525 0.000120243
2576 0.000826162
2424 0.00113948
2475 0.000388919
2526 0.000684573
2577 0.000479087
28 3.67248e-05
79 0.000125136
130 4.23491e-05
29 5.76556e-05
80 1.94144e-05
131 0.000164087
30 9.80012e-05
81 0.000161959
132 0.000161254
181 8.93413e-05
232 0.000232715
283 9.32328e-05
182 4.68362e-05
233 5.00376e-05
1707 0.000357643
284 9.79607e-05
1249 0.00103217
183 0.000194264
234 8.44141e-05
285 0.000236745
334 0.000142684
995 8.53613e-05
385 8.26363e-06
436 0.000115921
335 0.000171623
386 0.000221545
437 0.000172099
336 0.000365992
387 0.000426909
438 2.37953e-06
487 0.000342589
538 0.000182212
589 3.50736e-06
488 1.28383e-05
539 0.000437003
590 1.0943e-06
489 0.00026023
540 3.54275e-05
591 0.000250443
640 0.000161489
691 0.000555033
742 0.000160145
1555 0.000432719
641 0.000122052
692 3.22238e-05
743 9.10964e-05
1402 0.0003535
1708 0.00226474
642 0.000185154
693 0.00023308
744 2.18293e-05
793 7.86148e-05
844 0.000438632
791 0.00758798
895 0.000160395
946 3.27583e-05
794 0.0015177
845 0.000522625
896 0.000146533
947 0.000195355
795 5.52982e-05
846 0.00022177
897 0.000134124
948 0.000139979
1758 0.00272219
997 0.00967719
842 0.000308994
1148 0.000326306
1046 0.000924077
1454 0.000176601
1759 0.00306238
1301 3.31141e-05
1150 0.000987187
1048 0.000663564
893 0.000629611
1607 0.00198086
1199 0.000104137
1097 0.000560991
1505 0.000537712
1352 0.00140732
1099 0.00185563
1201 0.000442334
944 0.00044208
1658 0.00251212
1250 0.000660498
996 0.000531953
1556 0.00186087
1403 0.000204906
998 0.000111969
1049 9.70447e-05
792 0.00018573
843 0.00548256
1100 0.00143107
894 0.011001
1252 0.000427589
999 4.81531e-05
1050 0.000213589
1101 0.000188773
1709 0.015634
1149 0.000397481
1047 0.00104687
1455 0.000496842
1302 0.000809725
1303 0.00231005
1760 0.0134142
1151 0.000180881
945 0.00295831
1200 0.000508308
1608 0.00136335
1098 0.00353844
1202 0.000517834
1506 0.00148033
1353 0.00215809
1354 0.000271991
1456 0.0013447
1609 0.000288833
1253 0.00107497
1660 0.000474958
1711 0.000523987
1762 0.000138039
1610 1.29677e-05
1661 0.000219735
1712 0.000564108
1763 0.000273907
1611 0.000359065
1662 4.78472e-05
1713 5.43757e-05
1764 0.000199287
1813 0.000152439
1864 0.00052933
1915 0.000244847
1814 0.00069281
1865 0.000220204
1916 0.000687352
1815 0.000171366
1866 2.14111e-05
1659 0.000415679
1917 0.000113083
1966 0.000103816
2017 0.000370984
2068 0.000212869
1967 0.000219542
2018 8.54256e-05
2069 0.00035519
1968 0.000573684
2019 0.000202201
2070 0.000231317
2119 0.000154377
2170 0.000169325
2221 0.000127175
2120 0.000259345
2171 7.22194e-06
2222 5.32414e-05
2121 9.31998e-05
2172 8.80808e-05
2223 9.14491e-05
2272 1.33147e-05
2323 5.16698e-06
1251 0.00267814
2374 0.000134984
2273 4.29358e-05
2324 8.75667e-05
2375 4.27659e-05
2274 0.000330647
2325 5.07403e-05
2376 0.000105371
2425 0.000201661
2476 4.04557e-05
2527 0.000735061
2578 3.4458e-05
2426 3.64454e-05
2477 0.000152036
2528 7.47414e-05
1152 5.97248e-05
2579 0.000146148
2427 9.97828e-05
1203 0.00038144
2478 0.000111607
2529 0.000215419
1254 0.000213395
2580 0.000483942
1557 0.00188699
31 3.47893e-05
184 5.7139e-05
82 0.000489063
235 2.74754e-05
286 0.000190236
133 5.4575e-05
185 9.07574e-06
236 8.33357e-05
287 0.000205436
186 8.32323e-05
32 0.00010226
237 0.000228303
288 0.000236032
83 0.00013031
1404 0.00173491
134 0.000365792
33 4.45172e-07
84 0.000109641
187 0.000683966
135 5.35208e-05
34 0.000132456
85 1.84579e-05
136 0.000102483
337 0.000149951
388 0.000257051
238 5.16204e-05
439 0.000165172
289 0.000112155
338 0.000261514
490 0.000108705
389 3.17758e-05
541 0.000180336
440 7.05849e-06
592 7.35745e-08
339 0.000124491
1710 0.0154029
390 0.000313301
441 0.000125324
491 0.000256788
340 0.000179814
391 7.30506e-05
542 8.87709e-05
442 4.2378e-05
643 5.62789e-05
1761 3.86983e-05
694 0.000160375
745 0.000176349
796 0.000191941
644 0.000261524
847 0.000432214
593 6.70254e-05
695 5.67921e-06
898 0.000334876
746 0.000125589
949 8.15112e-05
645 0.000348764
797 0.000556702
696 0.000314753
848 4.17875e-05
747 0.000338736
899 0.000269503
646 0.000125302
492 5.11128e-05
950 5.82766e-05
697 9.52911e-05
798 0.000353953
849 2.71108e-06
1405 0.00190948
748 4.24488e-05
900 0.000333227
1000 4.61452e-05
1153 8.30926e-05
951 7.93757e-05
1051 0.000106179
1204 0.000199479
1255 0.00028004
799 6.80974e-05
543 4.11244e-05
1102 6.93277e-06
1154 7.61403e-05
1001 0.000184058
850 0.000133373
1205 0.000197239
1052 3.08454e-05
1256 0.000279461
901 8.82298e-05
1155 0.000115594
1103 0.00066884
1206 1.77678e-05
952 0.000194197
1257 7.16597e-05
1306 0.000690339
1156 0.00025454
1002 8.3968e-06
1207 5.72298e-06
1357 0.000242768
594 0.000101211
1053 0.000116915
1258 9.88189e-05
1408 6.68205e-05
1459 0.000102975
1104 6.76699e-05
1307 0.00113547
1510 4.46425e-05
1003 9.02452e-06
1561 2.71671e-05
1358 1.62441e-05
1054 0.000109422
1460 0.000123166
1409 0.000123709
1105 1.10008e-05
1511 0.000116506
493 0.000270009
1308 0.000119823
1612 7.69133e-05
1562 0.000380734
1359 3.3244e-05
1461 1.83117e-05
1663 6.40028e-05
544 0.000226855
1410 1.08487e-05
1512 6.28731e-05
1714 0.000145969
1309 9.66135e-05
1563 1.74204e-05
1765 3.59416e-05
1462 8.90866e-05
1613 0.000546189
1360 0.000234229
1513 0.000169671
1664 0.000659559
595 9.18908e-05
1564 0.000202729
1715 1.95615e-05
1411 0.000420621
1816 0.000183596
1766 4.76958e-05
1969 0.000117157
1867 0.000148743
1614 0.000335503
1918 6.41863e-05
2020 5.00008e-05
2071 9.31867e-05
1817 1.57095e-05
1970 7.05351e-05
1868 0.000155155
1665 4.85275e-05
1919 0.000199893
2122 0.000111373
2173 2.69432e-05
2224 0.0003794
2123 1.60192e-05
1507 0.0123279
2174 3.48333e-05
2225 1.00192e-05
2124 3.374e-05
2175 6.15087e-05
2226 2.44672e-05
2125 0.00023827
2176 0.00011522
2227 9.01548e-05
2275 0.000155311
2326 1.46437e-05
2377 2.00323e-05
2276 1.6781e-05
2327 4.14895e-05
2378 0.000218707
2277 0.000135531
2328 0.000120386
2379 2.74051e-05
2278 5.72111e-05
2329 6.71996e-05
2380 2.5962e-05
2428 0.000203508
2479 6.79134e-05
2530 0.000352248
2581 0.000538507
2429 0.000125511
2480 0.000369387
2531 0.00082799
2582 0.000646484
35 6.5377e-05
2430 5.94663e-05
86 9.64114e-05
2481 0.000218567
137 0.000495549
2532 0.000168294
36 1.21999e-05
2583 0.00320537
87 0.000124182
2431 0.00012814
138 0.000576918
2482 0.000904827
37 0.000165408
2533 0.000346832
88 0.000216498
2584 0.00171929
139 0.000342433
188 0.000376415
341 8.79732e-05
239 1.07852e-05
392 0.000135547
290 3.4695e-05
443 0.000213617
189 7.50436e-05
240 4.56453e-05
342 8.08253e-05
291 0.000177758
190 1.64753e-05
393 9.25413e-05
241 3.25504e-05
444 0.000102645
292 0.0001716
343 0.000291642
494 0.000293641
394 3.20529e-05
545 0.0001117
445 0.00013115
596 8.9515e-05
647 9.37982e-05
1716 0.000694857
495 0.000112409
698 5.84936e-05
546 0.000180153
2021 3.34638e-05
1767 0.000358352
1818 6.13844e-05
2072 0.000154282
1615 0.000953103
1666 0.000808559
1971 9.13907e-06
1869 5.47562e-05
1717 0.000196552
1920 0.000538164
2022 0.000308099
1768 3.20496e-05
1819 0.000267164
800 0.000128057
2073 2.67881e-05
851 0.000210736
1870 8.25059e-05
1972 0.00011901
902 0.000515129
1921 3.8079e-05
2023 3.67044e-05
953 0.000142571
1004 7.43866e-05
2074 0.00015243
801 0.000183606
749 0.000233358
1055 5.88503e-05
852 0.000194794
1157 0.000211106
1106 3.43816e-05
903 0.000356123
1208 0.000239781
954 0.000453212
1259 0.000103311
1005 0.000153528
802 0.000191395
1158 0.000282124
1056 0.000124089
853 0.000363864
1107 0.000198077
904 0.000313388
1209 0.000166009
955 0.00039389
1006 7.10539e-05
1260 0.000167827
1310 2.8675e-05
1057 0.000186317
1159 6.19502e-05
1361 0.000182511
1108 0.000311675
1210 0.000223083
1412 0.000349418
1311 0.000300359
1261 0.00015937
1463 0.000176562
1362 0.000130962
1616 0.000262012
1820 0.000500331
1413 0.000229501
1514 5.86391e-05
1312 0.000290195
1667 0.000164398
1871 0.000739633
1565 5.45271e-05
1922 0.000718601
1363 3.28049e-05
1464 1.67633e-05
1718 0.000203839
1414 4.75128e-05
1821 0.000233501
1515 0.000560331
1973 0.000417219
1872 8.49403e-05
1769 0.00160531
2024 0.000130048
1566 0.000160086
2075 0.000450321
1923 0.000625592
1617 6.46624e-05
1465 0.000214508
1974 0.000570253
1822 5.46621e-05
1668 4.71119e-05
2025 0.00011682
1516 4.41391e-05
648 0.000337979
1719 4.81647e-05
2076 0.000209688
1873 2.46651e-05
1975 3.78327e-05
1567 2.1684e-05
1770 3.87761e-05
1924 9.08552e-06
2026 3.43705e-05
2126 0.00027029
1618 0.000433621
2279 1.20001e-06
2077 2.5881e-05
1669 0.000367414
2432 0.00022751
2177 5.35203e-05
2330 4.35291e-05
2483 0.000412358
1720 5.69159e-05
2534 0.000540125
2228 0.000232196
2381 0.000103289
2585 0.000324758
1771 0.000238325
2280 4.16969e-05
2433 0.000282878
2127 2.63308e-05
38 4.11663e-05
2484 0.000328418
2331 4.07882e-05
2535 0.000938451
2178 4.90299e-05
89 8.48891e-05
2382 0.000116289
2586 0.00057352
2229 8.33166e-05
2434 0.000348717
140 0.000173172
2281 7.74469e-05
2485 0.000123069
2128 5.26588e-05
39 1.55149e-05
2536 0.000708965
2332 0.000120446
2179 2.91434e-06
90 0.000134634
2587 0.000401918
2383 0.000564571
2230 1.48637e-05
191 2.45697e-05
141 3.83905e-05
242 9.262e-06
344 0.000343204
497 0.000322339
40 2.46996e-05
293 0.000205643
192 2.86903e-05
395 0.000314674
548 0.000690772
91 5.41084e-05
243 8.72994e-05
446 0.000622657
294 8.4905e-05
142 0.000163778
599 0.000391741
193 0.000158853
345 9.65083e-05
498 0.000927564
650 5.39385e-05
244 2.62004e-05
396 0.00015784
549 0.00016381
701 0.000157167
295 7.56201e-05
600 0.000452677
803 0.00023484
752 0.000414686
447 0.00109004
499 0.00108547
651 0.000112031
854 0.000213692
346 0.000152815
905 0.000677546
702 0.000151542
550 0.000412911
397 0.00028282
956 0.000128843
753 0.000104457
804 3.27826e-06
652 0.000109174
601 0.000367336
448 0.000148481
855 0.000469488
703 0.000533451
1007 0.000101823
1160 0.000429398
906 0.000726696
957 3.1325e-06
1304 0.0174746
754 1.43433e-05
1058 8.06595e-05
805 0.000207142
1211 5.31182e-05
1313 0.000170683
1109 3.72026e-05
856 0.000406818
699 6.36876e-05
1262 1.89166e-05
907 0.000468794
1008 4.77359e-05
1364 9.53311e-05
597 4.03803e-05
750 0.000492395
496 0.000287972
547 0.000308019
598 5.94398e-05
1466 0.000121206
649 0.000257138
1059 0.000153966
700 2.39974e-05
1517 0.000109192
1161 7.40709e-05
958 0.000211216
751 0.000616558
1568 1.20508e-05
1415 3.82806e-05
1110 0.000149219
1619 5.83907e-05
1467 6.82371e-05
1670 1.27414e-05
1009 4.40069e-05
1518 5.7898e-05
1721 4.31724e-05
1569 0.000130726
1772 4.39784e-05
1468 0.000274968
1620 0.000487047
1212 6.74559e-05
1519 0.000207788
1671 3.31476e-05
1263 1.56143e-05
1570 2.29157e-05
1722 3.89013e-06
1823 0.000175787
1773 1.97361e-05
1621 0.000408821
1874 7.24569e-07
1672 0.000192225
1925 5.43417e-05
1723 0.000912572
1824 5.34407e-05
1774 3.53742e-05
1875 0.000191872
1976 0.000169871
1926 3.34838e-05
2027 6.13402e-05
1825 9.03988e-06
2078 8.75355e-05
1876 6.23288e-07
1060 0.000134334
1314 0.00010709
1977 1.72448e-05
1927 5.90482e-06
2028 7.36676e-07
2129 8.18735e-05
1162 0.00024912
2079 4.42187e-05
2180 4.18629e-05
1978 6.44848e-06
2231 7.62034e-05
2029 0.000279301
2130 6.11567e-05
2080 2.40281e-05
1365 3.88352e-05
2181 6.30007e-05
2282 5.09941e-05
1416 4.40371e-05
2232 0.000223747
2333 8.44905e-05
2131 1.73128e-05
2384 0.000793043
2182 0.000391601
1213 5.48773e-05
1111 7.49133e-05
2283 0.000368492
2233 0.000401059
41 3.92925e-05
92 0.000169828
2334 7.3771e-05
143 8.34349e-05
42 7.14161e-05
2385 0.000173066
93 3.51202e-05
2284 3.58629e-05
1315 8.90729e-05
144 2.89693e-05
1264 2.84309e-06
194 8.15513e-05
347 0.000247788
1366 4.95266e-05
245 2.78465e-07
398 6.69686e-05
296 0.000262109
1417 8.4464e-06
2435 0.000280868
449 0.00058452
195 4.84004e-05
500 0.00017013
348 2.87816e-05
2486 0.000425508
2335 7.9711e-05
551 0.00027458
246 0.000107908
602 0.000823187
399 0.000254373
297 0.00026974
2537 0.000593525
501 0.00117298
450 0.000396336
196 0.000387311
552 0.00104291
349 9.58657e-05
247 0.000266956
2588 0.000900533
603 0.000226779
400 0.00101933
298 0.000439034
502 0.000563821
2386 9.18428e-05
2436 7.81938e-06
653 0.000163574
451 0.000962729
553 2.81595e-05
806 0.000537175
704 0.000140512
604 0.000843529
857 5.67054e-05
2487 0.000206124
1010 9.94741e-05
755 8.41422e-05
908 0.000206348
2538 0.00015695
1061 7.40634e-06
959 0.000188722
654 0.000149876
2589 0.000385206
1112 4.74651e-05
807 0.000341708
705 0.000111259
1011 0.000217346
858 0.000265129
756 5.68135e-05
655 0.000313297
909 0.000533713
2437 0.000199163
706 0.000418141
960 3.34717e-05
1062 0.000316662
757 3.91435e-05
808 0.000106223
2488 0.000140077
1113 0.000276355
1163 0.000117735
859 0.000303
1316 5.20656e-06
1012 3.46163e-05
2539 0.000126277
910 0.000157469
1063 0.000159539
1367 2.71904e-05
43 7.98763e-05
961 4.06485e-05
1114 5.08621e-05
1418 0.000152445
2590 5.68926e-05
1469 7.84197e-05
1622 0.000472515
1317 8.67457e-05
1520 4.13859e-05
1673 0.000165522
1368 2.62987e-05
1826 0.00093624
1571 5.29992e-05
1419 4.36893e-05
1724 0.000591952
1470 2.86186e-05
1877 0.000958263
1318 2.03529e-05
1775 0.00155385
1521 8.68966e-05
1369 7.75578e-05
1572 4.77058e-05
1623 0.00011355
1928 0.000510414
1471 3.93402e-05
1420 6.91419e-05
1674 0.000666399
1522 4.17656e-05
1725 0.000810403
1827 0.000186189
1979 0.000329833
1214 8.70253e-05
1573 3.72801e-05
1776 0.000335365
2030 0.000134796
1878 0.0011049
1624 0.000115032
2132 0.000139183
2081 0.000287864
1675 9.05427e-05
2183 0.000249779
1980 0.000705685
1929 0.000962202
2234 0.000210742
2031 0.000280585
1726 0.000558767
2133 2.49292e-05
1828 0.0020531
2082 9.3149e-05
1265 2.66887e-05
1777 0.00163025
2184 0.000386351
1981 0.00133841
1879 0.00100802
2285 0.000345313
2235 3.76394e-06
2032 0.00110167
2336 4.85294e-05
2083 5.12549e-05
2134 4.58094e-06
1930 0.00199392
2387 0.000253087
2438 0.000128915
2185 4.92693e-06
1164 2.05645e-05
2286 8.04574e-05
94 1.18846e-05
2489 0.000206989
2236 9.79034e-05
2337 0.000150771
2540 0.000261635
44 7.16737e-05
197 0.000112601
2388 0.000205419
2591 0.000380673
248 6.32396e-05
95 3.7468e-05
2439 2.4884e-05
2287 1.93296e-06
299 0.000488588
2490 0.000230683
198 3.64906e-05
2338 1.17263e-05
146 8.52724e-05
2541 0.000681068
1215 6.01471e-05
249 4.47743e-05
2389 4.10806e-05
2592 0.00124318
300 0.00013321
350 0.000488151
45 2.54288e-05
199 1.1174e-05
2440 4.78406e-05
401 0.000337675
96 6.70757e-05
2491 0.000121422
452 0.00105131
1266 3.70084e-05
250 2.84906e-05
2542 7.23545e-06
351 0.000318868
147 0.000163337
301 0.000174652
402 0.00165202
2593 0.000316266
503 0.00219448
453 0.000613272
656 7.05067e-05
46 1.5697e-05
554 0.000973865
352 0.000275204
707 3.89591e-05
97 8.10488e-05
605 0.000267299
1165 5.11394e-05
403 0.000631067
758 0.000274654
148 4.32255e-05
504 0.00217093
454 0.00177426
657 0.00125731
555 0.000468094
1013 6.02482e-05
606 0.000212414
809 0.000214584
708 0.000257514
1064 0.000154617
145 2.85497e-06
1216 5.67618e-05
1166 1.87508e-05
1267 2.81318e-05
1217 2.89765e-05
1319 0.000112745
1268 5.19818e-06
1370 4.45938e-05
860 5.72409e-05
1167 0.000116823
1421 5.57806e-05
1218 6.27553e-05
1320 3.34564e-05
1269 7.29572e-05
1371 1.77876e-05
1168 0.000101769
1422 0.00011174
1219 0.000103047
1321 1.70874e-05
1270 2.52156e-06
1372 9.40121e-05
1472 2.12244e-05
1423 9.18368e-05
1523 2.33704e-05
1625 0.000316168
1558 0.000632897
1574 2.34391e-05
505 0.00238903
1676 8.85171e-05
759 0.00017721
911 2.209e-05
1115 2.13785e-05
1473 1.15065e-05
1727 0.000121576
962 0.000139925
556 0.000320956
1014 0.000242616
1524 0.000190638
1778 3.15649e-06
1575 0.000227803
1626 8.27643e-06
1474 0.000154419
1677 4.22543e-05
1525 0.000141497
1728 7.55386e-05
1576 1.20944e-05
1829 5.65969e-05
1779 0.000311116
1880 9.86117e-05
1627 8.983e-05
1931 0.000151557
1678 0.000105698
1830 4.70746e-05
1729 4.58504e-05
1881 5.34174e-05
1780 0.000148144
1932 5.61865e-05
1982 5.98258e-06
1831 9.59393e-05
2033 6.81588e-05
2084 1.45622e-05
1882 9.44994e-05
1983 7.34751e-05
1933 6.72741e-06
2034 3.48079e-05
2135 8.37587e-05
2085 4.94621e-05
2186 5.59282e-05
1984 9.44377e-05
2237 4.52995e-06
2035 0.000200769
2136 2.66978e-05
2086 3.5591e-05
2187 5.02989e-05
2238 9.26345e-05
2288 4.67547e-05
2137 3.26824e-06
2339 5.74351e-05
2188 0.000191142
2390 0.000239926
2239 8.71238e-05
2289 0.000118473
2441 0.000288923
2340 3.1299e-05
2492 2.31531e-05
2391 0.000204024
2543 0.000248578
2290 0.000298044
2594 0.000412296
2341 3.80229e-05
2442 0.000107631
2392 0.000105665
2493 2.61096e-05
47 0.000139812
2544 0.000449043
98 2.06754e-07
2595 0.000455031
149 0.000109237
2443 2.7271e-05
48 0.000178382
2494 0.000119034
99 8.87876e-05
2545 0.000170122
150 9.78801e-05
2596 0.000753735
49 2.94484e-06
200 5.74053e-05
100 0.000114944
251 1.6503e-06
151 0.000111455
302 1.55508e-05
810 0.000204996
658 0.000769626
1065 0.000302862
861 0.0001126
607 0.00554673
709 0.000546148
1116 0.00013332
912 0.000103221
353 0.000318569
760 5.90701e-05
1015 0.000817093
963 0.000600516
404 0.000174516
811 0.000268421
1066 0.000173667
506 0.00181611
455 0.000974013
862 0.000114838
557 0.00345673
1117 3.21494e-05
913 6.02389e-05
354 0.000881859
608 0.00291939
964 0.00053637
659 0.00585956
405 0.000393977
507 0.00165401
812 0.00026267
710 0.000208316
863 0.000411774
456 0.00183751
558 0.000845779
914 0.000249889
761 0.000459575
965 0.000106101
355 0.000144399
609 0.00239873
813 0.000147606
50 3.24552e-05
660 0.00224438
864 0.000156919
508 0.000438789
915 1.72928e-05
406 0.00103408
711 0.00101401
201 1.6436e-05
559 0.00258228
966 1.55456e-05
252 2.90624e-05
457 0.00069862
762 0.00070695
610 0.00124647
661 0.00172409
814 0.000196696
356 0.000246131
509 3.1041e-05
865 0.000165593
712 0.00109709
916 7.07693e-05
407 0.000688912
560 0.000745449
967 0.000198522
763 0.000127488
458 0.00180507
815 2.76901e-05
611 1.54469e-05
662 0.00156772
866 5.08563e-05
1016 0.000407414
713 0.000392404
1169 1.63468e-05
917 7.76378e-05
1067 5.28246e-06
968 0.000200942
1220 4.32959e-05
764 0.000520623
101 0.000106423
1118 0.000174928
1322 0.000148945
1475 7.92546e-05
1017 7.06613e-05
1271 7.56932e-05
1373 0.000137437
1526 9.43849e-06
1577 4.40101e-05
1170 0.000295502
1068 0.000239705
1424 2.22279e-05
1476 5.14362e-05
1221 8.37101e-05
1119 0.000224565
1323 5.09773e-05
1527 2.13803e-05
1272 3.90029e-05
1018 0.000248642
1578 1.80234e-05
1374 7.11286e-05
1171 2.26439e-05
1477 5.7742e-06
1069 6.50077e-05
1528 2.46509e-05
1425 7.82544e-05
1120 0.000237896
1222 3.57246e-05
1579 3.50154e-05
1019 7.43186e-05
1324 8.97045e-05
1273 0.000141215
1478 9.57898e-05
1375 0.00020585
1172 6.94925e-05
1529 0.00022891
1070 2.3189e-05
1426 0.00014129
1223 0.000335631
1121 3.53721e-05
1580 6.64452e-06
1274 2.40474e-05
1325 4.01959e-05
1628 2.85089e-05
1832 4.23382e-05
1985 1.67226e-05
1679 0.000159319
1730 0.000161845
1376 1.09184e-05
2036 0.000177333
1883 9.50415e-07
1781 8.23387e-05
2087 0.000105688
1427 9.56703e-05
1629 4.26644e-05
1680 1.16788e-05
1934 1.99548e-05
1986 0.000217419
2138 1.88281e-05
1731 1.24264e-05
1833 6.86173e-05
2037 9.33907e-05
1782 4.95054e-05
2189 6.54538e-05
2088 1.63438e-05
1630 0.000161088
1884 3.03618e-05
2240 6.05632e-05
1681 2.21413e-05
1987 1.75182e-06
1935 1.5765e-06
1732 3.47421e-05
2139 0.000129336
1783 7.20005e-06
1834 2.68142e-05
2190 0.000132971
2038 8.98317e-05
1631 5.80507e-05
1885 7.84639e-06
1682 6.87917e-05
2241 5.23338e-05
2089 0.000161714
1733 3.7902e-05
1936 0.000125133
1784 1.72406e-05
1988 8.91834e-06
2140 8.39774e-06
1835 2.507e-05
2291 3.64648e-05
2342 2.92349e-05
2039 4.44369e-05
2191 7.77012e-05
1886 2.29804e-07
2393 1.11256e-05
2090 1.93918e-05
2292 5.21322e-05
2242 4.34818e-05
1937 9.71318e-05
152 2.24281e-05
2343 1.78604e-05
2444 9.88883e-05
2141 0.000126855
2394 4.30022e-05
2495 8.59704e-06
2192 9.31779e-05
2293 5.13508e-05
2546 0.00018928
2243 9.96515e-07
2344 4.00976e-05
2597 0.000367495
2395 2.09443e-05
303 0.000101054
2445 6.69516e-05
2294 3.02535e-05
2345 7.82311e-06
2496 7.24965e-06
2396 0.00011823
2547 0.00026861
202 4.0614e-05
2598 0.000399169
253 8.14162e-05
304 0.000115839
203 5.86412e-05
2446 1.10799e-05
254 1.1588e-05
305 0.000266949
2497 0.000123217
2548 1.1446e-05
2599 0.000394543
2447 0.000154443
2498 2.94454e-05
2549 0.000188948
2600 0.0014657
1355 0.000797514
1457 0.012212
1508 0.0153162
1559 5.94184e-05
1458 0.000289898
1509 4.58583e-06
1560 0.000118571
1406 0.000178982
1305 0.000426342
1356 0.00011977
1407 2.42302e-05
