0 0.000142217
15075 0.00012511
17487 0.00146317
10050 8.29101e-05
12462 0.00117028
2412 0.000169873
7437 0.000137836
5025 0.00011757
15276 5.36442e-05
201 0.000157282
10251 0.00018087
7638 0.00017944
17688 1.69277e-05
12663 0.000598073
5226 5.75483e-05
2613 0.000125706
15477 0.00026083
402 0.000194848
10452 0.000134319
7839 0.000246376
17889 0.000897169
12864 0.00072515
2814 0.000191689
5427 0.000112355
15678 0.000169277
603 0.000136867
10653 2.28882e-05
8040 0.000124007
18090 0.00194979
13065 0.000337601
3015 9.65893e-05
5628 0.000139505
15879 0.000749469
804 0.000388741
10854 0.000948906
8241 0.000219971
18291 0.000205636
13266 0.00165439
3216 3.31104e-05
5829 3.77893e-05
16080 0.00303149
1005 1.97291e-05
11055 0.00204057
8442 0.000172675
13467 0.000230193
18492 0.000337243
6030 8.68142e-05
3417 1.92821e-05
16281 0.00227189
1206 0.000142843
11256 0.00501788
8643 0.000168175
18693 0.000536919
13668 0.000787735
6231 0.000112683
3618 5.23627e-05
16482 0.00122702
11457 0.00198311
1407 0.000393808
8844 6.92606e-05
18894 0.000131965
13869 0.000175416
6432 0.000162661
3819 0.000153244
16683 0.00266147
11658 0.00163889
1608 3.22461e-05
9045 3.29316e-05
14070 0.000850737
19095 3.70741e-05
6633 5.23031e-05
4020 0.000111192
16884 0.00372922
11859 0.00193644
9246 4.17233e-06
1809 4.22895e-05
14271 0.000199318
19296 1.84774e-05
6834 0.000187099
4221 1.74642e-05
17085 0.00247908
12060 0.00349844
9447 4.84884e-05
2010 2.01762e-05
14472 0.000148773
19497 0.000611424
7035 9.14037e-05
17286 0.000284195
4422 0.000139326
12261 0.000307918
9648 0.000153661
2211 6.93798e-05
14673 0.000275612
19698 8.24928e-05
10051 0.000260353
4623 0.000190437
15076 0.000285208
9849 0.000107914
7236 1.37091e-06
1 0.000219703
14874 0.000135601
19899 0.000778198
10252 0.0003241
4824 0.000166506
15277 0.000440419
7438 6.44326e-05
5026 0.000132442
12463 0.000699401
202 6.58035e-05
17488 0.00124884
10453 0.000300467
2413 0.000291854
15478 0.00023973
7639 5.04255e-05
12664 0.000191808
403 0.000643104
5227 4.54187e-05
17689 0.00190639
10654 0.00400615
2614 0.000203758
15679 0.000201106
7840 4.83692e-05
12865 0.00024581
5428 9.34303e-05
604 0.000178367
17890 0.000680208
15880 0.00133097
10855 0.00184959
2815 0.000107259
8041 0.000160277
5629 8.9407e-08
13066 0.000230432
805 2.66135e-05
16081 0.000949264
18091 4.24385e-05
3016 8.58903e-05
8242 8.61287e-06
11056 0.00324547
5830 0.000418425
1006 0.000250518
13267 0.00157845
16282 9.19104e-05
18292 0.00123024
3217 7.33435e-05
8443 0.000169605
6031 0.000284761
11257 0.000950933
13468 0.00172645
1207 9.99868e-05
16483 0.00450468
18493 0.00155425
3418 5.06341e-05
8644 3.09646e-05
6232 6.80983e-05
11458 9.33409e-05
13669 0.000316501
1408 0.000276625
16684 0.000225544
18694 0.000985026
3619 0.000200808
8845 2.18749e-05
13870 0.00144941
11659 0.000787973
6433 0.000101298
3820 0.000123888
18895 0.000502825
1609 0.000130057
16885 0.00269687
9046 2.55406e-05
11860 1.96695e-05
14071 9.03606e-05
6634 1.5378e-05
4021 0.000389874
1810 0.000175536
19096 0.000446558
17086 0.00115883
9247 7.44164e-05
12061 0.00342894
14272 0.000144899
4222 4.8399e-05
6835 6.91414e-06
2011 4.89056e-05
19297 0.000229955
9448 6.55651e-07
17287 0.00070405
12262 0.00142646
14473 0.000276089
7036 0.000114471
4423 0.000145406
19498 0.000291228
9649 7.91848e-05
10052 0.000133872
15077 7.09891e-05
14674 2.08616e-06
2212 0.000164509
7237 0.000218362
4624 3.40641e-05
19699 0.000278831
15278 0.00029552
9850 5.13494e-05
10253 0.000753075
2 1.96099e-05
14875 9.48906e-05
5027 9.84371e-05
19900 0.000184774
4825 2.96831e-05
7439 5.37336e-05
15479 0.000552773
203 0.000483692
12464 0.000502706
10454 0.00190878
17489 0.00210142
2414 2.78354e-05
5228 0.000136107
7640 0.000164986
15680 0.000811219
404 0.000932634
10655 0.00415581
12665 0.00142717
17690 6.41346e-05
5429 0.000363261
2615 5.24521e-06
7841 9.1821e-05
15881 0.00139356
605 0.000431508
10856 0.000381768
12866 0.000327945
17891 0.00110602
2816 3.37064e-05
5630 4.80711e-05
16082 9.89437e-06
8042 1.50204e-05
806 0.000208497
11057 7.99894e-05
13067 0.000976086
18092 6.62804e-05
5831 0.000154287
3017 0.000128478
8243 8.28505e-06
1007 0.000111431
16283 2.15769e-05
11258 0.000570178
13268 0.000437021
18293 0.000445604
6032 0.000202835
3218 3.84152e-05
8444 0.000107378
1208 9.17315e-05
16484 0.000347257
11459 0.00194347
13469 0.000901282
18494 0.00336313
6233 3.16203e-05
3419 5.1409e-05
1409 1.66893e-05
8645 5.71012e-05
11660 0.00443316
16685 3.63588e-05
13670 0.000835478
18695 0.00209987
6434 0.000197709
3620 5.13792e-05
8846 0.000168025
1610 0.000169665
11861 0.00124896
16886 0.000980496
13871 0.0010047
18896 0.000291228
6635 1.10567e-05
3821 1.86265e-05
9047 0.000151604
1811 2.51234e-05
12062 0.00156856
17087 0.00201797
14072 0.000226915
19097 0.00109184
6836 2.89381e-05
4022 1.73748e-05
12263 0.00135851
9248 1.47521e-05
2012 0.000151575
19298 0.000766635
14273 0.000115335
17288 0.00209737
7037 5.98729e-05
4223 5.46873e-05
10053 0.0005624
9449 1.00434e-05
2213 8.88407e-05
14474 0.000382721
7238 1.74046e-05
19499 0.000236273
15078 0.000272572
4424 8.4132e-05
10254 0.00283468
9650 3.27826e-07
3 0.000309646
14675 0.00038892
5028 1.57654e-05
4625 1.35005e-05
19700 0.000706315
15279 0.000109911
10455 0.00377816
9851 0.000195384
204 0.000430852
14876 5.126e-05
5229 6.32107e-05
4826 4.79817e-06
19901 0.00130689
15480 9.43542e-05
7440 0.000112206
10656 0.00258082
405 1.96993e-05
12465 0.000664234
5430 5.88e-05
15681 0.000286818
17490 0.00126767
2415 2.12491e-05
7641 0.000141084
10857 0.00215387
606 0.000102788
12666 0.000268221
5631 8.04663e-07
15882 3.09944e-05
17691 0.00175118
7842 2.71201e-06
2616 5.27501e-06
807 0.000190467
11058 0.000599861
12867 0.00222027
5832 0.000262439
16083 0.00173533
17892 0.000389576
2817 5.86808e-05
8043 1.58548e-05
1008 7.63237e-05
6033 0.000120074
13068 0.00283992
16284 0.000629425
11259 0.00437248
18093 0.00113249
8244 0.000220537
3018 1.39773e-05
1209 3.44515e-05
6234 2.0206e-05
16485 0.00150907
13269 0.00140142
11460 0.000205636
18294 0.00157905
8445 1.70469e-05
3219 3.16501e-05
1410 2.71201e-05
6435 3.07262e-05
16686 0.00121796
11661 0.00131297
18495 0.000295639
13470 0.00109529
8646 0.00011763
3420 4.96209e-05
6636 0.000125676
1611 9.41753e-06
16887 0.000876904
18696 0.000609636
11862 0.000347733
13671 0.00119615
8847 0.000356019
3621 5.37336e-05
1812 3.70741e-05
6837 0.000154495
17088 0.00524664
18897 0.000182033
12063 0.00069952
13872 0.00145924
9048 0.000166535
3822 0.000153959
2013 8.19564e-06
7038 0.000175893
17289 0.000821352
19098 0.000303864
12264 0.000471354
9249 0.000197768
4023 6.69658e-05
14073 0.000588834
2214 1.43349e-05
7239 0.000117958
15079 0.000380814
19299 0.000739694
9450 9.12547e-05
10054 0.000321984
4224 0.000141978
14274 0.000161171
4 0.000359803
15280 0.000336826
5029 2.89083e-06
19500 0.000490189
9651 0.000247329
10255 0.00159574
4425 9.52482e-05
14475 0.000715435
205 7.77543e-05
19701 0.000636697
15481 0.00103915
5230 1.3262e-05
9852 0.000118077
10456 0.00189114
14676 0.000633061
4626 4.86076e-05
406 6.36876e-05
19902 0.00151479
5431 3.00109e-05
15682 0.000284076
7441 8.67248e-06
10657 0.00249869
4827 1.43051e-06
607 5.78165e-06
14877 4.8697e-05
17491 0.00460815
5632 1.41263e-05
15883 0.00166309
10858 0.000721216
7642 2.16663e-05
2416 7.88569e-05
808 3.73125e-05
12466 0.00196671
17692 0.00035882
5833 0.000127345
16084 0.000355005
7843 0.000199676
11059 0.00130093
2617 3.74019e-05
1009 7.25985e-05
12667 0.00389171
17893 0.00503469
6034 2.02656e-06
16285 0.000470161
8044 2.52128e-05
2818 7.33137e-06
1210 6.97374e-06
11260 0.00149965
12868 0.000850916
18094 0.00443482
6235 7.83801e-06
16486 0.00535142
8245 0.000231266
3019 5.20349e-05
11461 0.000485182
1411 9.89437e-06
13069 0.00189877
18295 0.0026567
6436 0.000133723
16687 0.00373411
8446 0.000344813
3220 2.04444e-05
11662 0.00165677
13270 0.000128746
1612 4.72665e-05
18496 0.00192094
6637 6.24657e-05
8647 0.000168413
16888 0.00321889
3421 0.000219077
11863 0.00026536
13471 0.000281692
1813 2.42293e-05
18697 0.000767231
6838 6.04987e-06
8848 3.66867e-05
17089 0.000402927
3622 0.000197977
12064 0.000313044
13672 0.0014919
2014 2.86996e-05
7039 1.45137e-05
18898 0.000286222
9049 4.67896e-05
17290 0.00139427
3823 3.77297e-05
12265 0.000828266
13873 0.000908673
2215 6.68168e-05
19099 0.000190854
7240 4.32432e-05
15080 0.000209272
9250 0.00022316
10055 0.000467837
4024 0.000232339
14074 0.000409007
5 0.000465989
19300 0.000299811
5030 4.30644e-05
15281 0.000870347
9451 0.00010705
10256 7.7486e-07
206 0.00022012
4225 6.55651e-05
14275 9.50694e-05
19501 0.000100136
5231 3.09944e-05
9652 0.000718147
15482 3.51667e-05
10457 0.000673234
407 0.000225633
14476 0.000193179
4426 0.000110358
5432 6.88434e-06
19702 2.51532e-05
9853 0.000507444
15683 0.00129557
10658 0.000711441
608 7.12574e-05
14677 0.000707567
5633 3.33786e-06
4627 9.61423e-05
15884 0.00184917
19903 0.00105357
7442 0.00017488
10859 0.00251341
809 0.000107914
14878 0.000520945
5834 2.03252e-05
4828 0.000138253
16085 0.00235856
17492 0.00208116
7643 0.000269532
1010 3.6478e-05
11060 0.00181651
12467 0.00412905
6035 3.39746e-06
2417 0.000113219
16286 0.000850797
17693 0.00765967
7844 0.000344127
1211 0.000104219
11261 0.000454664
12668 0.00193119
6236 2.15471e-05
2618 1.21891e-05
16487 0.00330675
8045 0.000128537
17894 0.00307918
1412 8.2165e-05
11462 0.000204086
12869 0.000781178
6437 7.98702e-05
2819 1.01626e-05
16688 2.38419e-05
8246 3.18587e-05
18095 0.00149608
11663 0.000688076
1613 2.43485e-05
13070 0.000488997
6638 8.25822e-05
3020 5.76377e-05
16889 0.000247717
8447 8.7291e-05
18296 0.0015645
1814 9.85265e-05
13271 0.00386298
6839 3.62098e-05
11864 0.000260472
3221 2.54214e-05
17090 0.00264931
8648 0.000118166
18497 0.00139117
2015 0.000120163
13472 8.15392e-05
7040 7.91252e-05
12065 1.10865e-05
17291 0.00123858
8849 1.75536e-05
3422 2.79248e-05
18698 0.00025773
2216 2.5779e-05
13673 0.000124097
7241 0.00011912
12266 0.00100768
15081 0.000330031
9050 0.000175774
18899 0.00121725
6 0.000295609
3623 3.29912e-05
13874 0.000227094
5031 5.14984e-05
10056 0.000163913
15282 0.000376344
9251 2.17557e-06
19100 0.000687599
207 5.42998e-05
14075 1.69277e-05
5232 3.72529e-05
3824 1.75834e-05
10257 0.00118321
9452 6.82473e-05
15483 0.00184214
19301 0.000297546
408 1.81794e-05
14276 0.000268281
5433 7.77841e-06
4025 4.47035e-05
10458 0.00137848
9653 0.00116685
19502 8.28505e-05
15684 0.00327504
609 3.59118e-05
14477 0.000214696
5634 2.70009e-05
4226 5.76973e-05
10659 0.00120199
19703 0.000975609
15885 0.00288153
9854 0.000897557
810 2.37226e-05
14678 5.08428e-05
5835 8.81553e-05
4427 0.000144243
10860 0.00039053
19904 0.000733852
16086 0.000929713
7443 3.11732e-05
14879 0.000575721
1011 1.71661e-05
6036 5.53429e-05
4628 6.6191e-05
11061 0.000963569
17493 0.00713205
16287 0.00313497
7644 0.000106126
12468 0.00210297
1212 4.75645e-05
6237 6.14822e-05
4829 1.92523e-05
11262 0.00100434
16488 0.0027113
17694 0.0018127
7845 2.12193e-05
6438 3.42429e-05
1413 9.197e-05
11463 0.000270486
2418 0.000208378
12669 0.00287163
16689 0.00634098
17895 0.000900984
8046 4.50015e-06
6639 0.000210732
1614 4.02331e-05
11664 0.000167012
12870 0.000984371
2619 4.96209e-05
16890 0.00421405
8247 1.60635e-05
18096 2.5034e-05
1815 5.25415e-05
6840 8.07643e-05
2820 2.5332e-06
13071 0.00307971
11865 0.000323176
8448 0.000123292
17091 0.00952744
18297 0.000649929
2016 4.91738e-06
7041 8.46386e-05
3021 1.82688e-05
13272 0.000190496
12066 0.00394952
8649 6.38366e-05
18498 0.0011065
17292 0.000863314
2217 3.35872e-05
7242 1.96099e-05
3222 2.40505e-05
13473 0.00119787
12267 0.00520122
18699 0.00171137
8850 0.000441223
15082 0.000187933
5032 0.00020504
7 1.85966e-05
3423 7.86483e-05
13674 4.44651e-05
10057 0.000651717
18900 0.00118136
15283 0.000558138
3624 1.57058e-05
9051 8.4132e-05
208 3.46601e-05
13875 0.000144601
5233 0.000301659
10258 0.00179112
19101 7.86781e-05
15484 0.00229037
3825 4.17233e-06
9252 0.000222176
14076 0.00018692
5434 3.05474e-05
409 9.35793e-06
10459 0.000432014
19302 0.000247717
15685 0.000442266
4026 4.05014e-05
9453 0.00128958
610 6.9499e-05
14277 0.000259221
5635 0.000254542
15886 0.00188088
10660 0.000613332
19503 0.000414014
4227 4.54187e-05
9654 0.00023824
811 3.50773e-05
14478 2.03848e-05
5836 0.000183314
16087 0.00242782
10861 0.00134981
4428 6.74725e-05
19704 3.86238e-05
9855 0.000301898
1012 3.69549e-06
14679 0.000593901
6037 2.55704e-05
16288 0.000997186
11062 0.00106883
4629 4.9144e-05
19905 0.0030601
1213 5.60284e-06
7444 0.000131607
14880 0.000570476
16489 0.00100589
6238 1.66297e-05
11263 0.000984311
4830 0.000185251
17494 6.8903e-05
7645 4.58956e-06
1414 4.24087e-05
16690 0.00453997
12469 0.00183082
6439 0.000216544
11464 0.00419807
2419 1.19805e-05
17695 0.0030818
7846 1.37389e-05
1615 2.15471e-05
12670 0.0014478
16891 0.00515485
6640 4.72367e-05
11665 0.00216758
2620 1.23978e-05
17896 0.00248361
8047 4.45247e-05
1816 0.00012213
12871 0.000129819
17092 0.00111818
6841 6.42836e-05
11866 0.00384355
2821 6.96778e-05
18097 0.00129151
2017 1.64509e-05
8248 0.000102192
13072 0.000543535
7042 5.74887e-05
17293 0.00104856
12067 0.006477
3022 9.74536e-06
18298 2.00272e-05
2218 0.000151247
8449 0.000119388
13273 0.000325501
7243 3.01898e-05
15083 0.00106758
12268 0.00189865
3223 4.67002e-05
18499 0.00347018
8 3.54946e-05
8650 0.000309616
13474 0.000130534
15284 0.000108719
5033 9.54568e-05
3424 5.66244e-05
18700 0.000812769
10058 0.000402272
209 2.45273e-05
8851 0.000107884
13675 0.000282228
15485 0.000920653
5234 1.75536e-05
3625 3.21269e-05
18901 0.00200713
10259 0.000882089
410 3.90112e-05
9052 0.000638247
13876 0.000381172
15686 0
5435 0.00014028
3826 3.49283e-05
19102 4.99487e-05
10460 0.00205183
611 5.21243e-05
9253 0.0007976
14077 1.37091e-06
15887 0.0013181
5636 0.000121951
4027 4.09186e-05
19303 0.000417233
10661 0.000828087
9454 0.000114679
812 3.97861e-05
14278 8.41022e-05
16088 0.00125897
5837 0.000175864
4228 1.16527e-05
19504 0.000259638
10862 0.00385988
9655 4.50909e-05
14479 0.000194013
1013 2.63155e-05
16289 0.00446033
6038 0.000109822
4429 2.98023e-07
19705 0.000755548
11063 0.00262463
9856 0.000353217
14680 0.000697434
1214 3.33786e-06
6239 5.0962e-05
16490 0.000819445
4630 9.45926e-05
19906 0.00227261
7445 2.8044e-05
14881 2.52128e-05
1415 5.66244e-06
6440 1.41561e-05
11264 0.00440919
16691 0.00219464
4831 0.000176817
17495 0.000367165
7646 6.47306e-05
1616 2.99215e-05
12470 0.00175428
6641 5.02169e-05
11465 0.00648081
16892 0.00465131
2420 3.47495e-05
17696 0.00095892
7847 3.72827e-05
12671 0.00205129
1817 4.32432e-05
6842 4.27365e-05
11666 0.00147426
17093 0.00121331
2621 6.94394e-06
17897 0.00064826
8048 0.000219345
2018 4.17233e-05
12872 0.000351489
7043 2.44975e-05
11867 0.000206709
17294 0.000971556
2822 4.25279e-05
18098 0.000342846
8249 0.000129938
2219 9.20892e-06
13073 0.000325024
7244 6.74725e-05
12068 0.00100511
15084 0.00311005
3023 2.84612e-05
18299 0.00171828
9 6.83367e-05
8450 0.000191599
5034 7.98702e-06
13274 0.000471592
12269 0.00813901
3224 5.05745e-05
15285 0.00110173
18500 0.000620604
210 4.72069e-05
8651 0.000303954
5235 7.33137e-05
10059 0.000173509
13475 0.000114858
15486 0.00100291
3425 0.000152022
18701 0.00132418
411 1.508e-05
8852 9.20892e-05
5436 4.62234e-05
10260 0.000602841
13676 2.99811e-05
15687 0.000132442
3626 5.1409e-05
18902 0.00137317
612 6.79493e-05
9053 4.03523e-05
5637 4.47035e-06
10461 0.00042063
13877 8.35061e-05
15888 0.00133336
3827 2.01166e-05
813 1.00434e-05
19103 0.00154984
9254 0.000213265
5838 6.13034e-05
10662 0.00252599
16089 0.000365257
4028 6.22869e-06
14078 3.21269e-05
1014 2.25008e-05
19304 0.00106132
6039 3.62396e-05
9455 0.0007855
10863 0.000674367
16290 0.00131583
4229 6.28829e-05
14279 0.000104308
1215 8.88109e-06
19505 0.000251293
9656 0.000533462
11064 0.00166523
6240 8.7291e-05
16491 0.00276947
4430 4.44055e-05
14480 0.00032407
1416 1.67191e-05
19706 0.000715971
11265 0.000385702
9857 0.000171721
6441 3.89218e-05
16692 0.00287247
4631 3.45707e-05
1617 2.65241e-05
14681 0.00107402
19907 0.00082922
7446 9.98676e-05
11466 0.0002051
6642 2.94745e-05
16893 0.000554085
4832 3.09646e-05
1818 2.43485e-05
17496 0.00129271
7647 0.000205815
14882 0.000135958
6843 6.05583e-05
11667 0.000381649
17094 0.00144625
2421 5.72205e-06
2019 4.73857e-06
7848 0.000118315
17697 0.0013864
12471 0.00026089
7044 8.55327e-06
2622 8.04663e-06
11868 0.000896454
17295 0.00161433
2220 3.29614e-05
8049 3.60608e-06
17898 0.0017767
12672 7.31945e-05
7245 2.40207e-05
2823 4.32134e-05
15085 0.0032686
12069 0.000550508
10 4.02331e-06
8250 0.000132859
18099 0.000901937
12873 0.000292838
5035 6.67572e-06
3024 3.19481e-05
15286 0.000721693
12270 0.000926912
211 1.68085e-05
8451 1.2219e-06
13074 0.000171483
18300 0.000851631
5236 4.09484e-05
3225 4.82202e-05
15487 0.00530052
10060 0.000647366
412 9.97782e-05
8652 0.000724345
5437 1.40071e-06
15688 0.000476956
10261 0.000615358
18501 0.000752211
3426 8.07643e-06
13275 1.5378e-05
613 0.000216901
8853 0.000251293
10462 0.000439286
18702 0.000739574
5638 3.58224e-05
3627 3.0905e-05
814 4.21703e-05
13476 2.36034e-05
15889 0.000658512
9054 0.000393182
10663 9.70364e-05
18903 0.000456095
5839 2.01166e-05
3828 5.55515e-05
1015 0.000118643
13677 6.60419e-05
16090 0.00432861
9255 0.000327885
10864 0.00294626
6040 0.000104696
19104 0.000609159
4029 3.91603e-05
1216 2.89977e-05
13878 0.000576675
16291 4.05312e-06
9456 0.000212431
11065 0.0017755
6241 4.60148e-05
4230 6.49095e-05
1417 7.59065e-05
19305 0.00184894
14079 0.000233531
16492 7.77245e-05
9657 0.000293493
11266 0.000216484
6442 6.55651e-06
4431 1.01924e-05
19506 0.000990629
14280 0.000227392
1618 5.6535e-05
9858 0.000571907
6643 1.51098e-05
16693 0.00354338
4632 1.53184e-05
11467 0.00281429
19707 0.000513792
14481 0.000311553
1819 4.75943e-05
7447 2.85506e-05
6844 8.29101e-05
16894 0.00330091
4833 2.14279e-05
11668 0.000699818
19908 0.000551701
2020 5.65052e-05
14682 0.000379026
7648 0.000530183
7045 2.79248e-05
17095 3.71933e-05
2422 2.62856e-05
17497 0.000834942
11869 0.000277221
2221 5.8949e-05
14883 6.39558e-05
7849 0.000594616
2623 1.56462e-05
17296 0.00148201
17698 0.00474787
11 0.000129014
7246 3.03686e-05
12070 7.13468e-05
8050 0.000600636
12472 0.000272155
2824 2.70009e-05
15086 0.0029484
17899 0.00195122
212 0.000101924
5036 4.67002e-05
12271 0.000638604
8251 0.000331372
12673 0.000109494
3025 4.97699e-05
15287 9.85861e-05
413 6.23763e-05
18100 7.86781e-06
5237 7.77841e-05
10061 4.05312e-06
8452 0.000161618
3226 1.54972e-06
15488 0.000406623
12874 0.000552118
614 0.00010255
18301 0.00328636
5438 1.87159e-05
10262 0.000144303
8653 0.000261962
3427 0.000192344
15689 0.000262141
13075 0.000235438
18502 0.000230551
815 3.39746e-06
5639 6.58631e-06
10463 0.00113034
8854 0.000426292
3628 3.60012e-05
15890 0.00315678
13276 0.000128806
10664 0.000362754
1016 4.77731e-05
18703 0.00222754
9055 0.000166565
5840 2.95639e-05
3829 9.79304e-05
16091 0.00258601
13477 0.000200748
10865 0.000485599
1217 2.8789e-05
9256 1.19209e-05
18904 0.00170159
4030 7.58767e-05
6041 0.000128865
13678 0.000251353
16292 0.0028317
11066 0.00063324
1418 5.74291e-05
9457 3.34382e-05
19105 0.000264883
4231 3.016e-05
6242 1.29938e-05
16493 0.000558853
13879 0.000769138
11267 0.000425696
1619 8.16584e-05
9658 0.000115931
19306 0.000270605
4432 2.28882e-05
6443 2.86102e-05
16694 0.000937223
1820 0.000117064
14080 0.000439048
9859 0.000446737
11468 6.41346e-05
19507 0.00197649
4633 3.25441e-05
6644 6.25551e-05
16895 0.000901937
14281 0.000839651
2021 5.62668e-05
19708 0.00259423
11669 6.19888e-05
4834 3.88622e-05
6845 0.000107735
7448 0.000391185
17096 0.00128078
14482 0.00201184
2423 2.64049e-05
17297 0.000515938
2222 1.31428e-05
7046 7.33733e-05
11870 0.000464737
7649 4.17233e-07
19909 0.000934482
14683 0.00164187
2624 2.15173e-05
20100 0.000755906
22713 0.00571489
7247 6.88434e-06
7850 9.73046e-05
12071 4.63128e-05
17498 0.00041461
14884 0.000223637
2825 2.22027e-05
20301 0.000662565
25125 0.00481892
8051 6.52671e-05
12272 0.000364423
22914 0.0016737
12473 1.26362e-05
17699 0.00172353
3026 4.8399e-05
20502 0.001122
8252 5.62072e-05
25326 0.00191689
23115 0.000806332
27738 0.0134363
12674 2.68817e-05
17900 0.00122666
3227 3.17395e-05
20703 0.0030086
8453 0.000373691
25527 0.00772858
27939 0.000526905
23316 0.003932
12875 1.78814e-07
18101 0.00525427
3428 2.28882e-05
20904 0.000116825
25728 0.00531864
23517 0.00067997
8654 0.000204176
28140 0.00943947
18302 0.00176311
13076 9.26852e-05
3629 3.82066e-05
21105 0.00158238
25929 0.00378227
8855 0.000556976
28341 0.0103536
18503 2.93255e-05
13277 2.09212e-05
23718 0.000825882
3830 0.000100493
21306 0.00256371
26130 0.0048399
9056 0.000155866
28542 0.00259638
18704 0.00124335
13478 1.48416e-05
21507 0.000938654
4031 0.00012055
23919 0.000391483
26331 0.00673866
9257 0.00014329
28743 0.00564623
18905 0.00107837
13679 0.000431776
21708 0.00123096
24120 0.00184441
26532 0.0085125
4232 6.47008e-05
9458 0.000361383
28944 0.000879288
19106 0.00222111
13880 0.000481963
21909 0.00158525
26733 0.0102196
9659 0.000207901
4433 5.57303e-06
29145 0.0039072
24321 0.0065136
19307 0.000767708
14081 0.000120878
22110 0.000829697
26934 0.00335884
9860 0.000300765
4634 1.90139e-05
29346 0.00241327
24522 0.00350094
19508 0.00224483
14282 0.000222445
27135 0.0234728
22311 0.01015
30150 0.0011692
4835 4.51803e-05
29547 0.00082159
24723 0.00672436
14483 0.000344038
27336 0.00426102
19709 0.000384808
30351 0.0012207
22512 0.0175996
29748 0.00627565
32763 0.000738621
24924 0.0010252
14684 0.000752687
27537 0.00608206
19910 0.00343668
30552 0.0015111
20101 0.000160813
29949 0.00244427
32964 3.33786e-05
22714 0.00475931
14885 0.000293374
25126 0.00439453
35175 0.00139189
30753 0.000913143
20302 0.000109434
27739 0.00895786
33165 0.00159359
22915 0.00448275
37788 0.00691223
25327 0.00111866
35376 0.00167131
20503 8.60691e-05
30954 0.00443983
27940 0.00504351
33366 0.00405979
37989 0.00444889
23116 0.00241375
25528 0.000839233
35577 0.00570631
20704 2.52724e-05
31155 0.00780773
38190 0.00905561
28141 0.00684214
23317 0.00682402
33567 0.00184202
25729 0.00893211
35778 0.00107765
20905 0.00165343
31356 0.00929594
38391 0.0164886
25930 0.00186348
28342 0.00315905
23518 0.00386667
33768 0.00143957
35979 0.00289464
21106 0.000425577
31557 0.00230646
26131 0.00338173
38592 0.000148773
28543 0.00663614
23719 0.00105095
33969 0.00169706
36180 0.000183105
21307 0.00157356
31758 0.0062542
26332 0.00782394
38793 0.000341415
23920 0.00253296
28744 0.00176382
36381 0.00160289
34170 0.001544
21508 0.000524044
31959 0.00151014
26533 0.0297756
38994 0.00772476
28945 0.00393391
24121 0.00157642
36582 0.0010252
21709 0.00109291
32160 0.00199318
34371 0.000266552
26734 0.000110626
39195 0.00172138
29146 0.00997353
36783 0.00383615
24322 0.00382233
21910 0.00292063
32361 0.00165796
34572 0.00155497
39396 0.0016222
26935 0.0168486
29347 0.00193787
36984 0.00187898
24523 0.00469589
22111 0.00180054
32562 0.000623226
39597 0.00315857
34773 6.86646e-05
29548 0.00816965
27136 0.012723
37185 0.00269389
24724 0.00652695
22312 0.00407982
30151 0.00378799
34974 0.000401497
39798 0.00853157
29749 0.00136614
27337 0.00357342
37386 0.000995636
24925 0.00624466
22513 0.00224304
30352 0.00424242
39999 0.00553608
32764 0.0112991
29950 0.00775719
27538 0.00290775
20102 0.00176907
22715 0.00489664
37587 0.013422
30553 0.00165081
32965 0.00372458
40200 0.000742912
25127 0.00886726
35176 0.00235701
27740 0.00188875
20303 0.00165379
30754 0.000708103
22916 0.00194693
33166 0.00182438
37789 0.00589848
25328 0.00480461
35377 0.00134945
27941 0.000255585
20504 0.00123453
23117 0.0136137
33367 0.000775337
30955 0.00010252
37990 0.00356627
25529 0.0044241
35578 0.00107384
28142 0.00558043
20705 0.00205135
23318 0.0101442
33568 0.00305653
31156 0.0022893
38191 0.00646973
35779 0.00356221
25730 0.000498772
28343 0.00519276
20906 0.00332022
23519 0.00359821
33769 0.000974178
31357 0.000514507
38392 0.00375891
35980 0.00155878
25931 0.00138283
28544 0.00126624
21107 0.00368476
23720 0.000131607
33970 0.00228786
38593 0.0120726
31558 0.000964642
36181 0.000860453
26132 0.006073
28745 0.00642729
21308 0.00346446
34171 0.004004
23921 0.00458765
38794 0.00258636
36382 0.00103927
31759 0.00325871
26333 0.0205603
21509 0.000283241
28946 0.000254631
34372 0.00154448
24122 0.00138092
38995 4.3869e-05
31960 0.000245571
29147 0.00152349
21710 0.000618458
26534 0.00693989
36583 0.000940561
34573 0.00345087
24323 0.0021143
39196 0.0012989
32161 0.00172424
29348 0.0029068
21911 0.00238156
36784 0.0013051
34774 0.00549412
26735 8.7738e-05
24524 0.00621223
39397 0.005476
32362 0.000553131
29549 0.00456333
22112 0.00140572
36985 0.00036478
24725 0.00042057
39598 0.00224304
26936 0.00464153
34975 0.007164
32563 0.00346327
29750 0.000687122
22313 0.00749493
37186 0.00194263
24926 0.00434303
39799 0.00646305
27137 0.00512886
32765 0.000445843
30152 0.00589514
29951 0.0108428
22514 0.00509691
37387 0.012424
22716 0.00192881
40000 0.00952721
27338 0.00895834
32966 7.82013e-05
27741 0.00973463
30353 0.00269938
20103 0.000386238
22917 0.00808191
37588 0.00552416
40201 0.0014801
27539 0.00347281
33167 0.00642586
27942 0.0114732
30554 0.00548124
20304 0.000711918
23118 0.00487804
35177 0.000724792
37790 0.0102758
25128 0.00746822
28143 0.00238228
33368 0.00116539
30755 0.00588417
20505 0.000724316
23319 0.00453997
35378 0.000914097
37991 0.00385904
25329 0.00263691
28344 0.00146031
33569 0.00324869
30956 0.00578976
20706 0.000665903
23520 0.00110817
38192 0.00172615
25530 0.00214481
35579 0.00828528
28545 0.00262737
33770 0.00288963
31157 0.004951
20907 0.000945091
23721 0.00525951
38393 0.00526619
25731 0.00378609
28746 2.36034e-05
31358 0.00281
35780 0.000505209
33971 0.0120201
23922 0.00193739
21108 0.0012486
38594 0.00779772
25932 0.00439835
28947 0.000114441
31559 0.00394392
34172 0.00539255
35981 0.000274658
38795 0.0154104
24123 0.0031538
21309 0.00467491
26133 0.00590134
29148 0.00197959
31760 0.00174952
36182 9.84669e-05
38996 0.00383282
34373 0.00589561
24324 0.000882149
21510 0.00159931
29349 0.000172138
31961 0.0092783
26334 0.00431919
36383 0.000504017
24525 0.000857353
21711 0.00141597
39197 0.000918388
34574 0.0011363
29550 0.00257635
26535 0.00186825
32162 0.000977993
36584 0.00189137
24726 0.000276566
21912 0.00212026
39398 0.00640106
34775 0.00293827
26736 0.00379753
32363 0.00365734
36785 0.00116587
29751 0.00540113
22113 0.0052228
39599 0.000136375
24927 0.00287724
34976 0.00160217
32564 0.0198731
26937 0.00541115
29952 0.0019393
36986 0.00125456
22314 0.00520706
22717 0.00329161
39800 0.00350285
32766 0.00010252
30153 0.00540733
27138 0.0139532
27742 0.0025568
37187 0.000802279
22515 0.00625181
22918 0.00161362
40001 0.00165176
32967 0.00393009
30354 0.00545406
27339 0.00927067
27943 0.00935459
20104 0.00215292
37388 0.00239134
23119 0.000801563
40202 0.00322819
33168 0.00513983
30555 0.00339842
27540 0.00110292
28144 0.000579357
20305 0.00414062
37589 0.00332022
33369 0.00587368
23320 0.00519085
30756 5.91278e-05
37791 0.00806904
28345 0.00333095
25129 0.0104523
20506 0.00178885
35178 0.00412703
23521 0.00543165
37992 9.10759e-05
33570 0.00455046
30957 0.00330305
25330 0.00447559
28546 0.000294924
20707 0.000101328
35379 0.00267029
23722 0.00442696
38193 0.00898075
33771 0.00647354
31158 0.00155878
25531 0.0132847
28747 0.00241423
35580 0.000696659
20908 0.000190258
23923 0.00146723
38394 0.00457764
33972 0.00125885
31359 0.00677013
25732 0.000642776
28948 0.00242043
35781 0.00429153
21109 0.000328302
24124 0.00284052
38595 0.0106254
31560 0.0070405
34173 0.00180912
29149 0.000615597
35982 0.00188208
24325 0.00395966
25933 0.00853348
21310 0.00382447
38796 0.0114794
34374 0.0116467
31761 0.00921726
29350 0.00348401
24526 0.00136089
36183 0.000661612
21511 0.00262833
38997 0.0101233
26134 0.0130119
34575 0.0102286
31962 0.0028019
29551 0.000417233
24727 0.00120449
36384 0.00193262
21712 0.00270867
34776 8.82149e-05
26335 0.00286865
32163 0.00553846
39198 0.00229454
29752 0.00938225
24928 6.77109e-05
36585 0.00137711
21913 0.00386786
34977 0.00556469
26536 0.00272274
32364 0.00350285
39399 0.00125504
22718 0.00179529
36786 0.00188518
29953 0.0103955
22114 0.00410509
32767 0.00295639
26737 0.00202847
32565 0.0179067
39600 0.00146198
22919 0.00493813
36987 0.000991344
22315 0.000134468
27743 0.00199747
32968 5.34058e-05
26938 0.0185061
30154 0.00106096
39801 0.0120859
23120 0.00657368
37188 0.00421286
22516 0.00321245
27944 0.0120599
33169 0.00283098
27139 0.0122581
30355 0.00035429
23321 0.00145245
37389 0.00586367
20105 0.000346422
40002 0.00433254
28145 0.00091362
33370 0.00141525
27340 0.00775909
30556 0.00743151
23522 0.00240707
37590 0.000153065
20306 0.000283241
40203 0.00112629
28346 0.00031662
33571 0.00554466
27541 0.00188971
30757 0.000634193
35179 0.00435376
23723 0.00323725
20507 0.00189281
37792 0.000932217
28547 4.86374e-05
33772 0.0103712
25130 0.0107002
30958 7.58171e-05
23924 0.000501156
35380 0.000778198
20708 0.00188994
33973 0.0152049
25331 0.00465393
37993 0.0115452
28748 0.00355887
31159 0.0158248
24125 0.000946522
20909 0.00110674
35581 0.00386047
25532 0.00719166
34174 0.00537395
38194 0.000999451
28949 0.000672102
24326 0.00395823
31360 0.00309515
35782 0.000533104
21110 0.0035255
25733 0.00362396
38395 0.0093689
34375 0.00561285
29150 0.00280595
31561 0.0150948
24527 0.00337601
35983 0.00179386
21311 0.000851631
25934 0.00836182
38596 0.00200462
34576 0.00558996
29351 0.00080514
31762 0.00211573
36184 0.00218773
24728 0.00324917
21512 0.0054369
26135 0.0027771
38797 0.00198555
29552 0.00188637
34777 0.0148764
36385 0.000952005
31963 0.00974941
24929 0.0110092
21713 0.00570011
26336 0.0105715
38998 0.0108695
29753 0.00286126
34978 0.00816464
36586 2.31266e-05
22719 0.000193119
21914 0.00120497
32164 0.00181103
26537 0.0193043
39199 0.000628471
29954 0.00193429
32768 0.000879765
36787 0.00250435
22920 0.000676155
32365 0.0118594
26738 0.0071907
22115 0.00567055
39400 0.00660992
27744 0.00679588
32969 0.00641155
36988 0.00147176
32566 0.00838327
26939 0.012229
23121 0.00252151
22316 0.00263786
39601 0.00870991
27945 0.000347376
33170 0.0016768
37189 0.00209093
30155 0.00525856
27140 0.0206842
23322 0.000104904
39802 0.0057373
22517 0.00225592
28146 0.00470519
33371 0.00767517
30356 0.00153208
37390 0.00490141
27341 0.00721073
23523 0.00504684
40003 0.0112247
20106 0.000932455
28347 0.00327659
33572 0.00170612
30557 0.00540352
37591 0.000315666
27542 0.00745535
40204 0.00297451
23724 0.00463057
28548 0.00633073
20307 0.00028944
33773 0.00375891
30758 0.0117021
35180 0.00327969
25131 0.00259018
37793 0.00839281
23925 0.000640392
20508 0.00251174
33974 0.00628948
30959 0.00890589
35381 0.00385594
28749 0.00212717
25332 0.00582027
37994 0.00423145
24126 0.0014019
20709 0.00143623
34175 0.00222421
28950 0.00377512
31160 0.00980091
38195 0.00477743
35582 0.00386143
24327 0.000550747
25533 0.00504398
20910 0.00433683
34376 0.000591993
29151 8.79765e-05
31361 0.00792599
38396 0.0101843
24528 0.000124931
25734 0.00131893
21111 0.00262904
35783 0.00103712
34577 0.0113199
29352 0.00227237
31562 0.00828314
38597 0.000631809
25935 0.000424385
24729 0.0127268
35984 0.000188589
21312 0.00319958
34778 0.00479007
29553 0.00268054
31763 0.00775862
38798 0.00763702
26136 0.000944138
24930 0.00722122
36185 0.00112462
34979 0.00140595
21513 0.00377703
29754 0.00069809
31964 0.0223918
38999 0.00330305
26337 6.38962e-05
22720 0.0010314
36386 0.000539064
32769 0.00243998
29955 0.00535297
32165 0.00140882
21714 0.00407147
26538 0.00445271
22921 0.00613308
39200 0.00174713
32970 0.0048511
36587 0.00101352
32366 0.00742316
27745 0.000522614
21915 0.00075984
26739 0.0322275
23122 0.00146294
39401 0.00630474
33171 0.0049696
32567 0.0037179
36788 0.00298095
27946 0.00618982
22116 0.00353193
26940 0.0029726
23323 0.00153923
39602 0.000267029
33372 0.00125432
30156 0.00851464
36989 0.00336289
28147 0.0030551
27141 0.00127029
22317 0.00537348
39803 0.00324726
23524 0.00366402
33573 0.002671
30357 0.00472689
37190 0.00207543
28348 3.71933e-05
22518 0.00166368
27342 0.0115328
23725 0.0042305
33774 0.0018847
40004 0.00214672
30558 0.00532055
28549 0.00189948
37391 0.00226879
27543 0.010354
20107 0.00061059
23926 0.000764847
40205 0.00430489
33975 0.00500679
30759 0.0021894
37592 0.00114107
28750 0.0037303
25132 0.002141
20308 0.00137091
24127 0.00371981
30960 0.00547791
37794 0.0103722
35181 0.00380754
28951 0.00110602
34176 0.00419426
25333 0.00163078
20509 0.000430822
24328 0.000960827
31161 0.00403261
37995 0.00438976
35382 0.00181675
29152 0.0051136
20710 3.8147e-05
25534 0.00576305
24529 0.0010252
34377 0.00312328
38196 0.00172663
31362 0.00762582
35583 0.000412464
29353 0.00237823
20911 0.00032568
25735 0.0115347
34578 0.00426412
24730 0.000881195
38397 0.0023613
31563 0.000444651
35784 0.00315094
29554 0.00885916
25936 0.00467205
34779 0.00609279
38598 0.004282
21112 0.00464988
24931 0.000237465
35985 0.000609159
31764 0.00427532
29755 0.0017066
26137 0.000927925
34980 0.00170922
38799 0.00102854
21313 0.00541091
36186 0.000640869
31965 0.000768661
29956 0.00163126
22721 0.00537252
26338 0.0020504
39000 0.00630903
32770 0.00100493
21514 0.00449967
36387 0.000743151
32166 0.0045011
27746 0.0099411
22922 0.00608063
26539 0.00139713
32971 0.00231576
39201 0.00249529
21715 0.002666
32367 0.00533414
36588 0.00171709
27947 0.00537348
23123 0.00596476
26740 0.00254822
33172 0.00202155
32568 0.00479746
21916 0.00147986
36789 0.00617003
39402 0.00133038
28148 0.000141144
26941 0.00565195
23324 0.00500917
33373 0.000903368
30157 0.00275445
22117 0.00172377
36990 0.000437737
28349 0.000212669
39603 0.000785828
27142 0.0170379
23525 7.53403e-05
33574 0.000704765
22318 0.00351477
30358 0.00139904
37191 0.00298595
28550 0.00108171
27343 0.00889349
23726 0.00163555
39804 0.000189304
33775 0.0012989
37392 0.0017724
22519 0.000370026
30559 0.000942469
28751 0.000575066
23927 0.00042963
33976 0.00325918
40005 0.00510979
27544 0.00567389
28952 0.00541806
37593 0.000314236
30760 0.00424457
20108 0.000228167
24128 0.00321054
34177 0.00107384
40206 0.00187778
25133 0.00298786
29153 0.000119448
35182 0.00178933
30961 0.00116611
20309 0.00153852
24329 0.00221586
34378 7.34329e-05
35383 0.0012238
25334 0.000127792
29354 0.000222683
31162 0.00230956
20510 0.00190639
37795 0.00150251
24530 0.00100613
34579 0.00424075
35584 0.00120926
29555 0.00340438
25535 0.00115013
31363 0.001122
20711 0.00447249
24731 0.000529289
37996 0.00271559
34780 0.00351954
35785 0.000585318
25736 0.00286674
29756 0.000590801
31564 0.0110648
20912 2.93255e-05
24932 0.00103998
34981 0.00390625
35986 0.000425339
38197 0.00341225
25937 0.00272083
29957 0.000752687
31765 0.00288486
21113 0.0051477
32771 4.673e-05
22722 0.0072937
38398 0.00067997
36187 0.000854969
31966 0.00277042
27747 0.0107813
26138 0.00438404
21314 0.00249314
22923 0.00516367
32972 0.00128245
38599 0.00273752
36388 0.00130486
32167 0.0071969
27948 0.00624681
26339 0.00660038
21515 0.00362086
23124 0.00159693
33173 0.000754118
38800 0.00134373
32368 0.00159335
28149 0.00417328
36589 0.00244522
23325 0.00257349
21716 0.000623226
26540 0.0128031
33374 0.00241613
