306 7.55335e-05
1122 1.35843e-05
969 0.000927115
459 0.000134818
153 0.000131133
612 0.00105423
0 8.75453e-05
765 0.00162792
51 0.000145468
510 7.08739e-05
1020 0.00161492
663 0.00167596
1173 0.000591747
357 9.92399e-05
816 0.000698945
204 7.93017e-05
102 3.92287e-05
1071 0.00181049
561 0.000113291
714 0.000434681
408 0.000109286
1224 0.000739982
867 4.82928e-05
255 8.21187e-05
1 0.000166468
970 0.00131012
613 0.000218694
307 8.64244e-05
460 1.59377e-05
1123 0.00314002
918 0.000212862
154 8.72973e-05
52 5.87916e-05
1021 0.00303695
664 0.000720756
358 5.07813e-05
511 8.35864e-05
1174 0.000127498
766 0.00153163
205 1.60381e-05
103 8.47504e-06
1072 0.00306921
715 0.000278093
1225 0.000153562
409 1.97007e-05
562 0.000405622
817 0.000605579
256 0.000127336
2 2.21513e-05
971 0.00023018
1124 0.002552
308 4.05465e-05
461 0.000256431
614 0.00140814
868 0.000227318
155 7.88225e-06
53 2.21212e-05
1022 0.000784537
1175 0.000598375
359 7.40208e-05
512 0.000135062
665 9.06019e-05
919 0.00032079
206 0.000108272
104 4.79985e-05
1073 0.00245913
1226 0.00058504
410 7.69738e-06
563 0.000401986
716 0.000460918
767 0.000964139
257 2.24584e-05
1275 0.000105008
1428 0.0107668
1581 0.00290073
1785 0.00016769
1938 0.0033631
2091 0.00281062
818 0.00021813
2244 0.00169495
1326 0.000378115
1632 0.001794
1479 0.00415333
1836 0.00736346
2142 0.00192358
1989 0.00185408
869 8.59811e-05
2295 7.40215e-05
1377 0.00140897
1683 0.00680973
1530 0.00529076
1887 0.00169381
2193 0.00379899
2040 0.00364533
2346 0.00537858
920 0.00112468
1276 0.00124266
1734 0.0116466
1429 0.000292845
1786 0.00333528
1939 0.00297893
2092 0.0023154
2245 0.00114701
2397 0.00306942
1327 0.00456703
1480 0.00247995
1582 0.00141697
1837 0.00152103
1990 0.00371467
2143 0.00646432
2296 0.00014885
2448 0.00514986
1378 0.000689402
1531 0.000306137
1888 0.000826541
1633 0.00856091
2041 0.00923588
2194 0.00308707
2499 0.00535299
2347 0.00275653
1277 0.00247195
1787 0.00075984
1430 0.00478892
1940 0.000908591
2246 6.15716e-05
1481 0.00211675
2550 0.00224346
1684 0.0103293
2093 0.000178043
1328 0.00154593
1838 0.000454925
2297 0.00226006
1991 0.000855573
1532 0.00126711
2398 0.00389339
1735 0.00306182
2144 0.0013556
1379 0.00349199
1889 0.0015787
2348 0.00561372
2042 0.000526076
3 4.06988e-07
2449 0.00150284
1583 0.00352841
2195 0.000304429
156 3.8492e-05
309 0.000113714
462 5.45827e-05
54 2.45078e-05
615 0.000204146
2500 0.00439434
1634 0.0046028
768 1.48825e-05
207 1.12299e-05
360 9.84967e-06
513 3.67179e-05
105 8.41944e-05
666 9.20109e-05
2551 0.00134365
1685 0.0115219
819 0.00026702
258 4.02706e-05
411 0.000144755
564 8.75988e-05
4 0.000106706
717 6.40843e-05
2399 0.00271046
870 2.8694e-06
1736 0.00276837
157 0.000102152
310 0.000126602
55 3.63544e-05
616 1.39805e-05
2450 0.000700206
921 0.00211979
463 6.03818e-05
972 0.000561191
106 9.63919e-08
208 8.99488e-05
361 0.000140958
667 0.000115005
2501 0.00365642
769 0.000517743
514 3.48077e-05
1023 0.000983547
5 2.00393e-05
259 1.14895e-05
412 7.92074e-05
718 4.69722e-05
2552 0.0016568
820 0.000247595
565 5.23427e-05
1074 2.46167e-05
158 5.51315e-05
56 6.38836e-05
311 0.000311707
617 1.39573e-05
1125 0.00213944
871 0.00227815
464 3.16063e-05
973 0.00112136
107 2.27685e-05
209 1.81345e-05
668 0.000235538
362 0.000228682
1176 0.00267863
922 0.000566788
515 0.000101993
1024 8.47299e-05
1278 9.17539e-05
260 0.000180277
719 0.000286517
413 0.000102508
1227 0.000290219
770 0.000543
566 0.000290533
1075 0.000278285
1329 0.0021356
1431 0.000497837
1584 0.000540137
1788 0.00106963
1126 0.000463303
821 0.000574151
1941 0.00369844
974 0.000797272
1380 0.00501935
1482 0.000344869
1635 0.00228086
1839 0.00117462
1177 0.000467515
872 0.000511239
1992 0.00367717
1279 0.000353102
1025 0.000662625
1533 0.0018438
1686 0.0135475
1890 0.00384959
1228 8.37147e-05
923 0.000522049
2043 0.000258788
1330 0.00254686
1076 0.000211203
1432 0.00121851
1737 0.00393748
1789 0.00111485
1127 0.000219826
2094 0.000991773
1942 0.00264287
2247 5.42626e-05
1585 0.00185846
1381 0.00388416
2145 0.00167362
2298 0.000146871
1483 0.000369675
1636 0.00471324
1993 0.000608072
1840 0.000543408
2196 0.000675868
2349 0.000464037
1687 0.00736751
2044 0.00172627
2095 0.00443834
1738 0.00455025
2248 0.00200082
2146 0.003675
1943 0.0176374
1586 0.000150658
1534 1.15335e-05
2299 0.000723578
2197 0.00351949
1994 0.00500631
1637 0.00199749
2350 0.000184491
1178 0.00496523
2096 0.0144136
2045 0.00861292
1688 0.0104045
2249 9.04091e-05
2147 0.00157011
2400 0.00139932
2300 0.000859922
2198 0.00293044
1739 8.71532e-06
2351 0.000276987
2451 2.59839e-05
1891 0.00612311
6 2.34344e-05
159 1.30995e-05
312 0.000285578
2502 0.00112009
57 2.53231e-05
210 0.000110124
363 0.000153952
2553 0.00280171
1433 0.000123847
108 1.49545e-05
2401 0.00186982
414 0.000220863
261 0.000450739
7 2.20009e-05
58 4.9822e-05
2452 0.00065209
313 3.63681e-06
160 0.000281059
2503 0.000636891
364 8.83713e-05
109 3.27867e-05
211 0.000136619
415 0.000145627
8 0.000170745
2554 0.00303915
1790 0.00166709
1484 0.000535604
262 0.000366793
2402 0.000355691
161 0.000502034
314 0.000289076
59 0.000175789
2453 8.38451e-05
212 0.000176793
365 6.50515e-05
110 1.17049e-05
2504 0.000650972
263 2.71983e-05
416 5.6556e-05
2555 0.00283578
1841 0.00299348
465 2.92268e-05
618 7.27009e-05
771 0.000561852
975 0.00100871
669 5.02705e-05
516 7.63778e-05
1535 0.000649702
822 4.6432e-05
1026 0.000123788
567 6.89183e-05
720 0.000164524
873 0.000324795
466 0.000167732
924 0.000235198
1077 3.03816e-05
619 0.00176612
517 6.50212e-05
772 0.000347792
976 5.9532e-05
670 0.00110784
568 0.000338173
823 4.05703e-05
1027 0.000386473
721 0.000175601
467 0.000283302
874 0.000151297
1078 3.1393e-05
620 0.000521821
1892 0.0114156
518 0.000466081
925 0.000385677
671 0.000300698
569 0.000485492
773 3.67872e-05
722 6.78115e-05
824 0.000437184
1434 0.000312291
1587 0.000366334
875 0.00023681
1485 0.000289526
1280 0.00988237
1536 0.000786945
1638 0.00180265
1435 0.00019072
1486 2.29552e-05
926 0.00361002
1689 0.00527907
1537 0.000319596
977 0.00123469
1128 0.00480195
1740 0.000339113
1588 0.00211274
1639 0.000936687
1690 6.3248e-05
1331 0.00116175
1741 0.00230623
1436 0.0178615
1589 0.000308964
1791 0.00265223
1281 5.4216e-05
1842 0.0656568
1893 0.0456267
1792 0.0621739
1843 0.532444
1894 0.084234
1793 0.255748
1844 1.15773
1229 0.00474424
1895 0.213922
1944 0.443391
1995 0.149211
2046 0.0947815
1945 0.845208
1996 1.55469
2047 1.11172
1946 1.37388
1997 0.685393
1382 0.000856169
2048 0.81353
2097 0.0612975
2148 0.0323092
2250 0.00588213
2199 0.00129685
2098 0.649518
2301 0.0023735
2149 0.1918
2200 0.00357443
2352 0.00183707
2099 0.720849
2150 0.180241
2201 0.0637911
2403 0.00108881
2454 7.27288e-05
2505 0.000162762
2556 0.00175349
2404 0.00234577
2455 0.00126494
2506 0.000445008
2557 0.000837805
2405 0.000405475
2456 0.000661343
2507 6.83106e-05
2558 0.00150975
9 6.60294e-05
60 0.000232675
111 1.68122e-05
10 0.000416478
61 0.000216016
112 0.00025422
11 0.00016808
62 5.82142e-05
113 0.000499018
162 0.000180221
213 5.93578e-06
264 0.00016326
163 0.000115973
214 1.14646e-05
265 4.6608e-06
164 0.000134903
215 5.11296e-07
266 8.47387e-05
315 0.000300149
366 0.000362817
1179 0.00251899
417 2.60733e-05
316 7.02683e-06
367 0.000194542
418 0.00178042
317 0.000292907
368 0.0064306
419 0.000419684
468 0.0011181
519 0.00509622
2251 0.00470712
2302 0.00138918
2353 0.000248615
2252 0.0240671
2303 0.00423787
2354 0.00042744
1640 0.000808202
774 0.00383556
1691 0.00234985
1028 0.00618635
1742 0.0283008
1487 0.00183469
621 0.000790741
978 0.00218344
570 0.00298608
825 0.00173803
469 6.36438e-05
520 0.000548188
672 0.000476461
1079 0.00191248
876 0.00367096
1332 0.00264889
723 2.67196e-05
1538 0.00101241
571 0.00872272
1230 0.000334968
1029 0.000171646
1131 9.01581e-05
622 0.00286675
927 0.00347991
1284 0.00141476
1383 0.0164714
470 0.000894193
521 0.000149362
1129 0.00148798
1282 0.00149349
1080 0.000344991
775 0.00331627
1180 0.000739597
1182 0.000548266
572 0.00543632
673 5.12972e-05
1335 8.96212e-06
1333 0.0042352
979 6.18738e-05
1231 0.00110446
826 0.0021607
1233 0.00292126
1437 4.46113e-05
1386 0.000253329
724 0.00484044
1384 0.000347845
877 0.000135937
1283 0.000822313
1130 0.00214751
623 0.000951422
1132 8.09832e-06
1030 0.000251114
1488 9.6688e-05
1285 0.000706831
674 0.00703204
1334 0.00103835
725 0.000876084
928 1.95536e-05
1181 0.000380399
1183 2.32644e-05
1336 0.00011484
1081 5.03869e-05
1590 0.000467043
1539 0.00186002
1385 0.000576053
1232 0.00267775
776 0.00348628
1641 0.0011013
1234 0.000444952
1387 0.000152727
980 2.22661e-05
1794 1.24294
1845 1.74304
1896 0.86638
1795 0.395717
1846 0.803932
1897 0.684246
1796 0.162232
1947 0.99774
1438 0.000217442
1998 0.00535011
2049 0.245312
1948 0.458049
1999 0.28817
2050 0.659045
1847 0.773716
1898 0.364874
1949 0.0381708
2100 0.595229
2000 0.123454
2151 0.970699
2051 0.336758
2202 0.032
2101 0.28918
2152 0.527423
2253 0.00123625
2304 0.00770177
2203 0.326536
2355 0.000445567
2254 0.0195458
2305 0.00662794
2356 0.000234298
2255 0.0106812
2102 1.04979
2306 0.0105818
2153 1.06547
2357 0.00172466
2204 0.0859287
2406 0.000537798
12 8.7365e-05
2457 0.00361329
2508 0.00197417
2559 8.73227e-05
2407 0.00148443
2458 0.000681892
2509 0.00130234
2560 0.000473499
2408 0.00136026
2459 0.00175547
2510 0.000631453
2561 0.000163879
165 0.000450516
216 0.000362686
267 0.000118283
63 2.35005e-05
114 0.000223055
13 0.000425371
1692 0.0563112
64 2.30223e-05
115 0.000141691
14 0.000269844
65 0.000856703
116 2.16155e-05
318 0.00151169
369 0.00020151
420 0.00337802
319 0.000106629
370 0.00183238
166 0.000208245
421 0.00151338
217 0.000455648
268 0.00238507
320 0.00168298
167 0.00092731
371 0.00228557
422 0.00582843
218 0.00173504
471 0.000906318
269 0.00165104
1286 0.00011026
827 0.000396115
522 0.0029157
1743 0.274754
624 0.000784114
1133 5.53671e-06
1591 0.000122627
1031 8.08621e-05
1489 6.38971e-05
573 0.0035018
675 0.00665095
878 9.54377e-05
726 0.0056917
1337 0.000162216
1184 1.87722e-05
472 0.00692663
523 0.00662637
1540 6.29444e-05
1642 0.000230191
574 0.0055788
1082 5.33103e-05
625 0.000675712
929 9.78373e-05
1388 9.39099e-06
1235 4.94281e-05
473 0.00725089
524 0.0194363
1693 0.000432233
1439 3.05101e-06
676 0.0235125
575 0.000639997
777 0.00254613
727 0.000927076
1744 0.29213
981 1.00993e-05
1134 5.31366e-05
1287 0.000278856
1440 0.000169721
1490 3.49581e-05
1592 0.0002949
828 0.000696266
1032 8.12123e-05
626 0.000812169
1185 2.22567e-05
1491 3.44943e-05
1338 9.03374e-05
1541 2.15042e-06
1643 6.4075e-07
879 0.00378096
677 0.00120029
1083 0.000176966
1236 5.38249e-05
1389 7.33156e-05
1542 2.49399e-05
1593 0.000870246
930 0.000627978
1694 0.00210487
728 0.000617918
982 0.00293276
1135 1.32807e-05
1441 0.000633532
1288 3.6221e-05
1745 0.00107356
1644 0.000448407
778 0.000132158
1033 0.000452455
1797 0.957185
1950 1.00695
2001 0.342375
2052 0.159696
1951 0.687211
1492 0.000524184
2002 1.09763
2053 0.244039
1339 0.000317114
1952 0.0625379
2003 0.00256553
2054 0.00479398
2103 1.06832
2154 0.755628
1186 0.000138415
2205 0.00591159
2104 0.11389
2155 0.072752
2206 0.010505
2105 0.011334
2156 0.0127752
2207 0.00243731
2256 0.00768933
2307 0.000544362
2358 0.0084166
2257 0.00502305
2308 0.00440333
2359 0.00215387
2258 0.00185722
1695 0.0010222
2309 0.00271148
829 0.00288026
2360 0.000615112
2409 0.00204563
2460 0.00148878
2511 0.000610696
2562 0.001047
2410 0.00295474
2461 2.70531e-05
2512 0.000450464
2563 0.000690743
2411 0.000614893
2462 0.00100379
2513 9.14037e-05
2564 0.000158135
15 0.000436915
66 0.000125952
117 0.000395634
16 0.00121813
67 7.09454e-05
118 0.00069019
17 0.000560558
68 0.000769801
119 0.00032419
18 0.000789052
69 0.000541117
120 0.000635505
168 0.000602901
219 0.00345727
1848 0.338331
270 0.000767009
1899 1.80783
169 0.000910712
220 0.000442255
271 0.000441995
170 0.000321656
1084 2.66014e-05
221 0.000779279
272 0.000510678
171 0.00011538
222 0.000979682
273 0.000857718
321 0.0025438
372 0.00560258
423 0.00532961
322 0.000604823
373 0.000919048
424 0.00200002
323 0.000910373
374 0.00435585
425 0.00898488
324 0.000676673
375 0.000801612
426 0.000523753
474 0.00312312
525 0.00149174
1746 0.00314681
1798 0.00104326
576 0.960172
1237 0.000234487
475 0.00596162
526 0.00688401
577 0.145498
476 0.00282571
527 0.0241004
578 0.0690994
477 2.84873e-05
528 0.0119255
579 0.016691
1390 0.000935785
1543 0.0062891
627 2.33348
983 0.000430364
880 0.00575919
1849 0.244488
1900 1.40193
1136 0.000823768
1594 0.00101578
1799 0.000621593
678 0.0016895
1289 9.40664e-05
1442 0.00862385
931 0.00494757
1034 0.00105454
1850 0.0177924
1645 0.000172772
1187 0.00107597
729 4.92465e-05
1340 0.000779584
1901 0.0014883
1493 0.000982407
780 0.000616789
779 0.000117512
1085 0.0038595
1696 0.0043192
628 1.29713
1238 0.000603365
1391 0.00702231
679 0.000104583
1544 0.0010551
831 0.000202676
830 0.000163637
984 0.000289656
1747 0.0013736
1137 7.42748e-05
882 0.000611015
1290 0.00113495
730 0.00024459
881 0.000150945
1443 7.61487e-05
1035 0.000122555
1595 8.72575e-05
1188 0.000182729
629 0.0322023
933 0.000465257
1341 0.000108548
1494 0.000217482
932 0.000666957
680 0.000512152
1646 0.000830919
1086 0.000115648
1239 0.000226613
781 0.000696905
1596 0.000603829
1545 0.000332423
1392 7.07954e-05
731 5.12619e-05
985 0.000363119
1697 0.00091425
1138 0.000201706
832 5.93364e-05
1647 0.000139151
630 2.441e-06
1444 1.63913e-06
1036 7.5791e-05
1748 0.000167195
1291 0.000159681
1189 9.23127e-06
681 0.000862937
883 2.8979e-05
1698 0.00202327
1800 0.00032361
1495 0.000255838
1087 0.00016053
1342 0.000127736
1240 0.000172526
1749 0.00171767
732 0.000836641
934 0.000180125
1851 0.00119265
986 0.000279739
1546 0.000170499
1393 0.000126988
1953 0.000294045
2004 0.00711127
2055 0.00142873
1902 0.00296251
1954 0.0010503
1139 0.000232264
2005 0.000807782
2056 0.00135604
1955 8.64612e-05
2006 0.000212692
1801 0.000299694
782 0.000617538
1597 0.000334967
2057 0.00213523
1037 0.000190329
1445 3.69996e-05
1956 3.45176e-05
2007 0.000130862
1292 0.000441395
2058 0.00257641
1852 0.000701939
1190 0.000112798
1648 0.000806268
833 0.000119347
1088 0.000358304
2106 0.00425929
1496 0.000238176
2157 8.35517e-05
1903 0.000603746
1802 0.000859692
1699 0.00150547
884 0.000218723
1343 0.000135563
1241 0.000200011
2208 0.00395402
987 0.000304006
1547 0.000210606
1853 0.00215424
1750 0.00115843
935 0.000172324
1394 5.87627e-05
2107 0.00456462
1038 8.73283e-05
1904 0.00389501
1446 0.000127733
1140 3.14675e-05
1803 5.66635e-05
2158 0.00270529
1598 0.000154063
783 0.000549927
1293 0.00011877
1089 0.000527412
1497 1.26362e-05
1191 0.000188995
1854 0.000162783
2209 0.00439515
1649 0.000203226
1344 0.000214268
834 0.000298392
2259 0.00156888
1905 0.00192386
1548 9.4261e-05
1242 8.96677e-05
2108 0.0087557
2412 0.00145517
2310 2.28607e-05
1700 0.000807002
1395 0.000207409
885 0.000114523
2463 0.000828899
19 0.000189228
70 8.97441e-05
121 0.000453813
20 0.000200467
71 0.000255562
122 1.18613e-05
21 2.22754e-05
72 0.000596296
123 0.0018182
172 0.000209004
223 0.000515571
325 0.000680801
376 0.000575822
274 0.000323916
2514 0.000110712
2565 0.00027336
173 0.00146158
224 0.000278931
2413 0.0243496
275 1.91052e-05
174 0.000512704
225 0.000525977
276 0.000152584
478 0.000913733
529 0.000351097
580 0.000311499
479 0.000152124
2159 0.00134259
530 0.000373865
581 0.000609485
480 0.000353951
2464 0.000281956
531 0.000431182
2515 1.51973e-05
2566 8.6993e-05
2414 0.000675417
2465 0.000295114
582 0.000213956
2516 0.00173755
2567 6.42091e-05
2415 0.00715651
2466 0.00648138
2517 0.000683717
2568 0.000536386
427 0.00255586
326 0.000842053
377 0.000661031
631 0.00123436
428 0.00128844
327 0.000193218
378 0.000486406
429 0.0003257
1751 0.00189354
784 0.000406291
2361 0.00564076
988 5.67231e-05
2210 0.00190091
1141 0.000223704
936 0.000130743
682 0.000381721
2260 0.00447931
1599 0.000383943
1039 0.000534112
835 0.000244826
2109 0.00372818
1192 2.77571e-05
2311 0.0254037
1294 0.000363979
733 7.43661e-05
1650 0.000720043
1090 2.79769e-05
886 0.000381485
2362 0.0138082
2160 0.0089346
1243 0.000173822
632 0.000611234
1345 0.00018983
1701 6.30766e-05
2261 0.00217325
989 0.000606127
937 0.000841545
2211 0.027127
683 0.000964403
2312 0.0315319
2363 1.38618e-05
2262 0.000329015
2313 0.00077349
2364 0.000429688
1142 6.27004e-05
1600 3.85158e-05
1447 5.50747e-05
1752 0.00208171
1396 0.000255592
785 0.000238206
1040 0.000233613
734 0.00057186
1193 0.000213556
1651 3.02829e-05
1804 0.00138466
1498 0.000357542
1295 0.000263482
836 2.56784e-05
1091 0.000187732
633 0.000354217
1855 0.000295402
1702 0.000823004
1244 0.000456855
1549 0.000219911
684 0.000161599
887 0.000179432
1346 2.50712e-05
1906 0.00307317
990 0.000203211
1753 0.000695817
1805 0.00121048
1143 1.39587e-05
1448 0.00020311
938 0.000304664
735 0.000561414
1397 8.69222e-05
1041 0.000246875
1601 0.000794232
1856 0.000955781
1957 0.00820732
1194 0.000424396
786 0.00125853
2008 0.000702761
1499 7.72625e-05
1907 0.00023974
1296 0.000445697
1092 0.00018882
1652 0.000490628
2059 0.00672441
1806 0.000921733
1245 0.000175364
837 6.34138e-05
1550 0.000567481
1703 0.00124048
2110 0.0074322
1347 8.5175e-05
1857 0.00209137
1958 0.000333746
2263 4.62448e-05
2314 0.000725101
2365 0.000868216
2264 6.28829e-06
2315 0.000113915
2366 2.97092e-06
2265 9.80524e-05
2316 0.000696165
2367 0.0011361
2416 0.001067
2467 0.000305314
2518 0.00508906
2569 0.00111696
2417 0.0048819
2468 0.00310118
2519 0.00404362
2570 0.000169205
2418 0.00566553
2469 0.00198967
2520 0.000517434
2571 0.000506364
22 0.000426738
73 0.00134134
124 0.00392945
23 0.000982527
74 0.00159667
125 0.000310155
888 0.000539729
24 0.000815309
75 0.00180249
126 0.000244642
175 0.000154694
226 0.000429856
277 0.000114098
176 1.43163e-05
227 8.43625e-05
278 7.21556e-05
177 0.000185367
228 0.00116808
279 0.000304277
2161 0.000599831
328 0.000641312
379 0.000259131
430 0.000850273
329 0.000332239
380 5.27184e-05
431 0.000516171
1754 0.000529187
330 2.41073e-05
381 0.000527729
432 0.000771678
481 0.000239512
532 0.00053858
583 0.00102819
482 0.000350472
533 0.00123596
584 0.000809519
1449 8.92691e-05
483 0.000804408
534 0.000765521
585 2.15843e-05
1908 0.0019535
634 0.000321865
1398 1.02855e-05
2009 0.00879189
2212 0.000462504
939 0.000127168
685 0.000689022
2111 0.000991665
1602 0.000296455
787 0.000279138
1500 0.000493743
2060 0.000886258
991 0.000197761
2162 0.026363
2213 7.45319e-05
1144 9.07145e-05
736 0.000223666
2112 0.000273917
1653 0.000277143
838 0.000305273
1551 0.000170823
1959 0.00235676
1042 0.000378333
2163 5.81387e-05
2214 2.88067e-05
635 0.000576504
1297 0.000483368
1195 0.000498459
686 0.000127975
889 0.000301287
1704 0.000582676
2010 0.00410379
1450 2.02842e-05
1093 4.59403e-05
1348 5.48139e-05
1246 0.000308484
737 0.000699036
940 0.000539273
1755 0.000640949
2061 0.000662092
1501 0.000105042
992 0.0004705
636 0.000770479
687 0.00306218
788 0.000125498
1399 0.000409231
1145 3.60198e-05
1603 0.000465397
1807 0.00157431
738 0.00052616
1552 0.000399668
1043 0.00110542
839 0.000198223
1196 2.81297e-05
1858 0.00315857
1298 0.000441723
1654 0.000140782
1960 5.34058e-05
1451 0.000450276
1094 0.000332981
890 0.000209577
1909 0.00188058
1247 0.00032321
1705 9.43802e-05
1349 4.56274e-05
2011 0.00298282
993 0.00108147
1502 0.000516701
941 0.000450708
1808 0.00438166
1756 0.000873692
1146 0.000698503
1400 0.000630509
2062 0.0279897
1044 0.000864852
1553 0.000496738
1859 0.00168823
789 0.000456717
1604 0.00017602
1197 0.000235043
1299 0.000877947
1961 0.0108893
1095 8.81776e-06
840 0.00116717
1910 0.000681147
1452 0.000292316
1655 0.000601195
1248 0.000998501
1350 0.000884406
2012 0.00218219
2113 0.000107
2164 0.000126533
2215 7.09575e-06
2114 1.27377e-05
2165 0.000416097
2216 9.29041e-05
2115 0.000728504
2166 0.000209982
2217 0.000125077
2266 0.000429055
2317 0.000104894
2368 0.0012295
2267 9.73754e-05
2318 0.000760825
2369 0.000633147
2268 0.000250556
2319 7.86097e-05
2370 0.000396247
2419 0.000596736
2470 0.000576
2521 0.000160735
2572 0.000313388
2420 0.0012577
2471 0.000983743
2522 0.00105578
2573 0.00110154
2421 0.0013045
2472 0.000927309
2523 0.00173749
891 0.000969969
2574 0.000149004
25 0.000274058
76 8.97096e-05
127 0.000343862
26 0.0001682
1706 0.000685539
77 0.000340753
1809 0.0069341
128 0.000638335
27 0.000288004
78 0.000363864
129 4.51552e-05
178 0.000410286
229 5.81206e-05
280 6.28605e-05
179 9.3936e-05
1503 0.000708975
230 3.97461e-05
281 0.000100725
180 0.000169255
231 0.000220276
282 0.000442727
331 0.000118597
382 0.000271382
433 0.000348505
332 0.000105442
383 0.000175476
434 0.000107173
333 0.000299115
384 0.000229926
435 7.97594e-05
484 0.000594665
535 0.000356428
586 0.000209766
485 7.37272e-05
536 0.000280896
587 0.000808315
2063 0.0281214
486 0.000417307
537 6.38776e-05
588 0.000297116
637 7.86111e-05
688 0.000886647
739 0.00619345
790 0.00135842
1962 0.0118686
1401 0.000338037
638 7.93096e-05
689 0.000535877
740 0.000981091
639 8.28318e-05
690 0.000848152
741 0.000243323
942 0.000509515
1757 1.74567e-05
1860 0.00124194
994 8.70451e-05
2013 0.0213762
1554 0.000851747
841 0.00135585
2064 0.00128919
1911 0.00272831
1147 0.000866596
1300 0.00167104
1453 0.00173801
1605 0.000580728
1045 0.000436045
1606 0.00079339
892 0.000629459
1810 0.00386024
1198 0.0003828
1656 0.000514619
1351 0.001194
1504 0.000195093
1096 7.3798e-06
1861 4.56274e-05
1657 0.000203688
943 0.00101175
1912 0.0180983
1811 4.10033e-05
1862 0.000133633
1913 5.12712e-05
1812 3.61595e-05
1863 0.000120251
1914 0.000382019
1963 0.00401501
2014 4.72646e-06
2065 0.000129636
1964 0.000424244
2015 9.25306e-05
2066 0.000159476
1965 0.000452893
2016 0.000268559
2067 2.54251e-06
2116 2.2436e-05
2167 0.000191922
2218 0.000151495
2117 0.000463318
2168 0.000289472
2219 0.000203958
2118 0.000151493
2169 8.65613e-05
2220 0.000213289
2269 0.000518854
2320 0.000277232
2371 3.13106e-05
1249 0.000718221
2270 3.06023e-05
2321 0.000199557
2372 0.000430575
2271 0.000298772
2322 0.000350653
2373 0.000391533
2422 0.0008671
2473 0.00129151
2524 0.000219077
2575 1.28355e-05
2423 0.000657434
1707 0.00161644
2474 0.00013767
2525 2.32942e-05
2576 0.000183016
2424 8.70326e-05
2475 0.000704074
2526 0.0015846
2577 0.000442187
28 1.12592e-05
79 7.94302e-05
130 3.16631e-05
29 1.71217e-05
1555 0.000572376
80 0.000144811
131 9.43313e-06
30 1.65419e-05
81 4.36353e-05
1402 9.08226e-05
132 0.000237062
181 5.18211e-05
232 0.000102949
283 0.000112386
182 0.000186941
995 0.00300054
1708 0.000522979
233 0.000202931
284 0.0002288
183 0.000106499
234 0.000203334
285 0.000269589
334 3.67556e-05
385 0.000638297
436 0.00014801
335 8.44756e-06
386 0.000115165
437 0.000214003
336 0.000239781
387 5.63348e-05
438 0.00012119
487 0.000158736
538 0.000573972
791 8.41096e-05
589 0.000189116
488 0.000194563
539 0.000385722
590 0.000253909
489 0.000315057
540 0.000366881
591 0.000155449
640 0.000539895
691 0.000100546
742 0.000812767
641 0.000181926
692 0.000215547
743 0.000861764
642 5.17257e-05
693 0.000210063
744 0.000584119
793 3.43993e-05
844 0.00152124
895 0.000297545
946 0.025766
794 0.000792012
845 0.000191936
1758 0.00181888
896 0.000447083
947 0.000100341
795 0.000366587
846 0.000552609
897 0.00019246
948 0.000162236
1454 0.000442997
1046 0.00112652
1148 0.000818036
842 0.001486
997 0.00242629
1301 0.00088501
1759 0.00656269
1150 0.00116172
1048 0.000867777
893 0.000731315
1199 0.00138162
1607 0.000613701
1097 0.00082903
1352 0.000320137
1505 0.000593331
1099 0.000230849
1201 0.00305885
944 0.00474229
1250 5.39124e-05
1658 0.00316307
996 0.000487879
1556 0.00201245
1403 0.00122776
998 0.000528263
1049 0.000585427
792 0.000602357
843 0.000217022
1100 0.000209469
894 5.34542e-05
1252 0.00065434
1709 0.0015023
1149 0.00228163
1047 0.0007658
999 0.0001952
1455 0.00267487
1050 0.000412775
1101 0.000201642
1302 0.00422005
1303 0.00113995
945 0.000467509
1760 0.000397105
1151 0.00958207
1200 0.00232799
1608 0.00317705
1098 0.00025551
1353 0.00217814
1506 0.00198653
1202 0.00356469
1354 0.000165492
1456 0.00146642
1253 0.0278923
1609 0.0334104
1659 0.0313448
1251 0.000722867
1660 0.0016999
1711 0.00042301
1762 0.000207196
1610 0.000231575
1661 0.000749711
1712 0.000215073
1763 0.00102026
1611 0.000461136
1662 0.000256537
1713 4.18429e-05
1764 0.00048668
1813 1.63326e-05
1864 0.000345847
1915 1.71838e-05
1814 0.000958992
1865 0.00161754
1916 0.000227697
1815 0.000362078
1866 0.000686733
1917 0.000243147
1966 0.000859104
2017 0.000200312
2068 0.00036453
1967 0.000611944
2018 0.00137805
2069 0.000421858
1968 3.12668e-05
2019 0.000113775
2070 3.37609e-05
2119 4.81526e-05
2170 4.74476e-05
2221 1.85766e-05
2120 0.000227415
2171 0.000348769
2222 5.04768e-05
2121 0.000162157
2172 2.4755e-05
2223 2.3348e-05
2272 0.00022572
2323 1.87196e-07
1557 0.00321764
1404 0.000586297
2374 9.45553e-05
2273 8.8037e-05
2324 0.000257309
2375 0.000352554
1405 0.00137301
2274 0.000255629
2325 0.000480783
2376 5.07673e-05
2425 0.000787046
2476 0.000240201
2527 0.000419956
2578 0.000274222
2426 0.000109356
2477 1.46008e-05
2528 1.19093e-05
1152 3.79281e-05
2579 0.000893772
1203 0.000585542
2427 0.000164479
2478 0.000448137
2529 0.000292222
1254 0.00025647
2580 0.00108676
31 0.000234904
184 1.22422e-05
82 0.000167051
235 0.00013837
286 6.63819e-05
133 0.000141416
185 0.000163243
236 0.000103581
287 0.000143476
32 0.000279886
186 0.00012672
237 0.000121666
83 0.000123907
288 0.000284047
134 0.000449632
33 4.12753e-05
84 0.000761506
187 7.36378e-05
135 5.38118e-06
34 6.64676e-05
85 0.000171457
136 9.55439e-05
337 0.000170555
388 0.000426556
1710 0.0310418
238 1.77799e-05
439 3.67435e-05
289 0.000194847
338 0.000784243
490 0.000305282
389 0.000176167
541 0.000620941
440 0.000120422
592 0.000586869
339 0.000132296
1507 0.0333966
390 0.00076803
491 0.000364281
441 0.000497645
340 0.000289395
542 0.000183682
391 0.000248216
442 0.000523299
643 0.000254521
1761 0.00016937
694 0.000103179
593 5.77448e-05
745 0.000628277
796 0.000632977
644 0.000390773
847 5.32176e-05
695 1.52225e-05
898 0.000222101
746 0.000109247
949 9.11374e-05
645 0.00071535
797 3.60506e-05
696 0.000565113
848 0.000186804
492 0.000530639
747 0.000237307
899 0.00011068
646 0.00028978
950 9.53283e-05
697 0.000531439
798 0.000295513
849 1.85147e-05
748 0.000181837
543 0.000303138
900 8.86861e-05
1000 0.00013651
1153 4.13088e-05
951 9.97353e-05
1051 0.000479793
1204 0.000360485
799 0.000377356
1255 0.000450281
1102 0.000804125
1154 0.000857959
1001 0.000140499
850 2.44277e-05
1205 0.000301559
1052 0.000430357
901 0.000205583
1256 0.00039713
1155 0.000165694
952 0.000282509
1206 0.000199237
1103 5.27734e-05
594 0.000766952
1257 0.000187519
1306 0.000283174
1156 9.26405e-05
1002 3.77605e-05
1357 3.78527e-05
1207 6.303e-05
1053 0.000376076
1258 0.000261675
1408 4.76004e-05
1459 0.000172816
1104 0.000406604
1307 1.25542e-06
1510 0.00014718
1003 0.000114777
1358 1.26855e-05
1561 0.000120248
1054 0.000106167
1460 0.000147901
493 0.000918407
1409 0.000409908
1105 0.000114197
1511 0.000228393
1308 8.93059e-05
1612 0.000211945
1562 6.51861e-05
544 7.26134e-05
1359 0.000828742
1663 6.18831e-05
1461 8.5216e-05
1410 0.00013176
1512 0.000219157
1714 0.000447528
1309 4.46849e-05
1563 0.000264233
1765 0.000454896
595 0.000121446
1462 1.77068e-06
1613 5.2752e-05
1360 3.14922e-05
1513 1.21021e-05
1664 0.000461705
1564 0.000133801
1411 0.000417593
1715 9.39472e-05
1816 2.71965e-05
1766 0.00115438
1969 0.000111868
1867 0.000860703
1614 8.82624e-05
2020 0.00018087
1918 1.68271e-05
2071 3.31826e-05
1817 0.000821115
1970 0.000207996
1868 1.15624e-05
1665 0.000684999
1919 1.04038e-05
2021 2.7745e-05
2122 5.54523e-05
2173 0.0002408
2224 2.46614e-06
2123 7.61943e-05
2174 0.000121397
2225 0.000135275
2124 0.000426352
2175 0.000162332
2226 5.04414e-05
2125 7.82111e-05
2176 0.000184692
2227 0.000377802
2275 5.57662e-05
2326 2.55792e-05
2377 0.000190855
2276 2.1006e-06
2327 9.36752e-05
2378 1.26683e-05
2277 0.000197835
2328 0.000268557
2379 8.39173e-05
2278 0.000271335
2329 5.7776e-05
2380 0.000330764
2428 7.98791e-05
2479 0.000248278
2530 0.000742571
2581 0.00159746
2429 9.82e-05
2480 8.99271e-05
2531 0.000187375
2582 0.00427214
35 0.000592105
2430 0.000292468
86 1.87038e-05
2481 0.000418187
137 0.000367581
2532 0.00231497
36 9.24892e-05
1716 0.000638922
2583 0.000926143
87 3.43472e-05
2431 0.000824425
138 0.000287297
2482 0.000634134
37 1.38781e-05
2533 0.00255786
88 0.000760913
2584 0.00101634
139 0.000234269
188 0.000135255
341 0.000257679
239 0.000188019
392 0.000370534
290 1.11705e-05
443 0.00053189
189 6.57537e-06
240 5.79213e-06
342 0.000187108
291 2.0836e-06
190 2.20032e-05
393 0.000226348
241 4.43137e-05
444 0.000450275
292 4.11063e-06
343 0.000228913
494 0.000291426
394 0.000420939
545 0.000228533
445 7.81436e-05
596 0.000220426
647 0.000582225
495 0.000365225
698 0.000314457
546 0.000302846
1767 0.000332747
1818 1.25598e-05
2072 1.78362e-05
1615 0.000692151
749 0.000194349
1971 0.00103301
1666 0.000860488
1869 0.00025185
1717 0.000249265
1920 0.00035342
2022 0.000661734
1768 0.000136605
1819 0.000601464
800 0.000130929
2073 0.000139086
851 0.000637671
1870 0.00013201
1972 8.57282e-06
902 0.000900745
1921 9.72701e-05
2023 0.000142446
953 0.000108198
1004 0.000145569
2074 0.000248167
801 0.000471262
1055 8.46554e-05
1157 9.9564e-05
852 0.000251843
1106 5.20693e-05
903 0.00153574
1208 0.000394421
954 1.57375e-05
1259 0.000416139
1005 0.000327588
802 0.000486875
1158 6.12186e-05
1056 0.000315889
853 0.000849723
1209 0.000124328
1107 0.000427761
904 0.000587777
955 2.17706e-05
1006 0.000251425
1260 5.5518e-05
1310 7.06939e-05
1057 0.00019587
1159 0.000461312
1361 0.000318157
1108 0.00019444
1210 0.000259273
1412 0.00126723
1463 9.91533e-05
1311 0.00050649
1261 7.84285e-05
1362 0.000267706
1616 0.000351318
1820 8.02083e-05
1514 0.000174372
1413 4.59962e-05
1312 0.000114567
1667 0.000225252
1871 0.000109537
1565 8.01785e-05
648 0.000148774
1922 0.00109737
1363 3.34051e-05
1464 4.73754e-05
1718 0.000236787
1414 0.00041579
1821 0.00015543
1515 0.000102313
1973 0.000664937
1872 0.000435061
1769 0.000852155
2024 0.000306793
1566 0.000212315
2075 0.000155474
1923 0.000421748
1617 1.44525e-05
1465 0.00037293
1974 0.00051227
1822 0.000527031
1668 0.000216159
2025 0.000477562
1516 4.36464e-05
1719 0.00010692
2076 0.000209722
1873 0.000773456
1567 4.01232e-05
1975 9.20952e-05
1770 0.000276
1924 0.000127337
2026 0.00012893
2126 5.29867e-05
2279 0.000159234
1618 0.00012956
2077 0.00014937
1669 0.000223296
2177 1.02911e-07
2432 0.000932727
2330 8.68586e-05
2483 0.000996663
1720 0.00023422
2228 0.000262775
2534 0.0020693
2381 0.000101178
2585 0.000462655
1771 0.000106968
2280 1.18781e-05
2127 0.000362203
2433 0.000345414
38 2.70843e-05
2331 0.000143781
2484 0.00111502
2178 0.000213372
2535 0.00133592
89 8.51364e-05
2382 0.000479883
2586 0.00325438
2229 6.02379e-05
140 0.000363469
2434 0.00048338
2281 3.48182e-05
2128 4.16513e-05
2485 0.00119183
39 4.20781e-05
2536 0.00140815
2332 0.000684901
2179 1.32336e-05
90 6.99647e-05
2587 0.000236191
2383 0.000635824
2230 3.82918e-05
191 1.13798e-05
141 0.000143995
1304 0.0335545
242 0.000162536
344 0.000304351
497 0.00138071
40 4.97093e-05
293 0.000328878
192 2.06863e-05
91 5.20791e-05
395 0.00016013
548 0.00070601
243 0.000233846
446 0.00233664
142 7.13812e-05
294 3.70811e-05
599 0.000303729
193 0.000107836
345 0.00043212
498 0.001776
650 0.000336516
244 8.24295e-05
396 0.000505229
549 0.0013224
701 0.000362954
295 0.000663719
600 0.000166103
447 0.00110425
803 8.98987e-05
752 0.000277102
699 0.0010041
499 4.73484e-05
651 0.000839672
854 0.000499917
346 0.000583283
702 0.000435494
905 3.45055e-05
550 0.000428125
397 0.000376605
956 0.000361763
753 3.75733e-05
601 0.00197648
804 0.000582966
652 0.000977201
448 0.00127516
855 0.000978455
597 0.000264468
703 0.000423364
1007 0.000468728
1160 0.000401312
906 0.000496225
754 8.54116e-05
957 8.82605e-05
1058 0.000386469
1211 9.98536e-05
805 0.000847215
1313 0.000118399
1109 0.000289374
856 0.000286983
1262 0.000301936
1364 0.000304858
907 0.000129594
1008 1.25398e-05
1161 0.000220214
958 0.000358421
1059 1.73552e-05
750 2.0247e-06
496 0.000449202
547 9.91095e-05
598 0.000367763
1466 0.000185907
649 9.60631e-05
1517 0.000215252
700 0.000397128
1415 0.000669103
751 0.000482493
1568 0.000203511
1110 0.000342378
1467 0.000334248
1619 0.000123543
1009 0.000128932
1670 9.98797e-06
1518 0.00124898
1721 4.82649e-05
1212 5.01671e-05
1569 8.23527e-05
1772 3.3021e-05
1314 0.000215076
1468 5.04355e-05
1620 0.000112246
1519 0.000743332
1671 5.63497e-06
1263 0.000254027
1570 0.000885446
1722 0.000540649
1823 1.24658e-05
1773 0.000239114
1621 1.82064e-05
1874 0.000156089
1672 0.000854547
1925 5.95618e-05
1060 0.000182146
1723 0.00108613
1824 0.00013069
1774 0.000477961
1875 0.000472986
1976 2.72603e-05
1926 0.000472564
2027 0.000192927
1825 3.22005e-05
2078 1.31223e-05
1876 9.90103e-05
1162 9.74564e-05
1977 0.000207583
1927 6.15628e-06
2028 7.0319e-05
2129 8.17047e-05
1365 4.76986e-05
2079 5.53117e-05
2180 0.000216829
1978 0.000140101
2231 0.000140787
2029 2.92249e-05
2130 6.98613e-05
2080 0.000187023
2181 8.05296e-05
1558 0.0350921
1213 3.17208e-05
2282 0.000579936
1416 0.00041393
2232 4.26006e-05
2333 0.000626571
2131 0.000517812
1111 0.000512524
2384 0.000394352
2182 0.000402553
2283 9.70187e-05
1315 0.000137851
2233 5.26044e-05
1264 0.000102635
41 3.80259e-06
92 0.00018917
2334 0.000290351
143 6.04824e-05
2385 6.35572e-05
42 1.32197e-05
93 0.000231072
2284 0.000414385
144 7.3635e-05
2335 1.93263e-05
194 8.1155e-05
347 0.000440005
1366 0.000101335
245 1.33128e-05
2435 0.000406298
398 0.000308873
296 0.000342176
1417 0.000105886
449 0.00195137
195 0.000127663
500 0.000579134
348 0.000571767
2486 0.000312465
246 0.00012562
551 0.000588721
602 0.00049476
399 0.00101798
297 8.96519e-05
2537 0.000670852
501 0.000960652
450 0.000581619
196 0.000155955
552 0.000726039
349 0.000299361
2386 3.94303e-05
2588 0.000542199
247 0.000713947
603 0.000116095
400 0.000365594
298 0.000932903
502 8.06153e-06
451 0.000185009
2436 8.53417e-05
653 2.59131e-05
553 0.000132384
806 0.000120396
704 0.000414606
604 0.000593403
2487 0.000183615
857 0.000464628
1010 8.50968e-05
755 8.69464e-05
908 0.000398913
1061 0.000101923
2538 3.35164e-05
654 0.000116652
959 0.000183576
43 0.000111714
2589 0.0014605
1112 0.000137662
807 0.000831894
705 0.00035432
1011 5.56759e-05
858 0.000445186
756 0.000349183
2437 8.54209e-05
1062 8.12882e-05
909 0.000100197
655 0.00206421
1163 5.6748e-05
706 9.8885e-05
960 0.000179277
2488 0.00110652
757 0.000633176
808 3.78462e-05
1113 0.000469608
859 0.000282295
1316 3.8631e-05
1012 0.000458278
2539 0.000242734
910 0.000460262
1367 7.52811e-06
1063 8.9827e-05
961 0.000132697
1114 0.00021332
2590 0.00144805
1418 0.000272417
1469 0.000254015
1622 3.49288e-05
1317 6.55635e-05
1520 2.59604e-05
1673 2.42889e-05
1368 7.90036e-05
1571 0.000561558
1826 0.000136105
1214 1.05081e-05
1419 0.000253497
1724 0.000648031
1470 0.000153128
1877 0.000943163
1318 0.000111158
1775 0.00083067
1521 4.25733e-05
1369 9.87537e-05
1572 0.000158668
1623 1.12224e-05
1928 0.0016162
1471 4.20383e-05
1420 4.09968e-05
1674 0.00050731
1522 9.21371e-05
1827 0.000328844
1725 0.0020031
1979 0.00109806
1573 0.000336941
1776 0.00177004
1878 0.000378959
2030 0.000510292
1624 4.15938e-05
2132 0.000294898
2081 1.52085e-05
1929 0.000776384
1675 0.000256395
2183 0.000143497
1980 0.000991259
2234 0.000236237
2031 0.00203097
1726 0.000637047
1828 3.51556e-05
2133 0.000712919
1265 6.28969e-06
2082 0.000581825
94 6.22305e-05
1777 0.000481671
2184 0.000635186
1981 0.00138954
1879 0.00442883
2285 0.0001076
2235 0.000106184
2032 0.00163435
2336 4.26751e-05
2083 0.00039436
2134 7.53631e-05
1930 0.000727229
2387 0.000185087
1164 0.00023644
2438 0.000117669
2185 7.77286e-05
2286 0.00015062
2489 0.000451543
2236 0.000161273
44 8.89986e-05
2337 0.000140988
2540 0.00141225
197 3.97675e-06
2388 0.000476228
2591 0.00113674
248 0.000729211
95 2.20062e-05
2439 0.000174085
2287 0.000179288
299 9.13423e-05
2490 0.000103426
198 0.000185329
2338 0.00017372
146 0.000200064
2541 0.000142372
1215 1.60963e-05
249 0.000277586
2389 6.72364e-05
2592 0.000193722
45 0.000179981
300 0.000289837
350 0.00129354
199 6.4895e-05
2440 0.000379601
401 0.00151521
1266 0.000130683
96 4.30127e-05
2491 9.60934e-05
452 0.00180184
250 0.000186548
2542 0.000482536
351 0.000355499
147 8.64025e-05
301 0.000435124
2593 0.00113006
402 0.00222888
503 0.000259947
453 0.00155628
46 0.000178247
656 0.00246509
554 0.000480944
352 0.0002643
707 0.000577986
1165 9.04794e-05
97 0.00016689
605 0.00202456
403 0.00280029
145 7.66711e-06
758 9.98126e-05
148 4.19626e-05
504 0.00322256
454 0.00362041
657 3.12962e-05
555 0.0079337
1013 0.000347931
606 0.00285176
809 0.000992369
708 0.000108032
1064 0.000243242
759 0.000360917
505 0.00351772
860 0.000735923
1216 6.73539e-05
1166 5.37913e-05
1267 6.48978e-05
1217 4.67454e-05
1319 8.60351e-05
1268 4.06329e-05
1370 6.92685e-05
1167 7.97661e-05
1421 4.55976e-05
1218 0.000180503
1320 9.3671e-05
1269 0.000119684
1371 6.26496e-05
1168 5.71735e-05
1422 7.82323e-05
1219 2.37743e-05
1321 1.58004e-05
1270 4.21098e-06
1372 0.000322748
1472 6.08172e-05
1423 4.16313e-05
911 0.00025397
1523 0.000145228
1625 0.000122206
1574 2.07792e-05
1676 4.52511e-05
1115 0.000325785
1473 4.76521e-05
1727 0.000258851
962 0.000137987
556 0.000809073
658 0.00473367
1014 0.000233222
1524 3.43062e-05
1778 5.17594e-05
1575 3.88382e-05
1626 0.000124666
1474 0.000125678
1677 0.000274948
1525 0.000114068
1728 0.00020938
1576 0.000214942
1829 6.26175e-05
1779 0.000275811
1880 5.63259e-05
1627 0.000204868
1931 2.14544e-05
1678 6.84301e-05
1830 0.000358921
1729 0.00021303
1881 0.000275398
1780 0.000403163
1932 3.49968e-05
1982 0.000129074
1831 0.000264766
2033 6.4855e-05
2084 2.89246e-05
1882 0.000131428
1983 3.24436e-05
1933 0.000107298
2034 8.16672e-05
2135 0.000153089
2085 2.25231e-05
2186 2.02514e-05
1984 0.000226671
2237 0.000226782
2035 0.000103724
2136 5.63543e-06
2086 0.000153172
2187 3.70494e-05
2238 3.56352e-05
2288 0.000548651
2137 1.52616e-05
2339 3.54615e-05
2188 1.18753e-05
2390 0.00014265
2239 0.000315945
2289 3.16361e-05
2441 7.30962e-05
2340 0.00037239
2492 0.000207201
2391 0.000169454
2543 0.000519103
2290 0.000183854
2594 0.00127101
2341 0.000118661
2442 0.000112087
2392 0.000263093
2493 7.65896e-05
47 0.000223336
2544 0.000233629
98 0.00010433
2595 0.000264236
149 0.00010958
2443 0.000487539
48 3.78415e-05
2494 5.86626e-05
99 0.000338258
2545 0.000116158
150 2.77557e-05
2596 6.87707e-05
49 0.000499725
810 0.00080611
200 3.53586e-05
100 0.000829657
251 0.000107308
151 0.000339605
302 0.000188292
50 0.000119292
1065 0.000176885
861 0.000397067
607 0.00205577
709 0.000572383
1116 6.33101e-05
353 0.000917976
912 0.000747187
760 0.000225625
1015 0.000637547
963 0.000549215
404 0.00163848
811 0.000129675
1066 0.000653188
506 0.00127722
862 0.000268006
455 0.00168576
201 4.4873e-05
1117 0.000146139
557 0.00049562
913 0.000103958
354 0.000203646
608 0.00258064
964 3.49609e-05
659 0.00208348
405 0.000194788
812 0.000602015
507 0.00408942
710 0.000883242
863 0.000195842
456 0.000687994
558 0.000912949
914 0.000441384
761 0.000968472
355 0.000343632
965 0.000529223
609 0.00243521
660 0.000131842
813 0.000518891
406 0.00204824
508 0.00297116
864 3.73852e-05
915 0.000163061
711 0.00117257
559 0.00294977
101 0.000119288
966 0.000568449
252 0.000106146
457 0.0004149
762 0.000498692
610 0.0015679
661 0.000773132
814 0.000352909
356 1.52038e-05
509 0.00185796
865 0.000126687
712 0.000880579
407 0.00113341
916 0.000272
560 0.000984676
763 0.000750789
967 7.56197e-05
458 0.000234354
815 7.26525e-05
611 0.00144807
662 0.00230716
1016 0.000489037
866 0.000149867
1169 5.84294e-05
713 0.000415605
917 8.65217e-05
1067 0.000687077
1220 0.000364456
968 5.83781e-05
764 0.000503106
1118 0.000297223
1322 7.22189e-05
1475 0.000226288
1017 0.000154626
1271 0.000109642
1373 0.000189855
1526 0.000404476
1068 0.000645757
1577 3.8614e-05
1170 8.57424e-05
1424 0.000123604
1476 0.000151625
1221 0.000165263
1119 3.2051e-05
1323 0.00011218
1527 1.57004e-05
1272 0.000128491
1018 0.000987595
1578 3.53889e-05
1374 7.99159e-05
1171 0.000446183
1477 0.000371109
1069 0.00015864
1528 5.33415e-06
1425 9.63775e-05
1120 0.000334408
1222 0.000136783
1579 0.000138038
303 0.000123817
1324 9.27132e-06
1019 2.07517e-05
1273 5.41352e-05
1478 0.00013348
1375 0.000157455
1172 0.000406733
1070 0.000202734
1529 0.000268738
152 0.000161482
1426 9.93465e-05
1223 0.000326218
1121 0.000496652
1580 3.4624e-05
1274 8.77674e-05
1325 2.73893e-05
1628 0.000168114
1832 4.84702e-05
1985 0.000216568
1679 0.000110864
1376 0.000148337
1730 3.56371e-05
1883 5.29666e-05
2036 0.0001742
1781 8.84046e-05
2087 0.000250035
1427 3.46354e-05
1629 0.000229668
1934 6.77682e-05
1680 3.51118e-05
1986 0.000217044
2138 3.658e-05
1731 2.63047e-05
1833 5.87378e-05
2037 8.26572e-05
2189 0.000109894
1782 7.73936e-05
1884 3.64906e-05
2088 6.05527e-05
1630 6.78832e-05
2240 0.000140465
1681 3.9649e-05
1987 0.000199986
1935 5.5376e-05
1732 1.67871e-07
2139 0.000283365
1834 4.15617e-05
1783 0.000165437
2038 0.00023964
2190 0.000329125
1631 3.35169e-05
1885 5.9908e-05
1682 8.14132e-05
2241 4.79631e-06
2089 0.000263521
1733 0.000207869
1936 0.00010808
1784 0.000398053
1988 0.000159879
2140 0.000355402
1835 0.000364498
2291 0.000174326
2039 0.000394834
2342 0.000110578
2191 0.000224112
1886 0.000288405
2393 5.74086e-05
2090 5.29324e-05
2242 5.4521e-05
1937 0.000100868
2292 0.000169368
2444 0.00034774
2343 3.73842e-05
2141 5.96661e-05
2394 0.000196812
2495 4.33438e-05
2192 3.05439e-05
2293 5.93336e-05
2546 0.000628669
2243 4.08897e-06
2344 5.79446e-05
2597 0.000404774
2395 0.000207795
2445 0.000144501
2294 6.27106e-06
2345 0.00022025
2496 3.50415e-05
2396 3.64578e-05
2547 6.54128e-05
202 0.000154721
2598 0.000708317
253 2.04532e-05
1355 0.0331106
304 0.000238993
2446 0.000148542
203 0.000338969
254 1.42087e-05
305 0.000268588
2497 0.000178327
2548 0.00024758
2599 0.000415479
2447 1.12196e-05
2498 0.000334989
1457 0.0319908
2549 0.000182142
2600 0.000403858
1508 0.0303227
1559 9.63067e-05
1458 0.000257659
1509 1.15125e-05
1560 0.000274554
1406 0.000179484
1305 0.000966138
1356 0.000325077
1407 0.000228841
