15075 0.000210822
10050 8.48472e-05
12462 0.00119615
7437 0.000186861
0 0.000545099
17487 0.00300455
2412 0.000347108
5025 0.000347167
15276 0.000120819
201 9.66787e-05
10251 0.00126004
7638 0.000725925
17688 0.000146151
12663 0.000395894
2613 0.000394225
5226 3.57628e-05
15477 0.000198603
402 3.8445e-05
10452 0.00211176
7839 7.56383e-05
17889 0.000190258
12864 0.000877619
2814 0.000144213
5427 0.000134557
15678 0.000113189
603 0.000269607
10653 0.00200415
8040 0.000390261
18090 0.00155973
13065 0.00499606
5628 8.61287e-06
3015 0.000107229
15879 0.000870943
804 0.000694633
10854 0.00334799
8241 0.000128716
18291 0.00137234
13266 0.00411916
3216 0.000114352
5829 9.56357e-05
16080 0.00478911
1005 0.000734776
11055 0.000465393
8442 2.15769e-05
13467 0.00121307
18492 0.00242138
6030 0.000323415
3417 0.000206113
16281 0.00178647
1206 0.000705034
11256 0.00339073
8643 0.000140488
18693 0.000322938
13668 0.00197119
6231 0.000193506
3618 0.000204533
16482 0.00528264
11457 0.00133204
1407 2.3067e-05
8844 5.0813e-05
18894 0.00123763
13869 0.000595987
6432 1.88947e-05
3819 0.000340343
16683 0.00267732
11658 0.00375187
1608 0.000289857
9045 4.75645e-05
14070 0.000778019
6633 6.08563e-05
19095 0.000373363
4020 5.79953e-05
16884 0.00556052
11859 0.00450814
1809 0.000323713
9246 2.03848e-05
14271 8.78572e-05
19296 0.00115466
6834 0.000173211
4221 4.53889e-05
17085 0.00518239
12060 0.0037719
9447 3.27229e-05
2010 0.000225186
14472 0.000752926
19497 0.00180435
7035 7.59661e-05
17286 0.0023706
4422 1.51694e-05
12261 0.00114083
9648 9.48906e-05
2211 6.07669e-05
14673 0.000553668
19698 0.000451326
10051 0.000384986
4623 0.000706732
15076 0.000330031
9849 4.55081e-05
7236 0.000115484
1 5.88745e-05
14874 0.000422597
19899 0.00108099
10252 0.00028491
4824 0.000327915
15277 0.000801861
7438 0.000214607
5026 6.89924e-05
12463 0.00198495
202 0.000619501
17488 0.000738859
10453 0.000111639
2413 0.000326306
15478 0.00221515
7639 0.000229627
12664 0.00303972
5227 0.000154346
403 0.000755489
17689 0.000602961
10654 0.00400347
2614 9.12249e-05
15679 0.000352383
7840 0.00046894
12865 0.00223207
5428 0.000356317
604 0.000862718
17890 0.0028944
15880 0.00221419
2815 7.21812e-05
10855 0.00726146
8041 0.000135332
13066 0.00294197
5629 0.000338048
805 0.000177115
18091 0.000677824
16081 0.00360894
3016 0.000113666
8242 0.000438035
11056 0.00519997
5830 0.000953048
1006 4.33326e-05
13267 0.00295794
16282 0.00451446
18292 0.00294638
3217 0.000122219
8443 0.000303537
6031 6.58035e-05
11257 0.00568032
1207 7.47442e-05
13468 0.00152367
16483 0.00872636
18493 0.00308144
3418 0.000320733
8644 9.70364e-05
6232 0.000159055
11458 0.00743151
13669 0.000829995
1408 0.000158161
16684 0.00303864
18694 0.000142336
3619 0.000584364
8845 7.83801e-06
13870 0.00202394
11659 0.000718594
6433 1.65701e-05
3820 0.0006212
18895 0.00109613
16885 0.000411272
1609 0.000222951
9046 2.2471e-05
11860 0.0027771
14071 0.000333786
6634 0.000138223
4021 0.000867277
1810 0.000353217
19096 0.000196695
17086 0.000256896
9247 6.23167e-05
12061 0.00455916
14272 0.000392735
6835 3.68357e-05
4222 0.000338376
2011 3.89218e-05
19297 0.000385046
17287 0.00036931
9448 3.45707e-05
12262 0.0047375
14473 0.000686705
4423 0.000245184
7036 5.06341e-05
19498 0.00048995
9649 1.65105e-05
10052 0.000924319
15077 0.000259399
2212 0.000524461
14674 0.000102341
7237 3.3915e-05
4624 6.94394e-06
19699 0.00101435
15278 0.000270844
9850 0.000284255
10253 0.00213161
2 0.000111818
14875 0.000534177
5027 1.42753e-05
19900 0.00138593
4825 8.40724e-05
7439 0.000272185
15479 0.00240517
12464 0.000390887
203 0.00124437
10454 0.00373811
17489 0.00874615
2414 0.000151515
5228 0.000203341
7640 8.18074e-05
15680 0.000558019
404 0.00117984
10655 0.0035122
12665 0.000718713
17690 0.00457096
2615 1.25468e-05
5429 0.000220388
7841 0.00044319
15881 0.00186944
605 0.000132173
10856 0.00396693
12866 0.00299239
17891 0.00253987
2816 2.94149e-05
5630 0.000218779
16082 0.00244129
8042 8.26418e-05
806 0.000343144
11057 0.00104511
13067 0.000751853
18092 0.000816822
5831 0.000315398
3017 5.75185e-06
8243 5.84126e-05
1007 0.000384539
16283 0.00183856
11258 0.00127614
13268 0.00151229
18293 0.00253773
6032 0.00072059
8444 0.000279576
3218 0.000232577
1208 0.000136882
16484 0.00445926
11459 0.00392246
13469 0.000631928
18494 0.000178337
6233 2.86996e-05
3419 2.14279e-05
1409 4.49717e-05
8645 1.03116e-05
11660 0.0015403
16685 0.00180471
13670 0.00164926
18695 0.00195277
6434 0.000438273
3620 0.000120163
8846 0.000189781
1610 0.000143081
11861 0.000754714
16886 0.00480771
13871 0.00280404
18896 0.00094223
6635 1.23084e-05
3821 5.1707e-05
9047 0.000121504
1811 7.28071e-05
12062 0.00135839
17087 0.00489831
14072 0.00113702
19097 0.00236177
6836 2.15173e-05
4022 1.87457e-05
12263 0.00188816
9248 0.000210285
2012 0.00041315
14273 0.00140125
17288 0.0052402
19298 0.00184476
7037 5.80847e-05
4223 4.05014e-05
10053 0.00134078
9449 2.82526e-05
2213 2.3365e-05
14474 0.000433087
19499 0.000545144
7238 0.000513822
15078 0.000673532
4424 0.000145644
10254 0.00247598
9650 1.0252e-05
3 0.00115785
14675 0.000739217
5028 1.60933e-06
4625 3.26633e-05
19700 0.000950575
15279 0.000694811
10455 0.00553131
9851 0.000358403
204 0.000642002
14876 0.000478387
5229 0.0001086
4826 0.000276148
19901 0.000622511
15480 0.00104249
7440 0.000183344
10656 0.000704527
405 6.09457e-05
12465 0.00230074
5430 6.43432e-05
15681 0.000191808
17490 0.00352597
2415 9.38475e-05
7641 0.000156492
10857 0.000154793
606 0.000194371
12666 0.000822186
5631 6.62804e-05
15882 0.00191367
17691 0.00101471
7842 3.89814e-05
2616 3.80278e-05
807 0.000351369
11058 0.0027957
12867 0.00239134
5832 0.000163555
16083 0.00159514
17892 0.00598836
2817 5.48959e-05
8043 2.78056e-05
1008 0.00014779
6033 0.000244528
13068 0.00356853
16284 0.00433922
11259 0.00313485
18093 0.00124097
8244 0.000556171
3018 0.000147253
1209 9.24468e-05
6234 0.000179529
13269 0.000576735
16485 0.00298953
11460 0.000691891
18294 0.00207138
8445 0.000167966
3219 0.000109166
1410 2.96831e-05
6435 9.30727e-05
16686 0.00653005
11661 9.42945e-05
18495 0.00203896
13470 0.000910819
8646 0.000345379
3420 1.78814e-06
6636 0.00014773
1611 7.57277e-05
16887 0.00471866
18696 0.0015111
11862 0.000804067
13671 0.00171018
8847 0.000269562
3621 0.000152618
1812 3.00705e-05
6837 0.000202864
17088 0.00330782
18897 0.00358617
12063 0.000986695
13872 0.00158679
9048 0.00017643
3822 0.000117928
2013 3.65973e-05
7038 0.000178516
17289 0.000625372
19098 0.000375509
12264 0.00776279
9249 1.91331e-05
14073 0.000377893
4023 0.000184059
2214 5.37932e-05
7239 3.42727e-06
15079 2.11596e-05
19299 0.000558496
10054 0.000169158
9450 0.000271946
4224 0.000225663
14274 0.00045526
5029 6.1661e-05
4 0.000521809
15280 0.000198126
19500 0.00143576
9651 0.000578016
10255 0.00251478
4425 0.000236869
14475 0.000285864
205 0.00128132
15481 0.00058341
19701 0.00168264
5230 3.61204e-05
9852 0.000226766
10456 0.00416577
4626 1.67489e-05
14676 0.000117302
406 0.00011152
19902 0.000230789
5431 6.8903e-05
15682 0.00132918
7441 3.03984e-05
10657 0.00320178
4827 7.73072e-05
607 0.000102818
14877 2.24113e-05
17491 0.00260949
5632 6.3926e-05
15883 0.00277424
10858 0.00423694
7642 3.73125e-05
2416 2.83122e-05
808 0.00013715
12466 0.000977397
17692 0.00526452
5833 7.98106e-05
16084 0.00333738
7843 0.000269949
11059 0.000339627
2617 2.82526e-05
1009 0.000198394
12667 0.00531209
17893 0.00775647
6034 3.76105e-05
16285 0.00373757
8044 0.000106812
2818 8.49366e-06
1210 2.42293e-05
11260 0.0043906
12868 0.00367308
18094 0.00250769
6235 0.000219911
16486 0.00124919
8245 0.000184
3019 6.10948e-06
11461 0.00462639
1411 6.9797e-05
13069 0.00268745
18295 0.00311184
6436 0.000126481
16687 0.00639904
8446 0.000128806
3220 3.97265e-05
11662 0.00174117
13270 0.00155348
1612 0.000143856
18496 0.0047996
6637 2.10404e-05
8647 5.87106e-06
16888 0.00740075
3421 0.000163287
11863 0.00111294
13471 0.000147521
1813 0.000118852
18697 0.00122595
6838 3.01301e-05
8848 0.000171185
17089 0.00289369
3622 0.000267267
12064 0.000736952
13672 0.000605404
2014 0.000116915
18898 0.00269318
7039 0.000112116
9049 0.000214309
17290 0.00158048
3823 0.000154614
12265 0.00213182
13873 0.000166953
2215 0.000161231
19099 0.00310361
7240 4.1306e-05
15080 0.000552177
9250 1.10269e-06
10055 0.000455737
14074 4.6432e-05
4024 0.000149816
5 0.000519723
19300 0.000769854
5030 6.35386e-05
15281 0.0028609
9451 0.000820965
10256 0.00265145
206 0.000141501
4225 0.000395209
14275 0.000367343
19501 0.000184655
5231 6.69062e-05
9652 0.000673801
15482 0.00250447
10457 0.00153846
407 0.000264108
14476 6.30617e-05
4426 0.000255972
5432 6.80387e-05
19702 8.58307e-06
9853 2.96533e-05
15683 0.0011766
10658 0.00661147
608 0.00014028
14677 0.000736952
5633 5.33462e-05
4627 1.96397e-05
15884 0.000951767
19903 0.00180793
7442 0.00014019
10859 0.000507832
809 0.000229895
14878 0.000510812
5834 0.000128835
4828 0.000211388
16085 0.00360239
17492 0.00382113
7643 9.35495e-05
11060 0.000164032
1010 0.000166714
12467 0.00533569
6035 0.000137717
16286 0.00631225
2417 0.000265867
17693 0.0050931
7844 0.000267744
1211 5.6684e-05
11261 0.00537312
12668 0.0084784
6236 1.2666e-05
2618 9.3013e-05
16487 0.00613344
8045 0.000432819
17894 0.00518012
1412 8.49366e-05
11462 0.000545263
12869 0.00570261
6437 0.000104278
2819 1.01924e-05
16688 0.00725913
8246 0.00023818
18095 0.00625229
11663 1.93119e-05
1613 0.000161409
13070 0.00320673
6638 0.000170022
3020 8.31485e-06
16889 0.00179148
8447 0.000284463
18296 0.00363374
1814 0.000117779
13271 0.00765228
11864 0.000249505
6839 0.000145912
3221 3.91901e-05
17090 0.00242043
8648 1.96695e-05
18497 0.00880432
2015 0.000293612
13472 0.00239027
7040 8.10325e-05
12065 0.00175095
17291 0.00402784
8849 3.42727e-05
3422 9.53674e-07
18698 0.0013833
2216 6.93202e-05
13673 1.46627e-05
7241 0.000185788
12266 0.00288594
15081 0.00111777
9050 0.000488907
18899 0.000625372
3623 2.00272e-05
6 0.000376195
13874 0.000478208
5031 0.00016278
10056 0.00182056
15282 0.000147641
9251 0.000754207
19100 0.00152123
207 0.000364214
14075 8.04663e-06
5232 2.93553e-05
3824 6.18696e-05
10257 0.00126076
9452 0.0013743
15483 0.00158024
19301 0.000578523
408 8.40425e-06
14276 2.5034e-05
5433 2.84314e-05
4025 0.000158459
10458 0.00246555
9653 0.00167948
19502 0.000582695
15684 0.0030148
609 1.37687e-05
14477 0.000350058
5634 3.19779e-05
4226 0.000112414
10659 0.00261772
19703 0.00207484
15885 0.00381887
9854 0.00201333
810 1.85966e-05
14678 0.00102514
5835 2.53618e-05
4427 0.000237614
10860 0.00229549
19904 0.00200331
16086 0.00399697
7443 0.000107318
1011 4.6134e-05
14879 0.000565767
6036 8.16286e-05
4628 0.000375658
11061 0.00148451
17493 0.00687933
16287 0.0116725
7644 0.000276387
12468 0.00879276
1212 7.27475e-05
6237 3.93391e-05
4829 3.45707e-05
11262 0.00429583
16488 0.00191426
17694 0.00656843
7845 4.21405e-05
6438 0.000132263
1413 0.000205994
2418 0.000142694
12669 0.00818932
11463 0.00356174
16689 0.00329924
17895 0.00275302
8046 4.68791e-05
6639 5.81443e-05
1614 0.00017181
11664 0.00546145
12870 0.0020861
2619 9.04799e-05
16890 0.00390077
8247 0.000207692
18096 0.00319719
6840 2.45273e-05
1815 3.83556e-05
11865 0.00433671
2820 1.99676e-05
13071 0.00363004
8448 0.000122905
17091 0.0145292
18297 0.00364184
2016 8.41022e-05
7041 0.00011003
3021 6.9648e-05
13272 0.00277847
12066 0.000360847
8649 0.000651538
18498 0.00678182
17292 0.000482798
2217 0.000184298
7242 0.000136018
3222 4.76837e-07
13473 0.00131416
12267 0.00993896
18699 0.00407386
8850 0.000824749
15082 0.00215209
5032 0.000110269
7 0.000188679
3423 5.79953e-05
13674 0.000747204
10057 0.00119364
18900 0.0016489
15283 0.00252342
3624 2.39313e-05
9051 0.000579745
208 0.000133932
5233 0.000183195
13875 0.000253439
10258 0.000583589
19101 0.000481606
15484 0.00839984
3825 2.72691e-05
9252 0.00015825
14076 0.000116885
5434 9.15229e-05
409 4.22001e-05
10459 0.00317687
19302 0.000348687
15685 0.00604534
4026 5.97835e-05
9453 0.000890881
610 0.000152946
14277 0.000104487
5635 0.000194192
10660 0.00227642
19503 0.000254393
15886 0.0013206
4227 1.79112e-05
9654 0.000989884
811 1.65701e-05
14478 0.000280201
5836 0.000148326
16087 0.0026046
10861 9.41753e-06
4428 0.000100046
19704 0.000599146
9855 0.000289381
1012 1.62423e-05
14679 0.00135225
6037 0.000332922
16288 0.0071888
11062 0.00061965
4629 1.18017e-05
19905 0.00396943
1213 1.31428e-05
7444 0.000142395
14880 0.000508606
16489 0.00549793
6238 0.000221193
11263 0.00132585
4830 4.03821e-05
17494 0.00146675
7645 6.76513e-06
1414 0.000221938
16690 0.00657701
12469 0.0180308
6439 0.000112116
11464 0.00972784
2419 1.75238e-05
17695 0.00573683
7846 5.66244e-06
1615 0.000150919
12670 0.000804901
16891 0.00658298
6640 0.000160933
11665 0.00079906
2620 0.00011003
17896 0.00205493
8047 2.20239e-05
1816 0.000354558
12871 0.00382704
17092 0.00650644
6841 0.000128657
11866 0.00179935
2821 0.000160545
18097 0.00350976
2017 0.00014925
8248 0.000113785
13072 0.00264907
7042 0.000103384
17293 0.00272942
12067 0.000541329
3022 0.000121266
18298 0.00427961
2218 0.00019145
8449 0.000131398
13273 0.0015747
7243 0.000178128
15083 0.00166965
12268 0.00440276
3223 3.27528e-05
18499 0.00660753
8 5.32568e-05
8650 0.000489324
13474 7.06911e-05
15284 0.00251842
5033 0.000100106
3424 0.000109464
10058 0.000368237
18700 0.00236177
209 1.62423e-05
8851 5.79357e-05
13675 0.000389934
15485 0.00281048
5234 0.000330567
3625 5.06043e-05
18901 0.00191605
10259 0.00320923
410 3.23057e-05
9052 7.09891e-05
13876 0.000620902
15686 0.00446761
5435 0.000189364
3826 8.74996e-05
19102 0.00185823
10460 0.00305712
611 1.39773e-05
9253 0.00142401
14077 0.000352681
15887 0.00197792
5636 7.20024e-05
4027 7.83205e-05
19303 0.000289083
10661 0.00349128
9454 0.00144976
812 6.52671e-06
14278 2.46167e-05
16088 0.00490594
5837 0.000109434
4228 3.44515e-05
19504 0.00132656
10862 0.00152123
9655 0.000450522
14479 8.37445e-05
1013 8.81255e-05
16289 0.00557208
6038 0.000260383
4429 4.02033e-05
19705 0.00450325
11063 4.64916e-06
9856 0.000650644
14680 7.41482e-05
1214 6.55651e-07
6239 0.000257939
16490 0.000741482
4630 0.000201434
19906 0.00054121
7445 9.56953e-05
14881 0.00158548
1415 1.67489e-05
11264 0.00598407
6440 0.000117421
16691 0.00748181
4831 0.000131011
17495 3.48091e-05
7646 1.99378e-05
12470 0.0034228
1616 7.95126e-05
6641 5.01573e-05
11465 0.00266469
2420 6.57141e-05
16892 0.00352621
17696 0.0014205
7847 0.000148118
12671 0.00645781
1817 8.63075e-05
6842 9.90033e-05
11666 0.0106044
17093 8.58307e-05
2621 4.00245e-05
17897 0.00288296
8048 0.000193179
2018 8.28505e-06
12872 0.0016135
7043 2.55406e-05
11867 0.00698781
17294 0.000586271
2822 4.12762e-05
18098 0.00118637
8249 0.000605941
2219 5.40316e-05
13073 0.000270724
7244 1.40667e-05
12068 0.001284
15084 0.00587761
3023 0.000122964
18299 0.000593424
9 3.48687e-05
8450 0.000151873
5034 3.17991e-05
13274 0.000919878
12269 0.000767708
15285 0.00254393
3224 0.000110388
18500 0.00110769
210 0.000204831
8651 0.00114533
5235 1.34408e-05
10059 0.0010227
13475 0.000519872
15486 0.00278723
3425 8.94964e-05
18701 0.0010848
411 2.85804e-05
8852 0.00107136
5436 4.66704e-05
10260 0.000148118
13676 4.05312e-06
15687 0.00288093
3626 0.000106186
18902 0.00103986
612 2.07424e-05
9053 0.000115305
5637 0.000145644
10461 0.00253093
13877 0.000186443
15888 0.000103712
3827 0.00010407
813 4.63128e-05
19103 0.000637293
9254 0.000834942
5838 6.88434e-05
10662 0.00466484
16089 0.00207007
4028 2.41995e-05
14078 0.000471354
1014 7.69496e-05
19304 0.00220442
9455 0.000308722
6039 3.95775e-05
10863 0.00585288
16290 0.00328732
4229 8.744e-05
14279 0.000272214
1215 5.72205e-06
19505 0.000141025
9656 0.00142622
11064 0.000823617
6240 0.000118911
16491 0.00318599
4430 4.84586e-05
14480 0.00215065
1416 3.40641e-05
19706 0.000279427
11265 0.00601518
9857 0.00259304
6441 0.00015828
16692 0.00125694
4631 8.05557e-05
1617 0.000117809
14681 0.000162721
19907 0.0036912
7446 5.53429e-05
11466 0.00369841
6642 4.13954e-05
16893 0.00864792
4832 0.000413001
1818 6.82175e-05
14882 0.00372744
17496 0.000283718
7647 0.000277966
6843 9.4682e-05
11667 0.0024941
17094 0.0063014
2421 3.3766e-05
2019 2.58684e-05
7848 0.00038451
17697 0.000544548
12471 0.000443578
7044 2.5332e-05
2622 7.62939e-06
11868 0.00313944
17295 0.00574851
2220 9.88841e-05
8049 0.000498205
17898 0.000950336
12672 2.68817e-05
7245 0.000126153
2823 6.49691e-05
12069 0.000327587
15085 0.00280488
10 0.000129789
8250 0.000236511
18099 0.0011394
12873 0.00141555
5035 1.72853e-05
3024 5.24521e-06
15286 0.00103092
12270 0.00162518
211 1.0103e-05
8451 0.00047785
18300 0.00292349
13074 0.00033778
5236 0.000146061
3225 0.000151098
15487 0.0073514
10060 0.000513256
412 5.30779e-05
8652 0.000291497
18501 0.00126314
5437 9.23872e-06
10261 0.00096029
15688 0.00211346
3426 1.21593e-05
613 6.15716e-05
13275 1.69873e-05
8853 0.000332057
10462 0.00025636
18702 0.00309896
5638 1.85668e-05
3627 0.000123471
814 0.000368744
13476 1.19805e-05
15889 0.00256681
9054 0.00023967
10663 0.000986874
18903 0.000613689
5839 1.25766e-05
3828 0.000120193
1015 0.000126481
13677 0.000505328
16090 0.00301707
9255 0.000127584
10864 0.00471652
6040 0.000100911
19104 0.00143433
4029 0.000107974
1216 0.000194192
13878 0.000521004
16291 0.000665188
9456 0.000812471
11065 0.000674844
6241 2.08616e-07
4230 2.84016e-05
19305 0.0041368
1417 1.48416e-05
14079 0.00126761
16492 0.00465512
9657 0.000411212
11266 0.00098896
6442 4.42863e-05
4431 7.76052e-05
19506 0.0029819
14280 0.000850141
1618 3.34978e-05
9858 0.000179648
6643 1.99676e-06
16693 0.000974417
11467 0.00380743
4632 4.69983e-05
19707 3.12328e-05
14481 0.00138372
1819 2.93553e-05
7447 0.000385761
6844 0.000196248
16894 0.000453711
4833 1.71065e-05
11668 0.00146955
19908 0.00274277
2020 8.02279e-05
14682 0.000996411
7648 0.000589103
7045 8.62479e-05
17095 0.00108719
2422 3.60608e-06
17497 0.00136018
11869 0.000345469
2221 6.73831e-05
14883 0.000957668
7849 0.00127402
2623 5.1856e-06
17296 0.00187469
17698 0.00677943
7246 1.86265e-05
12070 0.000703216
11 0.000139505
8050 0.000817209
12472 0.000416517
2824 5.51343e-06
15086 0.00248706
17899 0.00186443
212 0.000151426
12271 0.00143898
5036 1.66595e-05
8251 0.00130442
12673 0.000198305
3025 5.34058e-05
15287 0.00166726
18100 0.00187969
413 0.000236481
5237 6.04987e-05
10061 0.000229418
8452 0.000676364
3226 4.82798e-06
15488 0.000382662
12874 0.000271797
614 0.000198722
18301 0.000848532
5438 6.36578e-05
10262 0.00111139
8653 1.54972e-05
3427 3.28124e-05
15689 0.00597227
13075 0.000247717
815 0.000122726
18502 0.00743246
5639 0.000154942
10463 0.000692189
8854 0.000537306
3628 4.5687e-05
15890 0.0038209
13276 0.000171304
10664 0.000510454
1016 0.000280291
18703 0.00198269
9055 7.92146e-05
5840 3.71039e-05
3829 0.000166625
13477 0.000347793
16091 0.00199389
10865 0.00192767
1217 0.000195473
9256 4.53889e-05
18904 0.000593185
4030 0.000115961
6041 0.000109524
16292 0.000936747
13678 0.000649989
11066 0.000644207
1418 0.000123829
9457 0.0010522
19105 0.000597954
4231 0.000231802
6242 4.26471e-05
16493 0.00389123
13879 0.000831664
11267 0.000404418
1619 0.000151962
9658 9.91821e-05
19306 0.000142097
4432 5.06639e-06
6443 7.45356e-05
16694 0.00195694
14080 0.00176448
1820 0.000121474
9859 0.000917435
11468 0.000465631
19507 0.00201201
4633 1.16527e-05
6644 3.8594e-05
16895 0.00111055
14281 0.000433922
2021 0.000292331
11669 0.000534654
19708 0.00376129
4834 6.44922e-05
6845 0.000125676
7448 0.000303328
17096 0.00291634
14482 0.00179994
2423 2.61664e-05
17297 0.00294232
2222 4.62234e-05
11870 0.000929892
7046 0.000364423
19909 0.00423527
7649 3.68655e-05
14683 0.00132912
2624 1.43349e-05
20100 0.000467896
22713 0.00711679
7247 0.000225037
7850 0.000757545
12071 0.000249326
17498 0.00102663
14884 0.00055635
2825 0.000170261
20301 0.00113857
25125 0.00715637
8051 0.000208288
22914 0.0115166
12272 7.04527e-05
17699 0.000287056
12473 0.000466466
3026 0.000131667
20502 0.00285578
8252 0.000112325
25326 0.0156631
23115 0.00119066
27738 0.0283613
12674 0.000204444
17900 0.000250816
3227 4.44651e-05
20703 0.00260901
8453 0.000124574
25527 0.00636673
27939 0.000705719
23316 0.0098691
12875 3.83258e-05
18101 0.00333142
3428 4.3571e-05
20904 0.00460267
8654 0.000372171
25728 0.00236797
23517 0.00490618
28140 0.00752687
18302 0.00175095
13076 0.000211895
3629 7.32243e-05
21105 0.00385594
25929 0.00614834
8855 0.000367999
28341 0.00642776
23718 0.000129223
18503 0.00104189
13277 3.67165e-05
3830 4.27365e-05
21306 0.00166011
26130 0.00207329
9056 0.000204295
28542 0.00209761
18704 0.00210667
13478 1.37091e-05
21507 0.00541496
4031 5.57303e-05
23919 0.00256109
26331 0.00921726
9257 0.000314236
28743 0.0100379
18905 0.00320888
13679 0.00101858
21708 0.00149703
24120 0.0038147
26532 0.0039587
4232 3.92795e-05
9458 0.00113142
28944 0.0152321
13880 0.000199676
19106 0.00114489
21909 0.000478029
26733 0.0617313
9659 0.000446141
4433 0.000227451
24321 0.00967312
29145 0.00799465
19307 0.00190866
14081 0.00107086
22110 0.00862265
26934 0.00608826
9860 4.58956e-06
4634 0.000133276
29346 0.0133905
19508 0.00379682
24522 0.00484562
14282 0.000939131
22311 0.00219822
27135 0.0142145
30150 0.00227308
4835 0.000127792
29547 0.0155082
24723 0.00393295
14483 0.00242174
27336 0.0381165
19709 0.00419414
30351 0.00471544
22512 0.0291228
29748 0.0078311
32763 0.00590563
24924 0.0166597
14684 0.000594616
27537 0.00743914
19910 0.00332308
30552 0.00153828
20101 0.00226188
29949 0.00849867
32964 0.00404549
22714 0.0060215
14885 0.000580192
25126 0.0135231
35175 0.00308228
30753 0.00365353
20302 0.0031867
27739 0.0191307
33165 0.00311756
22915 0.00523376
37788 0.000117302
25327 0.00346851
35376 0.0129194
20503 0.00217342
30954 0.000714302
27940 0.00668478
33366 0.00406361
37989 0.00427294
23116 0.00813055
25528 0.00183773
35577 0.00587559
20704 0.00228381
31155 0.00728703
38190 0.00711966
28141 0.0101204
33567 0.000988483
23317 0.0186138
35778 0.00812721
25729 0.0100975
20905 0.00177455
31356 0.000895023
28342 0.0116005
38391 0.0187621
25930 0.00366783
23518 0.0144515
35979 0.00345612
33768 0.00412798
21106 0.00106263
31557 0.00675869
26131 0.00401497
38592 0.0014267
28543 0.0133996
23719 0.00105858
33969 0.00310087
36180 0.000319481
21307 0.00401449
31758 0.00451803
26332 0.00392914
38793 0.00370979
23920 0.00145864
28744 0.0038991
36381 0.00288486
34170 0.00553608
21508 0.00043869
31959 0.00101662
26533 0.0241451
38994 0.00268459
28945 0.0140991
24121 0.00642109
36582 0.000945568
21709 0.0141091
34371 0.00149679
32160 0.00221062
26734 0.00405979
39195 0.00077343
29146 0.0148988
36783 0.0102057
24322 0.00268173
21910 0.00740623
32361 0.00107479
34572 0.00112438
39396 0.00469971
26935 0.0205135
29347 0.0126662
36984 0.00118923
24523 0.000711441
22111 0.014503
32562 0.000276089
39597 0.00653648
34773 0.00294828
29548 0.0220532
27136 0.0199614
37185 0.00968766
24724 0.0114832
22312 0.00693893
30151 0.000105858
34974 0.0078454
39798 0.0197077
27337 0.0144553
29749 0.00284719
37386 0.00718927
24925 0.00440121
22513 0.0128055
30352 0.00855637
39999 0.00119495
32764 0.0148702
27538 0.0194182
29950 0.0219703
20102 0.000303864
22715 0.0151081
37587 0.033133
30553 0.00194693
32965 0.0108805
40200 0.00226212
25127 0.0404825
35176 0.002841
20303 0.00281799
27740 0.000614643
30754 0.000656128
22916 0.00454903
33166 0.0036025
37789 0.00422144
25328 0.00553989
35377 0.00107431
27941 0.00996017
20504 0.00307631
23117 0.0150442
33367 0.00144339
30955 0.00267744
37990 0.00359249
25529 0.00199509
35578 0.0107088
28142 0.00975037
23318 0.0126438
20705 0.00209498
33568 0.000733852
31156 0.00092268
38191 0.0229344
35779 0.00399065
25730 0.00673294
28343 0.0109348
20906 0.000449419
33769 0.00477791
23519 0.00774717
31357 0.000357628
38392 0.0110121
35980 0.000469208
25931 0.00546074
28544 0.00393844
21107 0.00289655
23720 0.00120974
33970 0.00455284
38593 0.000333786
31558 0.000656605
36181 0.000344753
26132 0.00253963
28745 0.00311708
21308 0.00130367
34171 0.00237656
23921 0.00131512
38794 0.00627899
36382 0.000437975
31759 0.0018177
26333 0.0167952
21509 0.00167966
28946 0.000786781
34372 0.00432014
24122 0.00225544
38995 0.00611401
31960 0.00582933
29147 0.00034523
21710 0.00132895
26534 0.00669575
36583 0.0070734
34573 0.0109696
24323 0.00507069
39196 0.0133886
32161 0.00854874
29348 0.0214438
21911 0.00231838
36784 0.00123477
26735 0.0346231
34774 0.000870705
24524 0.00693703
39397 0.0157557
32362 0.00277805
29549 0.0254283
22112 0.02425
36985 0.00340748
24725 0.00050354
26936 0.0151968
39598 0.000260353
34975 0.00254059
32563 0.0119991
29750 0.00449944
22313 0.0158668
37186 0.00877905
24926 0.00172997
39799 0.0131884
27137 0.0247469
32765 0.0104265
30152 0.0105071
29951 0.011724
22514 0.0108471
37387 0.00784302
22716 0.00866079
40000 0.00745964
27338 0.01057
32966 0.00822973
30353 0.00772381
27741 0.00165844
20103 0.000302076
22917 0.00483656
37588 0.0337186
40201 0.0183201
27539 0.00158978
33167 0.00114393
27942 0.0126276
30554 0.00502777
20304 0.00193596
23118 0.00520182
35177 0.000794888
37790 0.0205526
25128 0.0144806
28143 0.00335026
33368 0.00133514
30755 0.00105906
20505 0.000952482
23319 0.00598383
35378 0.00205469
37991 0.0217948
25329 0.0017271
28344 0.00523496
33569 0.00129461
30956 0.00416899
20706 0.00384068
23520 0.00204134
38192 0.0141454
25530 0.00839901
35579 0.00117731
28545 0.00143123
33770 0.00582361
31157 0.00617218
20907 0.000837803
23721 0.0092721
38393 0.0044198
25731 0.00731277
28746 0.00305605
35780 6.96182e-05
31358 0.00389194
33971 0.029068
21108 0.00408983
23922 0.00366116
38594 0.0142884
28947 0.00238895
25932 0.00256062
31559 0.00405169
35981 0.00515079
34172 0.0126429
38795 0.0264168
24123 0.00286961
21309 0.0105128
26133 0.00547123
29148 0.00881028
31760 0.0118966
36182 0.000751019
34373 0.000328064
38996 0.0063343
24324 0.00812149
21510 0.0050683
29349 0.00546312
31961 0.00896502
26334 0.00576019
36383 7.00951e-05
24525 0.00390911
21711 0.0122592
34574 0.0119271
39197 0.00069809
29550 0.00830078
26535 0.000390053
32162 0.00459528
36584 0.00539708
24726 0.000616074
21912 0.00302672
39398 0.00428391
34775 0.00573301
26736 0.0118227
32363 0.0197268
29751 0.000886917
36785 0.00468183
24927 0.0164814
22113 0.00198126
39599 0.0054388
34976 0.000572205
32564 0.000642776
26937 0.0358715
29952 0.00819921
36986 0.0036633
22314 0.00208855
22717 0.0104132
39800 0.00259113
32766 0.0085659
30153 0.00896645
27138 0.0223107
27742 0.0132842
37187 0.00466442
22515 0.0207524
22918 0.0177445
40001 0.0111017
32967 0.0157495
30354 0.0111175
27339 0.0330043
27943 0.0137897
20104 0.00176811
37388 0.0144753
23119 0.000962257
40202 0.0116577
33168 0.00405025
30555 0.0190916
27540 0.0026145
28144 0.00179434
20305 0.00911784
37589 0.00531244
33369 0.0112181
23320 0.000928879
30756 0.000787258
37791 0.00320244
28345 0.00158668
25129 0.0074873
20506 0.00220609
35178 0.012989
23521 0.00377703
37992 0.0101724
33570 0.00748873
30957 0.0086422
25330 0.00784111
28546 0.00100374
20707 0.00176787
35379 0.014571
23722 0.00316
38193 0.0157042
33771 0.000943661
31158 0.0161085
25531 0.00598717
28747 0.000792503
35580 0.00891542
20908 0.00840855
23923 0.00197744
38394 0.00914288
33972 0.00411987
31359 0.00416756
25732 0.00205994
28948 0.00338173
35781 0.000143766
21109 0.00266623
24124 0.00941753
38595 0.000660896
31560 0.00471258
34173 0.00184584
25933 0.0120621
35982 0.0013454
29149 0.00523686
24325 0.00544357
21310 0.00322294
38796 0.0320406
34374 0.0228882
31761 0.00425529
29350 0.0104587
24526 0.00190639
36183 0.00151324
21511 0.00602818
38997 0.0130301
26134 0.0188618
34575 0.00613022
31962 0.00942326
29551 0.0115695
24727 0.00165462
36384 0.00207686
21712 0.00240135
34776 0.0105815
26335 0.00779438
32163 0.0177851
29752 0.00892782
39198 0.0243063
24928 0.00788116
36585 0.00486732
21913 0.0126748
34977 0.00832462
26536 0.0170832
32364 0.0219646
39399 0.00682831
22718 0.00540543
36786 0.00819468
29953 0.00942898
22114 0.00535059
32767 0.00647163
26737 0.000713348
32565 0.0285754
39600 0.00956821
22919 0.00833416
36987 9.36985e-05
22315 0.0101318
27743 0.00150347
32968 0.000741005
26938 0.0139246
30154 0.00224447
39801 0.00373268
23120 0.00231409
37188 0.000704527
22516 0.0161204
27944 0.00243855
33169 0.00416231
27139 0.0239954
30355 0.00514841
23321 0.00113678
37389 0.00135517
20105 0.00235271
40002 0.00573444
33370 0.0244918
28145 0.00130057
27340 0.0135183
30556 0.00563145
23522 0.00202417
37590 0.000406265
20306 0.00555325
40203 0.00383186
28346 0.00305462
33571 0.00717258
27541 0.00337553
30757 0.011755
35179 0.0133357
23723 0.000609398
20507 0.0026269
37792 0.000238419
28547 0.0062058
33772 0.0332222
25130 0.0025301
30958 0.00340557
35380 0.000993967
23924 0.00324345
20708 0.00292301
28748 0.00318265
37993 0.0148664
33973 0.023005
25331 0.00599289
31159 0.00713062
24125 0.00150108
20909 0.00499582
35581 0.00233603
25532 0.0198669
34174 0.0151782
38194 0.00923967
28949 0.0154202
31360 0.0171642
24326 0.0113034
35782 0.00297832
21110 0.00386357
25733 0.0223322
38395 0.00284624
29150 0.00806284
34375 0.00589275
31561 0.00429392
24527 0.00138855
35983 0.00129128
21311 0.00538063
25934 0.00948715
38596 0.0186996
34576 0.00596476
29351 0.00339413
31762 0.0229058
36184 0.00244141
24728 0.00759315
21512 0.00978804
26135 0.00732136
38797 0.00353527
34777 0.00322008
29552 0.00445557
36385 0.00225425
31963 0.00689793
24929 0.0352535
21713 0.00847602
26336 0.00122452
38998 0.0042448
29753 5.43594e-05
34978 0.00164652
36586 0.00281787
22719 0.00632715
32164 0.0350671
21914 0.00823116
26537 0.0400515
39199 0.0111179
29954 0.00295162
32768 0.00793242
36787 0.000550032
22920 0.00405884
32365 0.0112848
26738 0.0308323
22115 0.00325918
39400 0.034586
27744 0.00221157
32969 0.0111933
36988 0.00674105
32566 0.0233326
26939 0.0166821
23121 0.00715017
22316 0.0053978
39601 0.000607491
27945 0.00359869
33170 0.00443554
37189 0.00241661
30155 0.00711441
27140 0.0100713
23322 0.00360727
39802 0.00284576
22517 0.00809288
28146 0.0103369
33371 0.000984192
30356 0.0242105
37390 0.000389576
27341 0.0259366
23523 0.00048542
40003 0.00902939
20106 0.00339246
28347 0.0146153
33572 0.00884104
30557 0.0212026
37591 0.00933886
27542 0.0057292
23724 0.00724363
40204 0.0208607
28548 0.000469923
20307 0.00311899
33773 0.00566173
30758 0.0118794
35180 0.00658035
25131 0.00156307
37793 0.0273609
23925 0.0030632
20508 0.000556469
33974 0.010973
35381 0.00454855
30959 0.00187492
28749 0.00361538
25332 0.0173903
37994 0.0251727
24126 0.00337887
20709 0.000952482
34175 0.00946498
28950 0.0121815
31160 0.0101399
35582 0.0038507
25533 0.0093689
38195 0.00729084
24327 0.0031085
20910 0.012558
34376 0.0090251
29151 0.00910091
31361 0.000613689
38396 0.0143223
24528 0.0031476
25734 0.00644207
21111 0.00328994
35783 0.000738144
34577 0.00821996
29352 8.7738e-05
31562 0.0163026
38597 0.00314331
25935 0.00327969
24729 0.0143862
21312 0.00289106
35984 0.00177217
34778 0.0104299
29553 0.00198889
31763 0.0233488
38798 0.0119591
26136 0.0087471
24930 0.010911
36185 2.24113e-05
34979 0.000426531
21513 0.00263429
29754 0.0153549
31964 0.0220423
38999 0.00343561
26337 0.0253038
22720 0.00805664
36386 0.00166821
32769 0.0060842
32165 0.00790977
21714 0.00902581
29955 0.000721931
26538 0.000638962
39200 0.000472546
22921 0.0061388
32970 0.0119033
36587 0.00272775
32366 0.0287454
27745 0.0134182
21915 0.00439763
26739 0.027319
23122 0.00639677
39401 0.00786924
33171 0.00132489
32567 0.000147104
36788 0.00472283
27946 0.00855017
22116 0.00817776
26940 0.0277109
39602 0.000340462
23323 0.00818682
33372 0.00363111
30156 0.0106649
36989 0.011343
28147 0.0119188
27141 0.0125465
22317 0.00549126
39803 0.00320721
23524 0.000247002
33573 0.00100517
30357 0.00652623
37190 0.00323582
28348 0.00129914
22518 0.00698662
27342 0.0144968
23725 0.00646305
33774 0.00338221
40004 0.00356388
30558 0.00699925
28549 0.00313783
37391 0.00213146
27543 0.00418758
20107 0.00147343
23926 0.00475788
40205 0.00202751
33975 0.00916386
30759 0.00484204
37592 0.00918198
28750 0.0067842
25132 0.0056324
20308 0.000332594
24127 0.00308418
30960 0.0056746
37794 0.0136209
28951 0.00249457
35181 0.0111167
34176 0.00426555
25333 0.0121899
20509 0.00615621
24328 0.00382757
31161 0.00382352
37995 0.0179791
35382 0.0034101
29152 0.00524569
20710 0.00161552
25534 0.00445557
24529 0.00074482
34377 0.0113447
38196 0.00474119
31362 0.00369072
35583 0.000376701
29353 0.0100095
20911 0.00462699
25735 0.00837421
34578 0.00309443
24730 0.00455666
38397 0.00650311
31563 0.000925303
35784 0.00326061
29554 0.00723791
25936 0.00344849
21112 1.88351e-05
34779 0.00788665
38598 0.000673771
24931 0.00402832
31764 0.00249147
35985 0.000507116
29755 0.00106668
26137 0.000349998
34980 0.00140762
38799 0.00346851
21313 0.00264096
36186 0.000294924
31965 0.0109909
29956 0.000539303
22721 0.0139756
26338 0.0162477
39000 0.00174189
32770 0.00486946
21514 0.014055
36387 5.22137e-05
32166 0.0126472
27746 0.0173688
22922 0.00944567
26539 0.00988579
32971 0.00200534
39201 0.00171852
21715 0.00763202
32367 0.00532413
36588 0.00247812
27947 0.00420237
23123 0.00503969
26740 0.0238228
33172 0.00466132
32568 0.00398111
21916 0.00643325
39402 0.00292921
36789 0.00263095
28148 0.00150061
26941 0.0229549
23324 0.0160027
33373 0.00158906
30157 0.000306368
22117 0.00180578
36990 0.00240612
28349 0.000314236
39603 0.0118876
27142 0.0379653
23525 0.000480652
33574 0.00116944
30358 0.000267744
22318 0.00741768
37191 0.00794435
28550 0.0004673
23726 0.00028944
27343 0.00638008
39804 0.000614643
33775 0.00212169
37392 0.00692511
30559 0.00674772
22519 0.00154114
28751 0.000255108
23927 0.00128841
33976 0.00291777
40005 0.0121603
27544 0.00067234
37593 0.00246429
28952 0.00305653
30760 0.00350928
20108 0.000817776
34177 0.00401187
24128 0.00210524
40206 0.00402546
25133 0.00980186
29153 3.98159e-05
35182 0.00179601
30961 0.00458503
20309 0.000750065
24329 0.00215387
34378 0.00439143
35383 0.00490189
29354 0.000762701
25334 0.00941277
37795 0.0159369
20510 0.000819683
31162 0.00448775
24530 0.00302315
34579 0.00365305
35584 0.00553489
29555 0.00387096
25535 0.00958347
31363 0.00444651
20711 0.00224328
37996 0.000119686
24731 0.00343227
34780 0.00981116
35785 0.000712633
25736 0.00577641
29756 0.00211692
31564 0.0170538
20912 0.000480175
24932 0.00433731
34981 0.00226641
38197 0.00262117
35986 0.00268364
25937 0.0118408
29957 0.00453544
31765 6.29425e-05
21113 0.00716519
22722 0.0101962
32771 0.00118399
38398 0.00925827
36187 0.000961304
31966 0.00564337
27747 0.00022769
26138 0.00687313
21314 0.00118423
22923 0.0040493
32972 0.000352859
38599 0.00235796
36388 0.0018754
32167 0.0157082
27948 0.00311685
26339 0.0114431
21515 0.00195336
23124 0.00151443
33173 0.00161791
38800 0.00347328
28149 0.00251865
32368 0.00729299
36589 0.000190735
26540 0.00913334
23325 0.00858927
21716 0.00877762
33374 0.00269747
