15075 0
12462 0
10050 0
7437 0
0 0
17487 0
2412 0
5025 0
15276 0
201 0
10251 0
7638 0
17688 0
12663 0
2613 0
5226 0
15477 0
402 0
10452 0
7839 0
17889 0
12864 0
2814 0
5427 0
15678 0
603 0
10653 0
8040 0
18090 0
13065 0
5628 0
3015 0
15879 0
804 0
10854 0
8241 0
18291 0
13266 0
3216 0
5829 0
16080 0
1005 0
11055 0
8442 0
18492 0
13467 0
6030 0
3417 0
16281 0
1206 0
11256 0
8643 0
18693 0
13668 0
6231 0
3618 0
16482 0
11457 0
1407 0
8844 0
18894 0
13869 0
6432 0
3819 0
16683 0
11658 0
1608 0
9045 0
14070 0
6633 0
19095 0
4020 0
16884 0
11859 0
1809 0
9246 0
14271 0
19296 0
6834 0
4221 0
17085 0
12060 0
9447 0
2010 0
14472 0
19497 0
7035 0
17286 0
4422 0
12261 0
9648 0
2211 0
14673 0
19698 0
10051 0
4623 0
15076 0
9849 0
7236 0
1 0
14874 0
19899 0
10252 0
4824 0
15277 0
7438 0
5026 0
12463 0
202 0
17488 0
10453 0
2413 0
15478 0
7639 0
5227 0
12664 0
403 0
17689 0
10654 0
2614 0
15679 0
7840 0
12865 0
5428 0
604 0
17890 0
15880 0
2815 0
10855 0
8041 0
13066 0
5629 0
805 0
18091 0
16081 0
3016 0
8242 0
11056 0
5830 0
1006 0
13267 0
16282 0
18292 0
3217 0
8443 0
6031 0
11257 0
1207 0
13468 0
16483 0
18493 0
3418 0
8644 0
6232 0
11458 0
13669 0
1408 0
16684 0
18694 0
3619 0
8845 0
13870 0
11659 0
6433 0
3820 0
18895 0
16885 0
1609 0
9046 0
11860 0
14071 0
6634 0
4021 0
1810 0
19096 0
17086 0
9247 0
12061 0
14272 0
6835 0
4222 0
2011 0
19297 0
17287 0
9448 0
12262 0
14473 0
4423 0
7036 0
19498 0
9649 0
10052 0
15077 0
2212 0
14674 0
7237 0
4624 0
19699 0
15278 0
9850 0
10253 0
2 0
14875 0
5027 0
19900 0
4825 0
7439 0
15479 0
12464 0
203 0
10454 0
17489 0
2414 0
5228 0
7640 0
15680 0
404 0
10655 0
12665 0
17690 0
2615 0
5429 0
7841 0
15881 0
605 0
10856 0
12866 0
17891 0
2816 0
5630 0
16082 0
8042 0
806 0
11057 0
13067 0
18092 0
5831 0
3017 0
8243 0
1007 0
16283 0
11258 0
13268 0
18293 0
6032 0
8444 0
3218 0
1208 0
16484 0
11459 0
13469 0
18494 0
6233 0
3419 0
1409 0
8645 0
11660 0
16685 0
13670 0
18695 0
6434 0
3620 0
8846 0
1610 0
11861 0
16886 0
13871 0
18896 0
6635 0
3821 0
9047 0
1811 0
12062 0
17087 0
14072 0
19097 0
6836 0
4022 0
12263 0
9248 0
2012 0
14273 0
17288 0
19298 0
7037 0
4223 0
10053 0
9449 0
2213 0
14474 0
19499 0
7238 0
15078 0
4424 0
10254 0
9650 0
3 0
14675 0
5028 0
4625 0
19700 0
15279 0
10455 0
9851 0
204 0
14876 0
5229 0
4826 0
19901 0
15480 0
7440 0
10656 0
405 0
12465 0
5430 0
15681 0
17490 0
2415 0
7641 0
10857 0
606 0
12666 0
5631 0
15882 0
17691 0
7842 0
2616 0
807 0
11058 0
12867 0
5832 0
16083 0
17892 0
2817 0
8043 0
1008 0
6033 0
13068 0
11259 0
16284 0
18093 0
8244 0
3018 0
1209 0
6234 0
13269 0
16485 0
11460 0
18294 0
8445 0
3219 0
1410 0
6435 0
16686 0
11661 0
18495 0
13470 0
8646 0
3420 0
1611 0
6636 0
16887 0
18696 0
11862 0
13671 0
8847 0
3621 0
1812 0
6837 0
17088 0
18897 0
12063 0
13872 0
9048 0
3822 0
2013 0
7038 0
17289 0
19098 0
12264 0
9249 0
14073 0
4023 0
2214 0
7239 0
15079 0
19299 0
10054 0
9450 0
4224 0
14274 0
5029 0
4 0
15280 0
19500 0
9651 0
10255 0
4425 0
14475 0
205 0
15481 0
19701 0
5230 0
9852 0
10456 0
4626 0
14676 0
406 0
19902 0
5431 0
15682 0
7441 0
10657 0
4827 0
607 0
14877 0
17491 0
5632 0
15883 0
10858 0
7642 0
2416 0
808 0
12466 0
17692 0
5833 0
16084 0
7843 0
11059 0
2617 0
1009 0
12667 0
17893 0
6034 0
16285 0
8044 0
2818 0
1210 0
11260 0
12868 0
18094 0
6235 0
16486 0
8245 0
3019 0
11461 0
1411 0
13069 0
18295 0
6436 0
16687 0
8446 0
3220 0
11662 0
13270 0
1612 0
18496 0
6637 0
8647 0
16888 0
3421 0
11863 0
13471 0
1813 0
18697 0
6838 0
8848 0
17089 0
3622 0
12064 0
13672 0
2014 0
18898 0
7039 0
9049 0
17290 0
3823 0
12265 0
13873 0
2215 0
19099 0
7240 0
15080 0
9250 0
10055 0
14074 0
4024 0
5 0
19300 0
5030 0
15281 0
9451 0
10256 0
206 0
4225 0
14275 0
19501 0
5231 0
9652 0
15482 0
10457 0
407 0
14476 0
4426 0
5432 0
19702 0
9853 0
15683 0
10658 0
608 0
14677 0
5633 0
4627 0
15884 0
19903 0
7442 0
10859 0
809 0
14878 0
5834 0
4828 0
16085 0
17492 0
7643 0
11060 0
1010 0
12467 0
6035 0
16286 0
2417 0
17693 0
7844 0
1211 0
11261 0
12668 0
6236 0
2618 0
16487 0
8045 0
17894 0
1412 0
11462 0
12869 0
6437 0
2819 0
16688 0
8246 0
18095 0
11663 0
1613 0
13070 0
6638 0
3020 0
16889 0
8447 0
18296 0
1814 0
13271 0
11864 0
6839 0
3221 0
17090 0
8648 0
18497 0
2015 0
13472 0
7040 0
12065 0
17291 0
8849 0
3422 0
18698 0
2216 0
13673 0
7241 0
12266 0
15081 0
9050 0
18899 0
3623 0
6 0
13874 0
5031 0
10056 0
15282 0
9251 0
19100 0
207 0
14075 0
5232 0
3824 0
10257 0
9452 0
15483 0
19301 0
408 0
14276 0
5433 0
4025 0
10458 0
9653 0
19502 0
15684 0
609 0
14477 0
5634 0
4226 0
10659 0
19703 0
15885 0
9854 0
810 0
14678 0
5835 0
4427 0
10860 0
19904 0
16086 0
7443 0
1011 0
14879 0
6036 0
4628 0
11061 0
17493 0
16287 0
7644 0
12468 0
1212 0
6237 0
4829 0
11262 0
16488 0
17694 0
7845 0
6438 0
1413 0
2418 0
12669 0
11463 0
16689 0
17895 0
8046 0
6639 0
1614 0
11664 0
12870 0
2619 0
16890 0
8247 0
18096 0
6840 0
1815 0
11865 0
2820 0
13071 0
8448 0
17091 0
18297 0
2016 0
7041 0
3021 0
13272 0
12066 0
8649 0
18498 0
17292 0
2217 0
7242 0
3222 0
13473 0
12267 0
18699 0
8850 0
15082 0
7 0
5032 0
3423 0
13674 0
10057 0
18900 0
15283 0
3624 0
9051 0
208 0
5233 0
13875 0
10258 0
19101 0
15484 0
3825 0
9252 0
14076 0
5434 0
409 0
10459 0
19302 0
15685 0
4026 0
9453 0
610 0
14277 0
5635 0
10660 0
19503 0
15886 0
4227 0
9654 0
811 0
14478 0
5836 0
16087 0
10861 0
4428 0
19704 0
9855 0
1012 0
14679 0
6037 0
16288 0
11062 0
4629 0
19905 0
7444 0
1213 0
14880 0
16489 0
6238 0
11263 0
4830 0
17494 0
7645 0
1414 0
16690 0
12469 0
6439 0
11464 0
2419 0
17695 0
7846 0
1615 0
12670 0
16891 0
6640 0
11665 0
2620 0
17896 0
8047 0
1816 0
12871 0
17092 0
6841 0
11866 0
2821 0
18097 0
2017 0
8248 0
13072 0
7042 0
17293 0
12067 0
3022 0
18298 0
2218 0
8449 0
13273 0
7243 0
15083 0
12268 0
3223 0
18499 0
8 0
8650 0
13474 0
15284 0
5033 0
3424 0
10058 0
18700 0
209 0
8851 0
13675 0
15485 0
5234 0
3625 0
18901 0
10259 0
410 0
9052 0
13876 0
15686 0
5435 0
3826 0
19102 0
10460 0
611 0
9253 0
14077 0
15887 0
5636 0
4027 0
19303 0
10661 0
9454 0
812 0
14278 0
16088 0
5837 0
4228 0
19504 0
10862 0
9655 0
14479 0
1013 0
16289 0
6038 0
4429 0
19705 0
11063 0
9856 0
14680 0
1214 0
6239 0
16490 0
4630 0
19906 0
7445 0
14881 0
1415 0
11264 0
6440 0
16691 0
4831 0
17495 0
7646 0
12470 0
1616 0
6641 0
11465 0
2420 0
16892 0
17696 0
7847 0
12671 0
1817 0
6842 0
11666 0
17093 0
2621 0
17897 0
8048 0
2018 0
12872 0
7043 0
11867 0
17294 0
2822 0
18098 0
8249 0
2219 0
13073 0
7244 0
12068 0
15084 0
3023 0
18299 0
9 0
8450 0
5034 0
13274 0
12269 0
15285 0
3224 0
18500 0
210 0
8651 0
5235 0
10059 0
13475 0
15486 0
3425 0
18701 0
411 0
8852 0
5436 0
10260 0
13676 0
15687 0
3626 0
18902 0
612 0
9053 0
5637 0
10461 0
13877 0
15888 0
3827 0
813 0
19103 0
9254 0
5838 0
10662 0
14078 0
16089 0
4028 0
1014 0
19304 0
9455 0
6039 0
10863 0
16290 0
4229 0
14279 0
1215 0
19505 0
9656 0
11064 0
6240 0
16491 0
4430 0
14480 0
1416 0
19706 0
11265 0
9857 0
6441 0
16692 0
4631 0
1617 0
14681 0
19907 0
7446 0
11466 0
6642 0
16893 0
4832 0
1818 0
14882 0
17496 0
7647 0
6843 0
11667 0
17094 0
2421 0
2019 0
7848 0
17697 0
12471 0
7044 0
2622 0
11868 0
17295 0
2220 0
8049 0
17898 0
12672 0
7245 0
2823 0
12069 0
15085 0
10 0
8250 0
18099 0
12873 0
5035 0
3024 0
15286 0
12270 0
211 0
8451 0
18300 0
13074 0
5236 0
3225 0
15487 0
10060 0
412 0
8652 0
18501 0
5437 0
10261 0
15688 0
3426 0
13275 0
613 0
8853 0
10462 0
18702 0
5638 0
3627 0
814 0
13476 0
15889 0
9054 0
10663 0
18903 0
5839 0
3828 0
1015 0
13677 0
16090 0
9255 0
10864 0
6040 0
19104 0
4029 0
1216 0
13878 0
16291 0
9456 0
11065 0
6241 0
4230 0
19305 0
1417 0
14079 0
16492 0
9657 0
11266 0
6442 0
4431 0
19506 0
14280 0
1618 0
9858 0
6643 0
16693 0
11467 0
4632 0
19707 0
14481 0
1819 0
7447 0
6844 0
16894 0
4833 0
11668 0
19908 0
2020 0
14682 0
7648 0
7045 0
17095 0
2422 0
17497 0
11869 0
2221 0
14883 0
7849 0
2623 0
17296 0
17698 0
7246 0
12070 0
11 0
8050 0
12472 0
2824 0
15086 0
17899 0
212 0
12271 0
5036 0
8251 0
12673 0
3025 0
15287 0
18100 0
413 0
5237 0
10061 0
8452 0
3226 0
15488 0
12874 0
614 0
18301 0
5438 0
10262 0
8653 0
3427 0
15689 0
13075 0
815 0
18502 0
5639 0
10463 0
8854 0
3628 0
13276 0
15890 0
10664 0
1016 0
18703 0
9055 0
5840 0
3829 0
13477 0
16091 0
10865 0
1217 0
9256 0
18904 0
4030 0
6041 0
16292 0
13678 0
11066 0
1418 0
9457 0
19105 0
4231 0
6242 0
16493 0
13879 0
11267 0
1619 0
9658 0
19306 0
4432 0
6443 0
16694 0
14080 0
1820 0
9859 0
11468 0
19507 0
4633 0
6644 0
16895 0
14281 0
2021 0
11669 0
19708 0
4834 0
6845 0
7448 0
17096 0
14482 0
2423 0
17297 0
2222 0
11870 0
7046 0
19909 0
7649 0
14683 0
2624 0
20100 0
22713 0
7247 0
7850 0
12071 0
17498 0
14884 0
2825 0
20301 0
25125 0
8051 0
12272 0
22914 0
17699 0
12473 0
3026 0
20502 0
8252 0
25326 0
23115 0
27738 0
12674 0
17900 0
3227 0
20703 0
8453 0
25527 0
27939 0
23316 0
12875 0
18101 0
3428 0
20904 0
8654 0
25728 0
23517 0
28140 0
18302 0
13076 0
3629 0
21105 0
25929 0
8855 0
28341 0
23718 0
13277 0
18503 0
3830 0
21306 0
26130 0
9056 0
28542 0
18704 0
13478 0
21507 0
4031 0
23919 0
26331 0
9257 0
28743 0
18905 0
13679 0
21708 0
24120 0
26532 0
4232 0
9458 0
28944 0
13880 0
19106 0
21909 0
26733 0
9659 0
4433 0
24321 0
29145 0
19307 0
14081 0
22110 0
26934 0
9860 0
4634 0
29346 0
19508 0
24522 0
14282 0
22311 0
27135 0
30150 0
4835 0
29547 0
24723 0
14483 0
27336 0
19709 0
30351 0
22512 0
29748 0
32763 0
24924 0
14684 0
27537 0
19910 0
30552 0
20101 0
29949 0
32964 0
22714 0
14885 0
25126 0
35175 0
30753 0
20302 0
27739 0
33165 0
22915 0
37788 0
25327 0
35376 0
20503 0
30954 0
27940 0
33366 0
37989 0
23116 0
25528 0
35577 0
20704 0
31155 0
38190 0
28141 0
33567 0
23317 0
35778 0
25729 0
20905 0
31356 0
28342 0
38391 0
25930 0
23518 0
35979 0
33768 0
21106 0
31557 0
26131 0
38592 0
28543 0
23719 0
33969 0
36180 0
21307 0
31758 0
26332 0
38793 0
23920 0
28744 0
36381 0
34170 0
21508 0
31959 0
26533 0
38994 0
28945 0
24121 0
36582 0
21709 0
34371 0
32160 0
26734 0
39195 0
29146 0
36783 0
24322 0
21910 0
32361 0
34572 0
39396 0
26935 0
29347 0
36984 0
24523 0
22111 0
32562 0
39597 0
34773 0
29548 0
27136 0
37185 0
24724 0
22312 0
30151 0
34974 0
39798 0
29749 0
27337 0
24925 0
37386 0
22513 0
30352 0
39999 0
32764 0
27538 0
29950 0
20102 0
22715 0
37587 0
30553 0
32965 0
40200 0
25127 0
35176 0
20303 0
27740 0
30754 0
22916 0
33166 0
37789 0
25328 0
35377 0
27941 0
20504 0
23117 0
33367 0
30955 0
37990 0
25529 0
35578 0
28142 0
23318 0
20705 0
33568 0
31156 0
38191 0
35779 0
25730 0
28343 0
20906 0
33769 0
23519 0
31357 0
38392 0
35980 0
25931 0
28544 0
21107 0
23720 0
33970 0
31558 0
38593 0
36181 0
26132 0
28745 0
21308 0
34171 0
23921 0
38794 0
36382 0
31759 0
26333 0
28946 0
21509 0
34372 0
24122 0
38995 0
31960 0
29147 0
21710 0
26534 0
36583 0
34573 0
24323 0
39196 0
32161 0
29348 0
21911 0
26735 0
36784 0
34774 0
24524 0
39397 0
32362 0
29549 0
22112 0
36985 0
24725 0
26936 0
39598 0
34975 0
32563 0
29750 0
22313 0
37186 0
24926 0
39799 0
27137 0
32765 0
30152 0
29951 0
22514 0
37387 0
22716 0
40000 0
27338 0
32966 0
27741 0
30353 0
20103 0
22917 0
37588 0
40201 0
27539 0
33167 0
27942 0
30554 0
20304 0
23118 0
35177 0
37790 0
25128 0
28143 0
33368 0
30755 0
20505 0
23319 0
35378 0
37991 0
25329 0
28344 0
33569 0
30956 0
20706 0
23520 0
38192 0
25530 0
35579 0
28545 0
33770 0
31157 0
20907 0
23721 0
38393 0
25731 0
28746 0
35780 0
31358 0
33971 0
21108 0
23922 0
38594 0
28947 0
25932 0
31559 0
35981 0
34172 0
38795 0
24123 0
21309 0
26133 0
29148 0
31760 0
36182 0
38996 0
34373 0
24324 0
21510 0
29349 0
31961 0
26334 0
36383 0
24525 0
21711 0
34574 0
29550 0
39197 0
26535 0
32162 0
36584 0
24726 0
21912 0
39398 0
34775 0
26736 0
32363 0
29751 0
36785 0
24927 0
22113 0
39599 0
34976 0
32564 0
26937 0
29952 0
36986 0
22314 0
22717 0
39800 0
32766 0
30153 0
27138 0
27742 0
37187 0
22515 0
22918 0
40001 0
32967 0
30354 0
27339 0
27943 0
20104 0
23119 0
37388 0
40202 0
33168 0
30555 0
27540 0
28144 0
20305 0
37589 0
33369 0
23320 0
30756 0
37791 0
28345 0
25129 0
20506 0
35178 0
23521 0
37992 0
33570 0
30957 0
25330 0
28546 0
20707 0
35379 0
23722 0
38193 0
33771 0
31158 0
25531 0
28747 0
35580 0
20908 0
23923 0
38394 0
33972 0
31359 0
25732 0
28948 0
35781 0
21109 0
24124 0
38595 0
31560 0
34173 0
25933 0
35982 0
29149 0
24325 0
21310 0
38796 0
34374 0
31761 0
29350 0
24526 0
36183 0
21511 0
38997 0
26134 0
34575 0
31962 0
29551 0
24727 0
36384 0
21712 0
34776 0
26335 0
32163 0
29752 0
39198 0
24928 0
36585 0
21913 0
34977 0
26536 0
32364 0
39399 0
22718 0
36786 0
29953 0
22114 0
32767 0
26737 0
32565 0
39600 0
22919 0
36987 0
22315 0
27743 0
32968 0
26938 0
30154 0
39801 0
23120 0
37188 0
22516 0
27944 0
33169 0
27139 0
30355 0
23321 0
37389 0
20105 0
33370 0
40002 0
28145 0
27340 0
30556 0
23522 0
37590 0
20306 0
40203 0
28346 0
33571 0
27541 0
30757 0
35179 0
23723 0
20507 0
37792 0
28547 0
33772 0
25130 0
30958 0
35380 0
23924 0
20708 0
28748 0
37993 0
33973 0
25331 0
31159 0
24125 0
20909 0
35581 0
25532 0
34174 0
38194 0
28949 0
31360 0
24326 0
35782 0
21110 0
25733 0
38395 0
29150 0
34375 0
31561 0
24527 0
35983 0
21311 0
25934 0
38596 0
34576 0
29351 0
31762 0
36184 0
24728 0
21512 0
26135 0
38797 0
34777 0
29552 0
36385 0
31963 0
24929 0
21713 0
26336 0
38998 0
29753 0
34978 0
36586 0
32164 0
22719 0
21914 0
26537 0
39199 0
29954 0
32768 0
36787 0
22920 0
32365 0
26738 0
22115 0
39400 0
27744 0
32969 0
36988 0
32566 0
26939 0
23121 0
22316 0
39601 0
27945 0
33170 0
37189 0
30155 0
27140 0
23322 0
39802 0
22517 0
28146 0
33371 0
37390 0
30356 0
27341 0
23523 0
40003 0
20106 0
28347 0
33572 0
30557 0
37591 0
27542 0
23724 0
40204 0
28548 0
20307 0
33773 0
30758 0
35180 0
25131 0
37793 0
23925 0
20508 0
33974 0
35381 0
30959 0
25332 0
28749 0
37994 0
24126 0
20709 0
34175 0
28950 0
31160 0
35582 0
25533 0
38195 0
24327 0
20910 0
34376 0
29151 0
31361 0
38396 0
25734 0
24528 0
21111 0
35783 0
34577 0
29352 0
31562 0
38597 0
25935 0
24729 0
21312 0
35984 0
34778 0
29553 0
31763 0
38798 0
26136 0
24930 0
36185 0
34979 0
21513 0
29754 0
31964 0
38999 0
26337 0
22720 0
36386 0
32769 0
32165 0
21714 0
29955 0
26538 0
39200 0
22921 0
32970 0
36587 0
32366 0
27745 0
21915 0
26739 0
23122 0
39401 0
33171 0
32567 0
36788 0
27946 0
22116 0
26940 0
39602 0
23323 0
33372 0
30156 0
36989 0
28147 0
27141 0
22317 0
39803 0
23524 0
33573 0
30357 0
37190 0
28348 0
22518 0
27342 0
23725 0
33774 0
40004 0
30558 0
28549 0
37391 0
27543 0
20107 0
23926 0
40205 0
33975 0
30759 0
37592 0
28750 0
25132 0
20308 0
24127 0
30960 0
37794 0
28951 0
35181 0
34176 0
25333 0
20509 0
24328 0
31161 0
37995 0
35382 0
29152 0
20710 0
25534 0
24529 0
34377 0
38196 0
31362 0
35583 0
29353 0
20911 0
25735 0
34578 0
24730 0
38397 0
31563 0
35784 0
29554 0
25936 0
21112 0
34779 0
38598 0
24931 0
31764 0
35985 0
29755 0
26137 0
34980 0
38799 0
21313 0
36186 0
31965 0
29956 0
22721 0
26338 0
39000 0
32770 0
21514 0
36387 0
32166 0
27746 0
22922 0
26539 0
32971 0
39201 0
21715 0
32367 0
36588 0
27947 0
23123 0
26740 0
33172 0
32568 0
21916 0
39402 0
36789 0
28148 0
26941 0
23324 0
33373 0
30157 0
22117 0
36990 0
28349 0
39603 0
27142 0
23525 0
33574 0
30358 0
22318 0
37191 0
28550 0
27343 0
23726 0
39804 0
33775 0
30559 0
37392 0
22519 0
28751 0
23927 0
33976 0
40005 0
27544 0
37593 0
28952 0
30760 0
20108 0
34177 0
24128 0
40206 0
25133 0
29153 0
35182 0
30961 0
20309 0
24329 0
34378 0
35383 0
29354 0
25334 0
37795 0
31162 0
20510 0
24530 0
34579 0
35584 0
29555 0
25535 0
31363 0
20711 0
37996 0
24731 0
34780 0
35785 0
25736 0
29756 0
31564 0
20912 0
24932 0
34981 0
38197 0
35986 0
25937 0
29957 0
31765 0
21113 0
22722 0
32771 0
38398 0
36187 0
31966 0
27747 0
26138 0
21314 0
22923 0
32972 0
38599 0
36388 0
32167 0
27948 0
26339 0
21515 0
23124 0
33173 0
38800 0
28149 0
32368 0
36589 0
26540 0
23325 0
21716 0
33374 0
