15075 1.07113 0.895534 0.824502
0 0.261805 0.217025 0.202559
7437 0.380972 0.307564 0.2556
10050 0.497473 0.39185 0.310749
2412 0.409703 0.341384 0.329521
17487 2.51183 2.14743 1.94249
12462 1.78313 1.39569 1.01661
5025 0.369752 0.315425 0.300049
201 0.269693 0.223516 0.210459
15276 1.08319 0.90856 0.852931
10251 0.522933 0.412801 0.32582
7638 0.395164 0.31749 0.26157
17688 2.56494 2.19545 1.98385
5226 0.361335 0.307052 0.289218
12663 1.73136 1.362 1.00094
2613 0.395776 0.328813 0.31612
15477 1.11826 0.942567 0.895509
402 0.282328 0.23425 0.222015
10452 0.564749 0.447537 0.353092
7839 0.405497 0.325575 0.266868
17889 2.5399 2.17683 1.96073
12864 1.64446 1.30218 0.961018
2814 0.381648 0.315299 0.301899
5427 0.353308 0.299205 0.277287
15678 1.17685 0.996738 0.953875
603 0.297882 0.248058 0.23537
10653 0.645914 0.512151 0.404272
8040 0.414705 0.333372 0.271835
18090 2.43356 2.08369 1.84761
13065 1.53985 1.22838 0.907876
5628 0.342963 0.289486 0.264889
3015 0.367954 0.302118 0.288414
15879 1.24806 1.06219 1.01945
804 0.318201 0.266488 0.252401
10854 0.777034 0.615678 0.484455
8241 0.429162 0.344035 0.279089
18291 2.33119 1.99517 1.73707
13266 1.40901 1.13354 0.852817
3216 0.362296 0.296783 0.284463
5829 0.332884 0.279663 0.252888
16080 1.36108 1.1633 1.1111
1005 0.336584 0.282233 0.268513
11055 0.905903 0.716862 0.560618
8442 0.445129 0.354754 0.286583
18492 2.22309 1.90265 1.61646
13467 1.27721 1.03624 0.795947
3417 0.361358 0.296382 0.285544
6030 0.329048 0.274937 0.244413
16281 1.4861 1.2723 1.20522
1206 0.362338 0.303109 0.290107
11256 1.04466 0.824644 0.638001
8643 0.454186 0.361553 0.292203
18693 2.12633 1.81917 1.50147
13668 1.18364 0.966434 0.764849
6231 0.335473 0.278376 0.245276
3618 0.366069 0.302089 0.292907
16482 1.64953 1.40884 1.32617
1407 0.390656 0.324256 0.312179
11457 1.23136 0.968157 0.737961
8844 0.461915 0.367047 0.297198
18894 2.03608 1.74089 1.38548
13869 1.12691 0.922844 0.741569
6432 0.342561 0.28275 0.249739
3819 0.36842 0.305967 0.296889
16683 1.86311 1.58699 1.48441
11658 1.40828 1.10318 0.828822
1608 0.410591 0.339101 0.327985
9045 0.467566 0.370157 0.30117
14070 1.08501 0.891827 0.730345
19095 1.97408 1.68545 1.28885
6633 0.352597 0.288538 0.250278
4020 0.374583 0.314285 0.304459
16884 2.01557 1.71469 1.59452
11859 1.56362 1.22232 0.907208
1809 0.418917 0.346271 0.335788
9246 0.46892 0.370237 0.301413
14271 1.06534 0.880119 0.739946
19296 1.95845 1.66958 1.24016
6834 0.363231 0.295146 0.25117
4221 0.375617 0.317255 0.30644
17085 2.20584 1.88161 1.72511
12060 1.77732 1.38466 1.0092
9447 0.469 0.369564 0.300257
2010 0.421283 0.349261 0.338826
14472 1.06627 0.882447 0.757309
19497 1.97275 1.68003 1.21517
7035 0.36548 0.296947 0.250174
17286 2.39035 2.04313 1.85329
4422 0.377857 0.320922 0.309701
12261 1.80543 1.40873 1.024
9648 0.476226 0.375945 0.304496
2211 0.418653 0.348891 0.337697
14673 1.07007 0.888091 0.78186
19698 2.05242 1.74951 1.23144
10051 0.513317 0.400619 0.313677
4623 0.379577 0.324067 0.312762
15076 1.04716 0.884901 0.830441
7236 0.371246 0.300984 0.25181
9849 0.486348 0.384025 0.308913
1 0.295416 0.245776 0.23386
14874 1.07051 0.890721 0.80051
19899 2.11667 1.8054 1.25605
10252 0.5486 0.428713 0.334117
4824 0.375718 0.320828 0.30858
15277 1.07427 0.909252 0.869521
7438 0.395798 0.316309 0.258775
5026 0.380665 0.327821 0.306966
202 0.307457 0.254891 0.244086
12463 1.93275 1.5143 1.12293
17488 2.53315 2.15966 1.9564
10453 0.599563 0.470307 0.366805
2413 0.392288 0.326862 0.315137
15478 1.11527 0.947396 0.915935
7639 0.408334 0.325892 0.265752
5227 0.370893 0.317743 0.290689
12664 1.77539 1.40177 1.07709
403 0.31325 0.259414 0.248205
17689 2.60899 2.22512 2.01353
10654 0.719523 0.563668 0.436276
2614 0.386523 0.321558 0.309956
15679 1.18046 1.00486 0.974218
7840 0.419968 0.335151 0.273195
12865 1.60619 1.28005 1.0051
5428 0.363223 0.309544 0.278321
604 0.33141 0.274692 0.262166
10855 0.911996 0.711205 0.543074
17890 2.61147 2.22746 2.00576
15880 1.25072 1.06712 1.02798
2815 0.381092 0.31602 0.304546
8041 0.433153 0.345861 0.280612
13066 1.46819 1.17954 0.927829
5629 0.351974 0.29806 0.263071
805 0.343902 0.286393 0.271538
18091 2.48852 2.12045 1.85893
16081 1.34986 1.15526 1.09597
3016 0.374257 0.309081 0.297935
11056 1.10601 0.859204 0.649423
8242 0.44407 0.353989 0.28653
13267 1.31763 1.0693 0.854583
5830 0.346358 0.291436 0.254053
1006 0.361174 0.300336 0.285013
16282 1.48688 1.27411 1.19018
18292 2.36806 2.01754 1.72328
3217 0.373988 0.309107 0.299105
8443 0.456026 0.361812 0.292179
11257 1.31821 1.01936 0.759687
6031 0.344474 0.287387 0.248473
1207 0.374543 0.310938 0.296699
13468 1.18785 0.974136 0.790434
16483 1.68162 1.4345 1.33411
18493 2.22344 1.89682 1.58492
3418 0.374944 0.310597 0.301378
8644 0.463304 0.366726 0.295893
6232 0.350449 0.289228 0.248566
11458 1.5422 1.18992 0.875893
13669 1.12488 0.928526 0.76667
1408 0.388287 0.32048 0.307047
16684 1.86373 1.58437 1.46836
18694 2.10663 1.79497 1.44326
3619 0.382551 0.319449 0.310797
8845 0.466321 0.368627 0.297461
6433 0.360982 0.295354 0.253442
11659 1.78762 1.37906 1.00116
1609 0.399088 0.328551 0.316007
13870 1.08184 0.897166 0.75383
16885 2.06479 1.75104 1.61616
18895 2.00186 1.70388 1.32346
3820 0.387405 0.325893 0.317068
9046 0.468065 0.36906 0.297897
14071 1.0469 0.872189 0.747374
11860 1.94539 1.50349 1.08205
6634 0.372044 0.301496 0.255601
4021 0.39139 0.331796 0.322406
1810 0.401307 0.331203 0.319083
19096 1.94399 1.6517 1.24167
9247 0.467392 0.367284 0.29577
17086 2.26699 1.92641 1.76381
12061 2.05627 1.59324 1.13885
14272 1.03575 0.866029 0.755116
6835 0.381858 0.306872 0.256296
4222 0.397025 0.339378 0.330126
2011 0.398388 0.33001 0.317965
19297 1.9379 1.64609 1.21072
17287 2.41958 2.06055 1.87475
9448 0.465828 0.3645 0.292171
12262 2.02147 1.57328 1.1375
14473 1.02615 0.86245 0.768436
4423 0.398646 0.342675 0.333516
7036 0.383392 0.30739 0.25467
19498 1.96259 1.66737 1.20349
2212 0.398306 0.331477 0.319667
9649 0.477895 0.372947 0.296211
15077 1.03596 0.884823 0.834376
10052 0.543111 0.419843 0.322249
14674 1.01995 0.862371 0.789548
7237 0.389878 0.311563 0.255909
4624 0.397577 0.3435 0.332477
19699 2.02213 1.7208 1.22243
9850 0.493329 0.384955 0.303982
15278 1.06938 0.912163 0.870547
10253 0.589726 0.456849 0.350054
2 0.345961 0.289199 0.27868
14875 1.0324 0.87188 0.806417
5027 0.386742 0.334612 0.311486
4825 0.391712 0.338496 0.324383
19900 2.09695 1.78528 1.25435
7439 0.415126 0.32925 0.265048
15479 1.11043 0.950745 0.903139
203 0.359943 0.29926 0.289279
12464 2.03723 1.60239 1.22999
10454 0.687243 0.532436 0.404674
17489 2.66191 2.27453 2.05024
2414 0.377675 0.31473 0.302981
5228 0.380013 0.326334 0.29645
7640 0.425905 0.337892 0.271696
15680 1.18068 1.01542 0.954191
404 0.363509 0.300817 0.289654
10655 0.841195 0.650752 0.489435
12665 1.83684 1.45666 1.16481
17690 2.71199 2.31658 2.07519
2615 0.379281 0.315878 0.304804
5429 0.37792 0.322198 0.288107
7841 0.439704 0.34828 0.280322
15881 1.27986 1.10176 1.02511
605 0.376378 0.310673 0.298087
10856 1.06448 0.820942 0.609849
12866 1.63693 1.31138 1.08167
17891 2.69251 2.29666 2.03261
2816 0.380487 0.316652 0.306296
5630 0.374856 0.31662 0.278832
8042 0.448203 0.355255 0.28626
16082 1.40248 1.20528 1.11702
806 0.376747 0.311038 0.29608
11057 1.33601 1.02538 0.752414
13067 1.4291 1.1585 0.963824
18092 2.58968 2.20536 1.89563
5831 0.369067 0.308905 0.268836
3017 0.380531 0.316252 0.306565
8243 0.454609 0.3605 0.291083
1007 0.380953 0.314099 0.297827
16283 1.56304 1.34034 1.23345
11258 1.5443 1.18243 0.859055
13268 1.26426 1.03688 0.873334
18293 2.48777 2.11642 1.76149
6032 0.374426 0.309806 0.268436
3218 0.383173 0.319233 0.310132
8444 0.461696 0.365229 0.295328
1208 0.381996 0.314347 0.299229
16484 1.7222 1.47154 1.34994
11459 1.84122 1.40795 1.00965
13469 1.15323 0.954221 0.809658
18494 2.38078 2.0243 1.63009
6233 0.378339 0.309685 0.266224
3419 0.385405 0.32194 0.313274
1409 0.38338 0.315072 0.300761
8645 0.463782 0.366283 0.295853
16685 1.92271 1.63818 1.50049
11660 2.06074 1.58044 1.13289
13670 1.07457 0.897746 0.77464
18695 2.26543 1.92376 1.49818
6434 0.385472 0.313032 0.26619
3620 0.389473 0.327067 0.318132
1610 0.380587 0.313207 0.299114
8846 0.46397 0.365737 0.294417
11861 2.21758 1.70776 1.22757
16886 2.1792 1.85526 1.69632
13871 1.03511 0.868831 0.754417
18896 2.15882 1.83128 1.39418
6635 0.387892 0.311619 0.259986
3821 0.394356 0.333767 0.324144
9047 0.463442 0.364369 0.291134
1811 0.376755 0.311413 0.297514
12062 2.3075 1.78732 1.29763
17087 2.38575 2.0341 1.85175
14072 0.991445 0.838815 0.740079
19097 2.07536 1.75677 1.31161
6836 0.391352 0.311536 0.255737
4022 0.397174 0.338495 0.328356
9248 0.463351 0.362896 0.287875
12263 2.20352 1.72081 1.28472
2012 0.373372 0.30991 0.296279
17288 2.57839 2.20224 1.9942
14273 0.977484 0.832054 0.742314
19298 2.01606 1.70589 1.25805
7037 0.399245 0.315983 0.257325
4223 0.399598 0.343529 0.33336
10053 0.603045 0.462895 0.344676
9449 0.462547 0.359645 0.282266
2213 0.375314 0.312228 0.299489
14474 0.979297 0.836775 0.758487
19499 2.00227 1.69393 1.23606
7238 0.408156 0.322325 0.261085
15078 1.02937 0.886357 0.828984
4424 0.401344 0.347444 0.337566
10254 0.703449 0.539984 0.398172
9650 0.480073 0.371479 0.288647
3 0.394615 0.330413 0.319938
14675 0.991049 0.847621 0.782611
5028 0.389878 0.337538 0.312617
15279 1.06647 0.916233 0.859837
19700 2.04969 1.73485 1.252
4625 0.398957 0.346667 0.334297
10455 0.839413 0.643911 0.469939
9851 0.506775 0.39121 0.301487
204 0.394938 0.328764 0.317543
14876 1.00626 0.860864 0.802808
5229 0.389102 0.334064 0.304073
4826 0.395389 0.343881 0.328037
19901 2.11324 1.78951 1.28034
15480 1.11546 0.963133 0.889346
7440 0.425143 0.336977 0.273802
10656 0.997138 0.764605 0.555857
405 0.39608 0.328517 0.31635
12465 2.10856 1.67246 1.36485
5430 0.391621 0.333131 0.299296
15681 1.18765 1.03192 0.932829
2415 0.376101 0.312234 0.300053
17490 2.8575 2.45168 2.17763
7641 0.432492 0.343245 0.279293
10857 1.24731 0.953544 0.684956
606 0.397178 0.328748 0.315458
12666 1.91272 1.52613 1.27444
5631 0.391464 0.329828 0.292332
15882 1.30816 1.13508 1.02171
17691 2.84841 2.43817 2.145
2616 0.379711 0.315826 0.304368
7842 0.438032 0.347295 0.282671
807 0.389778 0.322808 0.308459
12867 1.67323 1.34892 1.15296
11058 1.50337 1.14633 0.816516
5832 0.393254 0.327717 0.288081
16083 1.45457 1.25704 1.13406
17892 2.82473 2.41278 2.07927
2817 0.383565 0.319797 0.309196
8043 0.442541 0.350649 0.284184
1008 0.38374 0.318438 0.303892
6033 0.395211 0.325532 0.284557
13068 1.47869 1.20566 1.04108
11259 1.78541 1.35997 0.960076
16284 1.63624 1.40909 1.27108
18093 2.74236 2.33727 1.95954
3018 0.385914 0.322402 0.312252
8244 0.448277 0.354713 0.28544
1209 0.379513 0.314433 0.300693
6234 0.399277 0.325322 0.282819
13269 1.2753 1.05256 0.91775
16485 1.81753 1.55801 1.40699
11460 2.01927 1.54003 1.08403
18294 2.64928 2.25318 1.82662
8445 0.447954 0.353547 0.282721
3219 0.388093 0.325031 0.315246
1410 0.375441 0.311066 0.297826
6435 0.400874 0.32445 0.278095
16686 2.04371 1.75446 1.57188
11661 2.24193 1.71816 1.22678
13470 1.12874 0.941599 0.827561
18495 2.54587 2.16124 1.69474
8646 0.447292 0.351339 0.278255
3420 0.390429 0.328105 0.318304
1611 0.371642 0.307904 0.294276
6636 0.403146 0.32377 0.27402
16887 2.31279 1.98551 1.78158
18696 2.43371 2.06313 1.58397
11862 2.42689 1.87332 1.37171
13671 1.04225 0.877532 0.777513
8847 0.446659 0.348698 0.27326
3621 0.392731 0.331608 0.321221
1812 0.36974 0.306497 0.292712
6837 0.403121 0.320434 0.264977
17088 2.53186 2.17325 1.95097
18897 2.2961 1.94311 1.46582
12063 2.46849 1.92263 1.4568
13872 0.980142 0.833945 0.745359
9048 0.446895 0.347609 0.269646
3822 0.394101 0.334284 0.323257
2013 0.368978 0.306093 0.29232
7038 0.410127 0.324409 0.266217
17289 2.73774 2.34929 2.10431
19098 2.17189 1.83512 1.37441
12264 2.33707 1.83674 1.44488
14073 0.916906 0.790232 0.713264
9249 0.453249 0.351779 0.271436
4023 0.394179 0.336765 0.325026
2214 0.372137 0.308861 0.295811
7239 0.41886 0.330614 0.270292
15079 1.02104 0.884981 0.80274
19299 2.09659 1.76953 1.31748
10054 0.668271 0.511092 0.368417
9450 0.464516 0.358087 0.272349
4224 0.394696 0.340008 0.328034
14274 0.91765 0.794957 0.719756
4 0.428599 0.357884 0.346333
5029 0.393832 0.336879 0.314992
15280 1.06824 0.925786 0.833557
19500 2.04797 1.72732 1.27514
9651 0.497549 0.38221 0.288155
10255 0.787886 0.602101 0.429498
4425 0.395043 0.343275 0.331236
14475 0.93218 0.809035 0.737383
205 0.417153 0.347075 0.333579
15481 1.12737 0.981537 0.874925
19701 2.086 1.75881 1.2932
5230 0.395963 0.335762 0.309661
9852 0.541259 0.415114 0.310752
10456 0.933048 0.712375 0.505151
4626 0.394514 0.344012 0.329392
14676 0.956642 0.829259 0.765114
406 0.41061 0.341161 0.326826
19902 2.14643 1.80986 1.32073
5431 0.400284 0.337171 0.307617
15682 1.21538 1.06435 0.937892
7441 0.430519 0.342433 0.284172
10657 1.16227 0.885059 0.622091
4827 0.393601 0.343303 0.325349
607 0.40594 0.33742 0.323187
14877 0.987241 0.853305 0.792881
17491 3.08957 2.6638 2.29297
5632 0.404645 0.338067 0.305313
15883 1.35916 1.19022 1.03866
10858 1.39329 1.05842 0.738987
7642 0.431387 0.344192 0.285152
2416 0.376624 0.312795 0.30055
808 0.395433 0.329804 0.316527
12466 2.14147 1.68553 1.32669
5833 0.407515 0.33808 0.303344
17692 3.10708 2.6696 2.25918
16084 1.52192 1.32753 1.16135
11059 1.64382 1.24713 0.868166
7843 0.428723 0.341784 0.282883
2617 0.380265 0.317036 0.305216
1009 0.382395 0.320459 0.308703
12667 1.83764 1.4623 1.17419
17893 3.0892 2.64482 2.1645
6034 0.407543 0.334773 0.298207
16285 1.75903 1.53086 1.33522
8044 0.427118 0.340406 0.277109
11260 1.92489 1.46074 1.01484
2818 0.382515 0.320068 0.308478
1210 0.375249 0.31428 0.302672
12868 1.59944 1.28744 1.05671
18094 2.98174 2.54647 2.05527
6235 0.407601 0.331295 0.293194
16486 1.97083 1.71487 1.48928
8245 0.427037 0.339663 0.270539
3019 0.384188 0.322479 0.311004
11461 2.18986 1.66629 1.15888
1411 0.369714 0.309404 0.298064
13069 1.3976 1.13608 0.948718
18295 2.83404 2.41413 1.91278
6436 0.412378 0.334194 0.295565
16687 2.18406 1.89871 1.64852
8446 0.431229 0.340757 0.268137
3220 0.384501 0.323374 0.311824
11662 2.40478 1.83832 1.29561
13270 1.21563 0.999373 0.844697
1612 0.367808 0.307081 0.295228
18496 2.65563 2.25726 1.76955
6637 0.415216 0.334963 0.293367
16888 2.50206 2.17911 1.8825
8647 0.429913 0.337678 0.260968
3421 0.383866 0.323456 0.311769
11863 2.5358 1.94866 1.39986
13471 1.04035 0.86715 0.739918
1813 0.366349 0.304949 0.292155
18697 2.46127 2.0875 1.6215
6838 0.415006 0.331969 0.283232
8848 0.428778 0.333586 0.252059
17089 2.73901 2.37902 2.06799
3622 0.382372 0.323175 0.31075
12064 2.55473 1.97896 1.47056
13672 0.966343 0.813545 0.710167
2014 0.368659 0.306237 0.29338
18898 2.30408 1.95036 1.50107
7039 0.41938 0.333836 0.280616
9049 0.436101 0.337181 0.251959
17290 2.94783 2.5495 2.22563
3823 0.382095 0.323886 0.310808
12265 2.41316 1.88116 1.43111
13873 0.923353 0.783866 0.692027
2215 0.372992 0.309575 0.296983
19099 2.17599 1.83856 1.40268
7240 0.424224 0.337085 0.281475
9250 0.445491 0.343716 0.255287
15080 1.01833 0.885471 0.786678
10055 0.720028 0.550956 0.384765
14074 0.893125 0.765201 0.67927
4024 0.38097 0.324763 0.310475
5 0.442565 0.369633 0.359004
19300 2.10806 1.77921 1.34815
5030 0.395737 0.334269 0.312801
15281 1.07787 0.938891 0.827284
9451 0.472885 0.363221 0.266407
10256 0.85256 0.65012 0.449763
14275 0.904934 0.780126 0.695759
4225 0.381966 0.327549 0.312553
206 0.420724 0.351237 0.339872
19501 2.0747 1.74976 1.31535
5231 0.40104 0.33535 0.312007
15482 1.16215 1.01693 0.892518
9652 0.517019 0.396031 0.288368
10457 1.01474 0.772397 0.53221
407 0.40912 0.341414 0.32956
19702 2.11587 1.78436 1.33226
14476 0.928831 0.803845 0.723458
4426 0.382553 0.329956 0.314229
5432 0.406636 0.338542 0.312134
9853 0.57786 0.44226 0.319789
15683 1.25653 1.10412 0.967462
10658 1.24798 0.946496 0.64689
608 0.400758 0.334884 0.323807
14677 0.947419 0.820835 0.746462
5633 0.411479 0.34084 0.311602
4627 0.385743 0.333601 0.316915
15884 1.40596 1.23752 1.07517
7442 0.40896 0.330293 0.278801
19903 2.19882 1.85406 1.37921
10859 1.49473 1.1301 0.768762
809 0.393115 0.329036 0.318602
14878 0.982434 0.851878 0.774056
5834 0.414494 0.342008 0.310701
4828 0.390734 0.337002 0.31853
16085 1.61438 1.41964 1.22415
17492 3.34468 2.89073 2.42082
7643 0.403868 0.329735 0.269993
11060 1.77383 1.34014 0.91461
1010 0.384727 0.322675 0.313137
12467 2.10111 1.63732 1.20903
6035 0.413447 0.338429 0.305543
2417 0.380665 0.318205 0.306801
16286 1.87416 1.64506 1.41452
17693 3.35904 2.89107 2.3797
7844 0.40057 0.328164 0.2632
1211 0.381734 0.319745 0.310877
11261 2.06397 1.56095 1.06849
12668 1.72353 1.36378 1.0217
6236 0.410247 0.332905 0.299127
2618 0.380164 0.319186 0.306998
16487 2.13983 1.87727 1.60784
8045 0.400129 0.327284 0.256341
17894 3.30913 2.83824 2.28644
1412 0.379097 0.316716 0.307991
11462 2.32053 1.7622 1.2132
12869 1.41033 1.13512 0.868021
6437 0.410907 0.332522 0.298369
2819 0.379029 0.319552 0.306613
16688 2.41499 2.11782 1.80471
8246 0.40203 0.327268 0.251046
18095 3.16081 2.70261 2.14881
11663 2.47189 1.88143 1.29857
1613 0.376354 0.313721 0.304312
13070 1.32098 1.06896 0.850995
6638 0.409677 0.330709 0.295305
3020 0.377097 0.318248 0.304584
16889 2.70027 2.36669 2.00672
8447 0.406329 0.327758 0.247658
18296 2.98188 2.54326 2.01069
1814 0.376947 0.313671 0.304078
11864 2.56072 1.95333 1.34763
13271 1.12395 0.920599 0.745833
6839 0.407859 0.327762 0.28704
3221 0.374435 0.316191 0.301778
17090 2.99672 2.61482 2.21842
8648 0.413632 0.329897 0.245318
18497 2.72294 2.316 1.83093
2015 0.377602 0.31411 0.303741
13472 0.946642 0.788354 0.647645
7040 0.409537 0.32823 0.284169
12065 2.53972 1.94808 1.37254
3422 0.371905 0.313892 0.299782
17291 3.1945 2.77486 2.35374
8849 0.42528 0.335736 0.246274
18698 2.47453 2.10128 1.6545
2216 0.379372 0.31609 0.305202
13673 0.89395 0.75105 0.63846
7241 0.410546 0.328914 0.283745
12266 2.38053 1.83765 1.31925
15081 1.02059 0.883634 0.799746
9050 0.44311 0.347167 0.250992
18899 2.28809 1.94095 1.52018
6 0.42788 0.358079 0.348548
3623 0.369738 0.312271 0.297877
13874 0.876485 0.740699 0.64125
5031 0.396045 0.329154 0.304379
10056 0.784021 0.595684 0.399322
15282 1.08944 0.947022 0.848883
9251 0.460234 0.358266 0.257603
19100 2.16718 1.83567 1.42304
207 0.411758 0.345192 0.336881
3824 0.367288 0.310639 0.295146
14075 0.877734 0.745639 0.648866
5232 0.402246 0.332776 0.307994
10257 0.923769 0.697931 0.462198
15483 1.20077 1.0495 0.934264
9452 0.494767 0.383659 0.272565
19301 2.10709 1.78414 1.37137
408 0.398608 0.334716 0.327672
14276 0.89794 0.768251 0.676097
5433 0.407781 0.336109 0.309373
4025 0.366549 0.310483 0.293459
10458 1.10737 0.835219 0.54856
9653 0.54252 0.418264 0.295945
19502 2.09123 1.77184 1.35454
15684 1.32585 1.16413 1.03322
609 0.392011 0.329428 0.322545
14477 0.924044 0.795531 0.710562
5634 0.412037 0.338464 0.309409
4226 0.368434 0.312969 0.294418
10659 1.332 1.00261 0.653083
19703 2.13717 1.80958 1.37274
15885 1.50681 1.32895 1.1671
810 0.387539 0.32565 0.318594
9854 0.62083 0.476825 0.334592
14678 0.946216 0.817822 0.737454
5835 0.412545 0.337893 0.307833
4427 0.372378 0.31794 0.298902
10860 1.59488 1.19783 0.774237
19904 2.24634 1.90207 1.43911
16086 1.75188 1.54707 1.34725
7443 0.386212 0.317263 0.267898
1011 0.385905 0.324021 0.316738
14879 0.978127 0.847993 0.760687
6036 0.410872 0.334791 0.304336
4628 0.379355 0.324242 0.304584
11061 1.8651 1.4008 0.913077
17493 3.72646 3.22243 2.61327
16287 2.0071 1.76977 1.53496
7644 0.379121 0.316252 0.25476
12468 1.87936 1.47063 1.04688
1212 0.385451 0.322867 0.315458
6237 0.407872 0.33015 0.299596
4829 0.387877 0.329653 0.309203
11262 2.08311 1.56804 1.03339
16488 2.33861 2.05635 1.77241
17694 3.71848 3.20541 2.58373
7845 0.375944 0.315838 0.243568
12669 1.55275 1.23166 0.893
1413 0.386505 0.323169 0.316032
6438 0.402496 0.325049 0.293916
2418 0.38444 0.323502 0.312447
11463 2.20817 1.67644 1.12064
16689 2.64048 2.31686 1.97906
17895 3.58265 3.07996 2.47585
8046 0.378106 0.316832 0.235852
6639 0.395564 0.319268 0.286774
1614 0.385536 0.321784 0.314437
11664 2.24722 1.71466 1.15599
12870 1.22148 0.988711 0.743305
2619 0.383521 0.324096 0.312029
16890 2.96658 2.59814 2.19193
8247 0.386446 0.319826 0.233912
18096 3.35456 2.87427 2.30646
6840 0.394455 0.3187 0.283122
1815 0.385843 0.322471 0.314621
11865 2.25425 1.72828 1.17476
2820 0.379664 0.321511 0.307903
13071 1.12207 0.914432 0.71032
8448 0.397916 0.324814 0.235049
17091 3.27036 2.85325 2.374
18297 3.05335 2.60646 2.08843
2016 0.386084 0.323414 0.314515
7041 0.393059 0.318191 0.280538
3021 0.3763 0.318576 0.303207
13272 1.00544 0.826715 0.655642
12066 2.16541 1.67194 1.15031
8649 0.414355 0.333033 0.238516
18498 2.75247 2.34228 1.87503
17292 3.51417 3.05414 2.51253
2217 0.385477 0.323482 0.313424
7242 0.393095 0.318466 0.279549
3222 0.372657 0.315169 0.298206
13473 0.895305 0.744657 0.604804
12267 2.0851 1.61923 1.13468
18699 2.48084 2.11063 1.68223
8850 0.438629 0.347973 0.246302
15082 1.07085 0.925804 0.838401
7 0.416254 0.348537 0.338486
5032 0.390467 0.318375 0.291517
3423 0.368781 0.311411 0.294355
13674 0.870942 0.729419 0.609281
10057 0.843727 0.635382 0.411411
18900 2.26699 1.92952 1.5281
15283 1.16261 1.00937 0.908495
9051 0.460248 0.361516 0.25408
5233 0.397679 0.324932 0.298667
3624 0.365571 0.307937 0.290496
208 0.408388 0.342344 0.333266
13875 0.867679 0.732129 0.628761
10258 0.984253 0.736679 0.468604
19101 2.15996 1.83631 1.44172
15484 1.307 1.1395 1.02204
3825 0.364814 0.306397 0.288061
9252 0.492693 0.383125 0.265697
14076 0.874658 0.74196 0.644644
5434 0.40055 0.326819 0.29965
409 0.401132 0.336602 0.328794
10459 1.14669 0.857545 0.539445
19302 2.10562 1.79329 1.39848
15685 1.45295 1.27181 1.13781
4026 0.366286 0.30692 0.287097
9453 0.524467 0.406108 0.280616
14277 0.891417 0.760705 0.673914
610 0.396363 0.332789 0.32513
5635 0.398154 0.324027 0.295587
10660 1.35076 1.00979 0.629027
19503 2.09908 1.78991 1.38458
15886 1.63699 1.43775 1.27726
4227 0.369015 0.309007 0.287981
9654 0.588532 0.452715 0.309568
811 0.391682 0.329091 0.32147
14478 0.908819 0.778655 0.701169
5836 0.39768 0.323317 0.294365
16087 1.90017 1.66982 1.4714
10861 1.65117 1.23446 0.763323
19704 2.16776 1.84912 1.42146
4428 0.373243 0.312731 0.290873
9855 0.673831 0.515257 0.349285
1012 0.389258 0.327376 0.319686
14679 0.936773 0.805623 0.729917
6037 0.397763 0.322907 0.2938
16288 2.19232 1.92263 1.67735
11062 1.86756 1.39815 0.87624
4629 0.379497 0.317441 0.294528
19905 2.27657 1.93981 1.48728
7444 0.377526 0.313561 0.25033
1213 0.388167 0.326736 0.319108
14880 0.970384 0.837288 0.759144
16489 2.51653 2.19811 1.89415
6238 0.393254 0.317983 0.289275
11263 2.00141 1.50452 0.960833
4830 0.388738 0.324099 0.299855
17494 3.75109 3.23494 2.641
7645 0.373863 0.313302 0.240463
1414 0.38868 0.327247 0.319894
12469 1.48941 1.18044 0.830267
16690 2.85728 2.48965 2.11565
6439 0.387529 0.314005 0.282739
11464 1.97526 1.50045 0.976282
2419 0.389723 0.331576 0.320398
17695 3.69263 3.1825 2.5861
7846 0.380469 0.316901 0.237053
1615 0.389489 0.3286 0.320965
16891 3.20492 2.78405 2.33296
12670 1.27318 1.02139 0.739467
6640 0.381317 0.311103 0.273886
11665 1.93285 1.48268 0.982418
2620 0.386885 0.328863 0.31676
17896 3.55577 3.06305 2.48256
8047 0.390194 0.322032 0.235812
1816 0.389917 0.329434 0.321166
12871 1.03544 0.84617 0.639052
17092 3.46971 3.00728 2.49364
6841 0.377077 0.310442 0.264593
11866 1.85093 1.43147 0.964793
18097 3.3035 2.84172 2.30135
2821 0.383606 0.325742 0.312125
8248 0.402031 0.328316 0.236317
2017 0.390963 0.331711 0.322277
13072 0.949513 0.781838 0.608755
17293 3.66111 3.16703 2.60215
7042 0.374604 0.310485 0.256484
12067 1.75482 1.3697 0.933663
3022 0.37826 0.320582 0.303747
18298 3.03481 2.60424 2.10384
8449 0.424383 0.341322 0.240802
2218 0.391144 0.332693 0.322147
13273 0.902604 0.747222 0.595246
7243 0.378129 0.312709 0.254551
15083 1.12362 0.970613 0.871451
12268 1.61308 1.27023 0.87741
3223 0.374949 0.317037 0.29706
18499 2.68539 2.30181 1.85559
8 0.408143 0.341531 0.330398
8650 0.445492 0.354204 0.246484
13474 0.861932 0.718205 0.586868
15284 1.26625 1.098 0.985115
5033 0.378018 0.303443 0.277106
3424 0.369676 0.311853 0.29189
10058 0.853058 0.638808 0.401831
18700 2.41892 2.07631 1.6708
209 0.407493 0.34077 0.329927
8851 0.48125 0.376741 0.256817
13675 0.84859 0.712027 0.600565
15485 1.40815 1.22467 1.09904
5234 0.386422 0.311458 0.284587
3625 0.367407 0.308651 0.288007
18901 2.2515 1.9317 1.54941
10259 0.976491 0.729634 0.455671
410 0.405664 0.339259 0.329343
9052 0.509316 0.394838 0.266563
13876 0.849773 0.717483 0.619935
15686 1.5823 1.37937 1.23682
5435 0.388858 0.314266 0.28654
3826 0.367174 0.305857 0.28363
19102 2.15101 1.84191 1.47123
10460 1.0863 0.812502 0.505419
611 0.401831 0.336046 0.32633
9253 0.545354 0.419001 0.280244
14077 0.866069 0.735371 0.645276
15887 1.78655 1.56096 1.39292
5636 0.382963 0.309244 0.280491
4027 0.368153 0.305362 0.282255
19303 2.12785 1.82476 1.44776
10661 1.26276 0.946641 0.589222
9454 0.574665 0.440446 0.29515
812 0.395768 0.331807 0.322792
14278 0.883145 0.752732 0.670151
16088 2.00732 1.75362 1.55427
5837 0.38034 0.307376 0.278325
19504 2.15596 1.84999 1.45277
4228 0.371189 0.306559 0.281845
10862 1.45486 1.09496 0.686435
9655 0.623281 0.47596 0.317994
1013 0.392149 0.329577 0.320471
14479 0.907479 0.776329 0.700295
16289 2.33799 2.03286 1.77776
6038 0.379979 0.307317 0.278556
4429 0.374654 0.308457 0.28339
19705 2.26853 1.9412 1.51037
11063 1.56517 1.1832 0.755017
9856 0.717656 0.544328 0.358113
14680 0.942865 0.808731 0.731637
1214 0.389667 0.328568 0.319906
16490 2.63418 2.28451 1.9659
6239 0.37626 0.304632 0.274564
4630 0.379363 0.311508 0.286806
19906 2.39085 2.04394 1.5848
11264 1.62212 1.23373 0.804448
7445 0.374559 0.311877 0.230177
14881 0.999581 0.860739 0.780311
1415 0.389782 0.329328 0.320885
6440 0.372596 0.30362 0.268609
16691 3.01544 2.60477 2.20026
4831 0.385457 0.315652 0.289457
17495 3.71603 3.19719 2.64023
7646 0.378755 0.314611 0.230805
12470 1.05076 0.85131 0.637579
1616 0.389882 0.330225 0.321383
6641 0.366778 0.302894 0.257179
11465 1.53713 1.18445 0.78721
16892 3.4183 2.94501 2.45277
2420 0.389726 0.332425 0.320219
17696 3.6006 3.10316 2.55317
7847 0.392638 0.322116 0.233357
1817 0.390951 0.332286 0.3229
12671 0.969988 0.794157 0.611198
6842 0.363122 0.303304 0.246097
11666 1.51426 1.17563 0.793047
17093 3.64818 3.13757 2.60037
17897 3.42228 2.95545 2.42731
2621 0.388217 0.330137 0.317064
8048 0.409306 0.331271 0.235997
12872 0.914924 0.75539 0.593892
2018 0.390923 0.333177 0.32257
7043 0.361941 0.304484 0.236156
11867 1.35192 1.06383 0.743383
17294 3.74558 3.2196 2.66462
18098 3.22418 2.78509 2.27604
2822 0.386603 0.327475 0.312324
8249 0.428732 0.342576 0.238613
2219 0.390908 0.333883 0.322139
13073 0.874385 0.725151 0.587474
7244 0.368528 0.308221 0.231638
12068 1.25931 1.00041 0.711909
15084 1.23616 1.06978 0.950457
3023 0.384607 0.324039 0.305298
18299 2.96368 2.55873 2.08353
9 0.418636 0.346521 0.332474
8450 0.458728 0.360799 0.245217
13274 0.845816 0.705051 0.585195
5034 0.3707 0.296487 0.270242
12269 1.1528 0.925102 0.672503
15285 1.3522 1.17178 1.04274
3224 0.382454 0.321068 0.29894
18500 2.64539 2.28277 1.85517
210 0.417057 0.344813 0.330991
8651 0.491273 0.38128 0.254714
5235 0.377216 0.302984 0.276045
10059 0.861715 0.643244 0.397482
13475 0.832705 0.698422 0.587934
3425 0.380718 0.31845 0.293591
15486 1.52723 1.32393 1.17641
18701 2.42534 2.0952 1.69989
411 0.412229 0.340687 0.327427
8852 0.517331 0.398 0.263433
5436 0.379325 0.305892 0.277164
10260 0.932615 0.696932 0.430196
13676 0.824277 0.695227 0.601809
15687 1.68769 1.4624 1.29517
3626 0.381321 0.317284 0.289607
18902 2.26437 1.95853 1.59183
612 0.404861 0.335624 0.323319
9053 0.557794 0.424227 0.277578
5637 0.372542 0.301759 0.268533
10461 1.02987 0.772713 0.48058
13877 0.829376 0.702306 0.618975
15888 1.90623 1.65254 1.45218
3827 0.379656 0.313358 0.284118
813 0.397667 0.33079 0.319058
19103 2.19313 1.89125 1.53546
9254 0.592399 0.448045 0.29246
5838 0.369942 0.300714 0.265472
10662 1.13188 0.853582 0.53726
14078 0.852498 0.725345 0.646275
16089 2.14634 1.85932 1.61825
4028 0.377105 0.309421 0.279406
1014 0.393326 0.32855 0.317151
19304 2.17799 1.87818 1.51179
9455 0.633006 0.477407 0.311303
6039 0.370168 0.301581 0.26635
10863 1.22123 0.928563 0.597579
16290 2.41335 2.0857 1.79731
4229 0.375739 0.306798 0.275479
14279 0.879583 0.750889 0.672403
1215 0.38977 0.327108 0.315678
19505 2.2339 1.9267 1.53539
9656 0.692551 0.520846 0.337626
6240 0.363812 0.299154 0.256289
11064 1.27242 0.973353 0.637777
16491 2.74498 2.36352 2.00931
4430 0.37552 0.305001 0.275052
14480 0.918406 0.786281 0.706075
1416 0.38873 0.327606 0.316715
19706 2.34576 2.0112 1.58008
11265 1.23967 0.960273 0.651067
9857 0.754213 0.566532 0.362361
6441 0.358789 0.297463 0.244883
16692 3.04545 2.61508 2.20074
4631 0.374857 0.302851 0.2776
14681 0.969354 0.831368 0.747267
1617 0.388265 0.328478 0.317768
19907 2.47143 2.11653 1.65343
11466 1.20027 0.938837 0.644927
7446 0.385553 0.314455 0.22473
6642 0.358117 0.297635 0.237566
16893 3.34671 2.87268 2.3998
4832 0.375746 0.302428 0.277274
1818 0.388548 0.329796 0.318818
14882 1.04484 0.899304 0.807867
17496 3.63626 3.13436 2.60959
7647 0.397319 0.321166 0.226391
6843 0.35938 0.299136 0.229244
11667 1.13431 0.896645 0.628879
2421 0.387808 0.330442 0.316272
17094 3.52105 3.02416 2.52006
2019 0.388457 0.330826 0.318885
7848 0.417231 0.332831 0.229847
17697 3.58325 3.09355 2.5686
12471 0.881597 0.723647 0.568277
7044 0.363783 0.302317 0.224983
11868 1.05248 0.841295 0.612109
17295 3.60126 3.09667 2.58376
2622 0.388542 0.329741 0.314657
2220 0.387806 0.330937 0.317516
8049 0.438675 0.346228 0.235052
17898 3.44117 2.97443 2.46465
12672 0.860598 0.710616 0.569088
7245 0.37424 0.308062 0.224018
2823 0.389632 0.328727 0.311211
12069 0.98741 0.797223 0.594506
15085 1.34336 1.1615 1.02226
10 0.430975 0.353222 0.336226
8250 0.464992 0.362082 0.240551
18099 3.24695 2.81005 2.32512
12873 0.847908 0.703755 0.574995
5035 0.367417 0.294789 0.267226
3024 0.390978 0.327381 0.306085
15286 1.48205 1.28188 1.1277
12270 0.925763 0.75388 0.57468
211 0.424364 0.347877 0.331446
8451 0.495615 0.38085 0.248673
18300 2.96628 2.56739 2.12108
13074 0.82753 0.689516 0.57936
5236 0.369904 0.29763 0.269587
3225 0.390938 0.325643 0.300767
15487 1.67545 1.44833 1.2696
10060 0.841205 0.630594 0.391552
412 0.415134 0.340715 0.325014
18501 2.66899 2.30779 1.90773
8652 0.523803 0.398718 0.258091
3426 0.392428 0.325365 0.296713
13275 0.814757 0.682512 0.5857
15688 1.84423 1.59201 1.38767
10261 0.879956 0.663686 0.41873
5437 0.369865 0.299219 0.267686
613 0.405486 0.333372 0.318134
8853 0.56703 0.426266 0.272715
10462 0.925009 0.702455 0.449608
18702 2.45816 2.12745 1.75567
5638 0.36495 0.297577 0.25853
3627 0.393989 0.325169 0.292433
814 0.396954 0.327897 0.313689
15889 2.03141 1.75258 1.51519
13476 0.81567 0.686637 0.591735
9054 0.605238 0.451638 0.287302
10663 0.965504 0.739473 0.481883
18903 2.32901 2.01638 1.65534
5839 0.362521 0.297065 0.25332
3828 0.389228 0.319102 0.285836
1015 0.390086 0.323571 0.309311
13677 0.819147 0.692306 0.603136
16090 2.2319 1.92409 1.64853
9255 0.638774 0.475757 0.303458
10864 0.972455 0.750951 0.501906
19104 2.33747 2.01965 1.6497
6040 0.362097 0.297118 0.251316
4029 0.383657 0.312182 0.278879
1216 0.384483 0.320046 0.304778
13878 0.832566 0.706874 0.622942
16291 2.47858 2.13357 1.81023
9456 0.692851 0.515 0.327143
11065 1.00549 0.782081 0.534387
6241 0.356774 0.295096 0.240387
19305 2.33465 2.01791 1.63848
4230 0.379095 0.306476 0.272423
1417 0.382369 0.319949 0.304416
14079 0.861572 0.734317 0.649433
16492 2.72354 2.3388 1.97419
9657 0.734938 0.547314 0.347735
11266 0.973886 0.768772 0.545291
6442 0.352706 0.293429 0.22911
4431 0.375588 0.302471 0.270548
19506 2.34747 2.02838 1.6322
14280 0.897981 0.76778 0.679158
16693 2.99618 2.56809 2.15642
1618 0.381209 0.320605 0.30479
9858 0.798383 0.595067 0.370775
11467 0.938426 0.747488 0.543449
6643 0.35433 0.293738 0.220937
4632 0.372878 0.299111 0.272912
19707 2.36446 2.03375 1.60935
14481 0.950476 0.815138 0.721895
1819 0.382387 0.322994 0.30687
7447 0.406351 0.322515 0.221386
6844 0.361246 0.296996 0.217439
16894 3.21178 2.75489 2.3072
4833 0.371067 0.296905 0.271637
11668 0.93249 0.746906 0.551695
19908 2.43564 2.08746 1.62988
14682 1.02831 0.884029 0.783216
2020 0.383974 0.325194 0.307902
7648 0.425031 0.333762 0.225506
7045 0.370654 0.302522 0.217576
17095 3.36533 2.89155 2.42076
2422 0.388657 0.328789 0.307346
17497 3.54661 3.06108 2.56
11869 0.919667 0.74113 0.557107
2221 0.386524 0.327407 0.306922
14883 1.13488 0.979238 0.868044
7849 0.455881 0.352118 0.232181
2623 0.390432 0.329407 0.307991
17296 3.47823 2.99478 2.50915
7246 0.386674 0.311776 0.219388
17698 3.5457 3.06552 2.55997
12070 0.906015 0.734686 0.56241
11 0.428313 0.35105 0.332952
8050 0.474533 0.364477 0.238172
12472 0.852 0.700491 0.565788
2824 0.396636 0.33221 0.308621
15086 1.48294 1.27409 1.11231
17899 3.38571 2.93051 2.44801
212 0.419544 0.344002 0.326065
12271 0.885162 0.723355 0.566558
5036 0.367924 0.299036 0.26452
8251 0.506919 0.384184 0.246957
12673 0.827249 0.683812 0.566969
3025 0.403158 0.334977 0.308243
15287 1.65018 1.4215 1.23624
18100 3.22043 2.79057 2.33245
413 0.408592 0.335194 0.31747
5237 0.366996 0.299973 0.260719
10061 0.809714 0.610693 0.384368
8452 0.538273 0.403866 0.256998
3226 0.405314 0.335034 0.305883
12874 0.809241 0.671749 0.569229
15488 1.81939 1.56968 1.35701
614 0.399157 0.327587 0.310167
18301 2.98392 2.58571 2.16551
5438 0.36589 0.300727 0.255726
10262 0.825144 0.626213 0.401011
8653 0.568629 0.423229 0.267704
3427 0.405117 0.333607 0.302132
15689 1.9884 1.71623 1.47395
13075 0.802114 0.669818 0.580225
815 0.389324 0.319736 0.302692
18502 2.68197 2.31914 1.94655
5639 0.362529 0.299146 0.249224
10463 0.842785 0.646056 0.42336
8854 0.604346 0.447146 0.280618
3628 0.403032 0.330519 0.295674
15890 2.12468 1.8337 1.56619
13276 0.802251 0.673493 0.590197
18703 2.53453 2.19172 1.83142
1016 0.381866 0.314214 0.296871
10664 0.845672 0.655961 0.441761
5840 0.359206 0.296914 0.24088
9055 0.636739 0.470022 0.292982
3829 0.395944 0.322435 0.288269
13477 0.807831 0.681488 0.597352
16091 2.31098 1.99386 1.69251
10865 0.839016 0.65786 0.460562
1217 0.375644 0.310123 0.290685
18904 2.41926 2.09291 1.73365
9256 0.675579 0.498376 0.308881
4030 0.38758 0.313215 0.280898
6041 0.356534 0.29325 0.231734
13678 0.824674 0.698466 0.610845
16292 2.4723 2.13262 1.80283
11066 0.84447 0.668333 0.482301
1418 0.372481 0.308906 0.287785
9457 0.720197 0.532127 0.328657
19105 2.41621 2.08806 1.71707
4231 0.38089 0.30625 0.273995
6242 0.354815 0.290878 0.224107
16493 2.66842 2.30015 1.93658
13879 0.850402 0.722818 0.629458
11267 0.842524 0.675176 0.50244
1619 0.372136 0.310849 0.288995
9658 0.758791 0.562332 0.347286
19306 2.37405 2.05257 1.67537
4432 0.374978 0.300366 0.269355
6443 0.354677 0.290284 0.217925
16694 2.87037 2.47402 2.07643
14080 0.883605 0.753771 0.656417
1820 0.373446 0.312865 0.289503
9859 0.804274 0.59979 0.370868
11468 0.845462 0.680817 0.516621
19507 2.32787 2.01189 1.62666
4633 0.371605 0.297372 0.270462
6644 0.359276 0.292268 0.215431
16895 3.11517 2.68446 2.24562
2021 0.379105 0.318846 0.294992
14281 0.936715 0.801647 0.698065
11669 0.856615 0.691679 0.532124
19708 2.30536 1.98369 1.56638
4834 0.369276 0.295774 0.269535
7448 0.431578 0.334292 0.22212
6845 0.368166 0.297055 0.214629
17096 3.27201 2.82049 2.35829
14482 1.00604 0.863611 0.753672
11870 0.869425 0.704578 0.543202
19909 2.33282 1.9973 1.54617
2222 0.38612 0.323987 0.295693
2423 0.391755 0.328481 0.299095
7046 0.382308 0.30522 0.215363
17297 3.40021 2.9309 2.4518
7649 0.457098 0.349735 0.227686
14683 1.10318 0.949438 0.830836
2624 0.39385 0.330089 0.302971
20100 2.20498 1.88256 1.29778
22713 7.04596 5.78092 3.6632
7247 0.406096 0.319081 0.218229
7850 0.489578 0.369278 0.236255
12071 0.861235 0.701652 0.551677
14884 1.21344 1.04713 0.919178
17498 3.46571 2.99266 2.50351
2825 0.401684 0.334601 0.30565
20301 2.29639 1.96206 1.34422
25125 12.3008 10.3952 7.20057
22914 7.80133 6.39668 4.10347
8051 0.525174 0.391243 0.246369
12272 0.851296 0.696919 0.560366
17699 3.43396 2.97125 2.49
12473 0.82973 0.682721 0.564085
20502 2.41491 2.06402 1.40061
3026 0.412976 0.341144 0.309354
25326 12.869 10.9211 7.61808
8252 0.553854 0.409335 0.255846
23115 8.4095 6.90713 4.49599
27738 8.12677 6.32374 3.75665
12674 0.812943 0.672017 0.567592
17900 3.31462 2.87284 2.41554
3227 0.41427 0.341078 0.308897
20703 2.55419 2.18338 1.46287
25527 13.4066 11.4051 8.0211
8453 0.582313 0.42767 0.266041
23316 8.87002 7.30536 4.79906
27939 7.14606 5.50729 3.21461
12875 0.802451 0.666453 0.572313
18101 3.11162 2.69882 2.28031
3428 0.412884 0.33911 0.306305
20904 2.73601 2.33333 1.53739
8654 0.60352 0.442426 0.275303
25728 13.9082 11.8443 8.33921
23517 9.26292 7.6549 5.06977
28140 6.34985 4.82185 2.707
13076 0.80214 0.669562 0.58121
18302 2.94208 2.54914 2.16069
3629 0.408547 0.334665 0.300053
21105 2.97028 2.52567 1.63587
25929 14.452 12.2616 8.65148
8855 0.635069 0.465168 0.287348
23718 9.4986 7.84437 5.24364
28341 6.15379 4.63009 2.52795
13277 0.808198 0.678703 0.592686
18503 2.74599 2.37171 2.01621
3830 0.401727 0.32764 0.293905
21306 3.25378 2.76014 1.76605
26130 14.8688 12.536 8.7912
9056 0.660105 0.484141 0.297334
28542 6.13586 4.57302 2.42575
18704 2.62836 2.2678 1.91292
13478 0.817039 0.689209 0.599561
23919 9.68551 7.98301 5.38661
4031 0.391875 0.317245 0.285903
21507 3.54053 3.00154 1.90603
26331 15.122 12.6495 8.75549
9257 0.698065 0.51291 0.31108
28743 6.41774 4.74493 2.4364
18905 2.50756 2.16377 1.80321
13679 0.843468 0.714319 0.6181
21708 3.86101 3.26741 2.05693
24120 9.94552 8.21597 5.55952
26532 14.9326 12.388 8.47982
4232 0.384417 0.309733 0.279069
9458 0.728274 0.536689 0.32453
28944 6.74826 4.96936 2.46956
19106 2.39418 2.06672 1.71055
13880 0.883367 0.750308 0.645099
24321 10.3197 8.5559 5.79926
26733 14.1108 11.6137 7.82586
21909 4.29651 3.62417 2.26876
4433 0.378315 0.30422 0.274564
9659 0.76607 0.568637 0.346653
29145 7.06872 5.19639 2.48395
19307 2.28818 1.97555 1.61732
14081 0.929518 0.791972 0.681399
22110 4.91819 4.1173 2.57017
26934 13.0306 10.6337 7.06025
9860 0.790052 0.591187 0.365918
4634 0.375554 0.302403 0.273804
29346 7.51435 5.52186 2.50237
19508 2.21398 1.91036 1.54027
24522 10.7324 8.93074 6.06341
14282 0.994141 0.848971 0.731511
22311 5.6201 4.66575 2.91581
27135 11.7777 9.49879 6.15798
30150 8.62468 6.31793 2.58706
4835 0.371255 0.299846 0.269929
29547 7.87989 5.784 2.5111
24723 11.1349 9.29986 6.3451
14483 1.09297 0.93498 0.807769
19709 2.14397 1.84292 1.44738
27336 10.5493 8.41229 5.29393
22512 6.48232 5.33623 3.36134
30351 8.70384 6.37854 2.60373
32763 8.62211 6.42306 2.94089
29748 8.23629 6.03776 2.53117
24924 11.6798 9.80954 6.75382
14684 1.20644 1.03257 0.895882
27537 9.33815 7.3641 4.5109
19910 2.15647 1.84188 1.40134
30552 8.83761 6.48666 2.66231
20101 2.19069 1.86583 1.29668
29949 8.50968 6.22678 2.55685
32964 8.33096 6.23192 2.927
22714 7.05733 5.78698 3.6335
14885 1.34729 1.15421 1.00487
25126 12.3073 10.4095 7.37309
35175 6.56491 5.01285 2.3279
30753 8.95374 6.57065 2.68674
20302 2.29667 1.95735 1.34541
27739 7.09402 5.56316 3.51368
33165 8.15807 6.10729 2.90521
22915 7.52878 6.18548 3.90258
37788 6.75002 5.61944 2.56133
25327 12.8239 10.8653 7.75328
35376 5.94216 4.59359 2.12682
20503 2.45078 2.08977 1.4169
30954 9.04516 6.62885 2.67889
27940 6.29905 4.89346 3.0211
33366 8.08482 6.04343 2.88407
23116 8.12517 6.69876 4.27476
37989 7.48969 6.27713 2.87221
25528 13.3845 11.3487 8.155
35577 5.13028 4.04283 1.88622
20704 2.58766 2.20765 1.48019
31155 9.19165 6.74439 2.73159
28141 5.76587 4.4313 2.6556
23317 8.63056 7.13733 4.60723
38190 8.12715 6.84633 3.13955
33567 8.03871 6.01964 2.87669
35778 4.45638 3.58289 1.68461
25729 13.8837 11.7547 8.48572
20905 2.7706 2.36148 1.57155
31356 9.23605 6.77685 2.73652
38391 8.82164 7.40509 3.47799
23518 9.24001 7.67473 5.03571
28342 5.45867 4.15139 2.41857
25930 14.3124 12.0915 8.71462
35979 4.10072 3.3311 1.55831
33768 7.99172 6.00604 2.86832
21106 2.98109 2.53931 1.67529
31557 9.3788 6.88593 2.78636
26131 14.6634 12.344 8.85342
38592 9.64375 8.03716 3.89696
28543 5.43811 4.09728 2.31002
23719 9.43056 7.81853 5.1837
36180 3.91678 3.19947 1.47287
33969 7.9164 5.9843 2.82827
21307 3.18907 2.71595 1.78532
31758 9.47996 6.96127 2.81779
26332 14.6356 12.2567 8.7626
38793 10.5187 8.69381 4.35605
23920 9.58164 7.92112 5.3154
28744 5.60165 4.19054 2.27645
36381 3.95956 3.23587 1.47833
34170 7.93051 6.00739 2.82865
31959 9.49907 6.98388 2.8466
21508 3.46565 2.95065 1.91094
26533 14.3077 11.91 8.4454
38994 11.293 9.26076 4.7812
24121 9.88255 8.18709 5.55269
28945 5.91789 4.41323 2.30054
36582 4.09272 3.34445 1.53127
21709 3.82261 3.24528 2.07767
34371 8.03742 6.07592 2.87087
32160 9.34947 6.89889 2.9001
26734 13.0603 10.7669 7.58247
39195 11.815 9.66448 5.07849
29146 6.27025 4.67267 2.3232
36783 4.34427 3.54818 1.61754
24322 10.2009 8.47842 5.79867
21910 4.2561 3.58994 2.27842
32361 9.08729 6.73675 2.95279
34572 7.84655 5.9319 2.79903
39396 12.2788 10.0323 5.3534
26935 11.9814 9.78128 6.73816
29347 6.73168 5.00699 2.3671
36984 4.55404 3.72633 1.69153
24523 10.6393 8.87444 6.1374
22111 4.90921 4.10248 2.58363
32562 8.87846 6.59506 2.94331
34773 7.52861 5.70295 2.67735
39597 12.6382 10.3394 5.60824
27136 10.5759 8.53875 5.75818
29548 7.2062 5.34708 2.42845
37185 4.82581 3.95978 1.79234
24724 11.0543 9.26234 6.48152
22312 5.64843 4.67807 2.93165
30151 8.22033 6.09967 2.65857
39798 12.828 10.5031 5.74103
34974 7.07048 5.37128 2.50527
29749 7.59559 5.63241 2.49775
27337 9.41238 7.52396 4.94162
37386 5.23481 4.30001 1.94974
24925 11.5737 9.7344 6.85293
22513 6.36802 5.23631 3.27823
30352 8.41233 6.25604 2.7348
39999 13.115 10.7469 5.91797
32764 8.32976 6.21446 2.97408
29950 7.91609 5.87234 2.58099
27538 8.05497 6.37524 4.11255
37587 5.721 4.7115 2.14002
22715 6.8154 5.6096 3.54574
20102 2.22509 1.88453 1.33415
30553 8.72398 6.48818 2.8312
32965 8.20511 6.13948 2.95797
40200 13.3933 10.9809 6.06753
27740 6.35253 4.99459 3.30192
25127 11.9599 10.1171 7.15364
20303 2.3533 1.99277 1.39557
35176 6.43825 4.86391 2.31382
22916 7.47955 6.19071 3.93191
30754 8.95094 6.6577 2.89962
33166 8.14487 6.08756 2.94727
37789 6.63232 5.52343 2.57808
25328 12.4769 10.5508 7.58654
35377 5.92226 4.52691 2.14956
27941 5.80649 4.53136 2.91925
20504 2.47516 2.09854 1.44894
23117 8.19849 6.81608 4.35025
30955 9.13322 6.7812 2.91257
33367 8.15317 6.07857 2.94946
37990 7.37498 6.17357 2.89212
25529 13.0229 10.9927 8.0527
35578 5.0869 3.98598 1.9178
28142 5.37752 4.16602 2.62371
23318 8.73291 7.2839 4.67776
20705 2.65582 2.25158 1.53679
33568 8.09518 6.04193 2.93956
38191 7.9212 6.64209 3.15598
31156 9.26854 6.88187 2.94155
25730 13.6534 11.5168 8.45576
35779 4.37367 3.51941 1.72241
28343 4.96776 3.81324 2.34589
20906 2.84664 2.4136 1.63515
33769 8.05459 6.02551 2.93208
23519 9.12928 7.63269 4.94868
31357 9.40216 6.9639 2.93614
38392 8.70125 7.25353 3.528
35980 4.04807 3.29367 1.62759
25931 13.9945 11.7735 8.67831
28544 4.88019 3.72121 2.22524
21107 3.1028 2.62907 1.77176
23720 9.33509 7.80649 5.0997
33970 8.0787 6.06668 2.93388
31558 9.46221 7.0033 2.94678
38593 9.5538 7.89946 3.95251
26132 14.1404 11.8623 8.74537
36181 3.87449 3.16861 1.57088
28745 5.04504 3.81891 2.17175
21308 3.35342 2.8411 1.9002
23921 9.52495 7.96483 5.24885
34171 8.12771 6.11141 2.93509
38794 10.4186 8.54306 4.38065
31759 9.46487 7.00101 2.95173
26333 14.0686 11.7649 8.62968
36382 3.86349 3.15917 1.56088
28946 5.32812 4.02566 2.18844
21509 3.62851 3.06994 2.02212
24122 9.73859 8.14914 5.42314
34372 8.13622 6.11102 2.92459
38995 11.2022 9.1396 4.76659
31960 9.35135 6.92117 2.95626
29147 5.75592 4.33944 2.22889
21710 3.96893 3.3445 2.17135
26534 13.4618 11.187 8.172
36583 4.02223 3.28798 1.59339
34573 7.76593 5.8191 2.78904
24323 9.99437 8.38707 5.62379
39196 11.5738 9.43013 4.96648
32161 9.08447 6.74116 2.96984
29348 6.0807 4.58435 2.26595
21911 4.42247 3.7027 2.367
26735 12.4968 10.2989 7.47333
36784 4.27378 3.49245 1.65037
34774 7.33455 5.49402 2.6302
24524 10.3127 8.67941 5.87113
39397 11.9358 9.73176 5.17565
32362 8.7733 6.53061 2.99433
29549 6.58064 4.94604 2.36464
22112 4.98532 4.14363 2.62413
36985 4.46651 3.65374 1.71212
24725 10.7016 9.01445 6.19192
26936 11.4431 9.35713 6.67965
39598 12.1694 9.9404 5.32989
34975 6.92582 5.20101 2.4785
32563 8.49706 6.33238 2.98126
29750 6.96638 5.23386 2.46546
22313 5.7278 4.72495 2.97726
37186 4.65366 3.81279 1.78236
24926 11.149 9.41398 6.53655
39799 12.3429 10.0918 5.44159
27137 10.145 8.22034 5.75998
32765 7.32324 5.48831 2.77951
30152 7.67265 5.78215 2.69805
29951 7.41251 5.56877 2.59276
22514 6.29926 5.17953 3.26648
37387 5.138 4.22038 1.97425
22716 6.72146 5.56284 3.57057
40000 12.5852 10.2997 5.59174
27338 8.50404 6.81154 4.66758
32966 7.4537 5.57435 2.77918
27741 6.09932 4.78902 3.24772
30353 8.00777 6.04959 2.81961
20103 2.26002 1.90542 1.38175
22917 7.38041 6.14719 3.9463
37588 5.82591 4.81403 2.24196
40201 12.8784 10.5502 5.74693
27539 7.2948 5.78638 3.89402
33167 7.59328 5.66588 2.80322
27942 5.48447 4.27767 2.85037
30554 8.43834 6.36564 2.94274
20304 2.38892 2.01421 1.44632
23118 8.13936 6.81204 4.37503
35177 6.07419 4.5842 2.22155
37790 6.50643 5.4086 2.59559
25128 11.3689 9.61096 6.76628
33368 7.66988 5.71407 2.81839
28143 5.09023 3.94757 2.57422
30755 8.68379 6.55163 3.02054
20505 2.56855 2.16646 1.53216
23319 8.72397 7.32204 4.70692
35378 5.54213 4.25062 2.06398
37991 7.12903 5.94145 2.88177
25329 11.9994 10.1156 7.34152
28344 4.6649 3.59191 2.28162
33569 7.63527 5.6979 2.814
30956 8.9249 6.72467 3.06518
20706 2.75743 2.3266 1.62283
23520 8.96691 7.54602 4.87873
38192 7.79004 6.48902 3.22063
35579 4.84557 3.80362 1.87393
25530 12.6781 10.6639 7.91741
28545 4.60556 3.53392 2.17489
33770 7.59777 5.6858 2.80951
31157 9.04451 6.79758 3.05798
20907 2.99383 2.52499 1.75026
23721 9.18202 7.74291 5.01213
38393 8.5238 7.04785 3.59401
25731 13.3416 11.2124 8.38383
28746 4.68659 3.58604 2.12637
35780 4.16844 3.36632 1.69022
33971 7.58386 5.69059 2.80531
31358 9.24418 6.9072 3.02659
21108 3.23936 2.7307 1.87364
23922 9.43155 7.9795 5.18122
38594 9.39673 7.70445 4.01899
25932 13.6135 11.4156 8.57765
28947 4.94878 3.77638 2.1368
31559 9.25508 6.89325 2.98887
35981 3.94912 3.21786 1.62607
34172 7.58159 5.68829 2.78972
24123 9.60101 8.12977 5.30925
21309 3.5235 2.96638 2.01175
38795 10.4294 8.49469 4.45113
26133 13.6374 11.4003 8.58946
29148 5.26984 4.01336 2.16082
31760 9.13285 6.79455 2.95449
36182 3.81867 3.12384 1.58871
34373 7.54453 5.65236 2.75697
38996 11.0081 8.94326 4.70552
24324 9.72858 8.25018 5.41082
21510 3.82248 3.20578 2.14004
29349 5.50482 4.19507 2.18409
31961 8.94501 6.65652 2.93777
26334 13.4287 11.1886 8.41014
36383 3.78512 3.09564 1.58048
34574 7.28647 5.44082 2.64607
24525 9.91298 8.40574 5.53973
39197 11.3838 9.25051 4.87596
21711 4.18103 3.49126 2.28471
29550 5.89888 4.48635 2.2764
32162 8.59926 6.41452 2.91537
26535 13.0114 10.7906 8.04952
36584 3.96744 3.24308 1.61606
24726 10.1765 8.62905 5.7414
21912 4.60161 3.81724 2.45989
39398 11.6415 9.47276 5.00879
34775 6.95821 5.18941 2.51951
26736 12.284 10.122 7.5187
29751 6.14908 4.685 2.3663
32363 8.20295 6.13316 2.88894
36785 4.16114 3.40034 1.65788
24927 10.6677 9.03569 6.15973
22113 5.07044 4.18991 2.67181
39599 11.8196 9.63639 5.11467
34976 6.6007 4.93559 2.38627
32564 7.69773 5.7656 2.83958
26937 11.2595 9.21599 6.75426
29952 6.51848 4.96756 2.47664
36986 4.34757 3.55337 1.721
22314 5.60659 4.61823 2.93461
22717 6.71826 5.58221 3.65358
39800 11.9845 9.78396 5.22526
32766 6.48939 4.89474 2.58493
30153 6.89798 5.25936 2.58645
27138 9.91176 8.03909 5.74813
27742 5.87502 4.61498 3.23789
37187 4.59026 3.75695 1.81177
22515 6.17282 5.08692 3.25647
22918 7.22894 6.03607 3.93424
40001 12.116 9.90141 5.31822
32967 6.58881 4.94702 2.56764
30354 7.17447 5.48651 2.68947
27339 8.17868 6.55384 4.61133
27943 5.30439 4.14209 2.85178
37388 5.00662 4.1097 1.98384
20104 2.30424 1.94238 1.4405
23119 7.93256 6.66186 4.3542
40202 12.2094 9.98027 5.37879
33168 6.68582 5.00944 2.57959
30555 7.48536 5.72917 2.7911
27540 7.01739 5.56382 3.83433
28144 4.77897 3.70893 2.49081
20305 2.4907 2.09764 1.54748
37589 5.66466 4.67712 2.25065
23320 8.47456 7.14662 4.68643
33369 6.94956 5.19575 2.63888
30756 7.84708 5.99677 2.89848
37791 6.29506 5.20585 2.58448
25129 10.9227 9.20979 6.61376
28345 4.40333 3.39972 2.21386
20506 2.65672 2.23677 1.63257
35178 5.58414 4.24279 2.09296
23521 8.72489 7.3868 4.87621
37992 6.89864 5.70985 2.90643
30957 8.11222 6.18799 2.97743
33570 6.95921 5.21274 2.64344
25330 11.5459 9.6912 7.22317
28546 4.35703 3.35924 2.11248
20707 2.87127 2.41663 1.74591
35379 4.9209 3.82319 1.91006
23722 9.02441 7.65046 5.03057
38193 7.56965 6.2583 3.27412
33771 6.80344 5.10634 2.60186
31158 8.07923 6.14414 2.93014
25531 12.093 10.1138 7.7368
28747 4.43656 3.4157 2.06484
35580 4.42909 3.51275 1.77012
20908 3.14066 2.64039 1.88386
23923 9.25947 7.86366 5.16263
33972 6.77475 5.08764 2.58931
38394 8.35333 6.85863 3.75656
31359 8.05072 6.09401 2.86374
25732 12.8056 10.7053 8.20592
28948 4.6531 3.57593 2.06342
35781 3.98776 3.22819 1.64229
24124 9.31924 7.92771 5.21717
21109 3.38591 2.84039 1.99581
38595 9.07827 7.41726 4.14106
31560 8.22528 6.19406 2.8595
34173 6.80572 5.10517 2.57427
25933 13.0425 10.8768 8.38616
35982 3.82188 3.11736 1.58742
29149 4.83187 3.71159 2.07416
21310 3.66002 3.0564 2.1166
24325 9.50273 8.07999 5.33986
38796 9.75504 7.93903 4.4538
31761 8.10234 6.0913 2.82425
34374 6.75646 5.06044 2.53456
29350 5.06732 3.89169 2.10793
24526 9.67497 8.22295 5.49403
26134 13.1537 10.9529 8.44197
36183 3.73268 3.05358 1.55731
38997 10.2974 8.36761 4.66591
21511 4.02896 3.34579 2.25336
34575 6.69107 4.98995 2.47066
31962 7.79077 5.86305 2.77537
29551 5.29283 4.06645 2.17821
24727 9.93373 8.43304 5.68621
36384 3.72188 3.0436 1.55112
21712 4.30767 3.56202 2.35765
26335 13.0514 10.8476 8.34767
39198 10.743 8.73018 4.83264
34776 6.43173 4.79801 2.36706
32163 7.54458 5.68209 2.75602
29752 5.48064 4.21364 2.24416
24928 10.3353 8.75142 6.03536
36585 3.83219 3.13132 1.58578
21913 4.65396 3.82778 2.49667
34977 6.12338 4.58667 2.24977
26536 12.5669 10.4072 7.98016
32364 7.08842 5.35241 2.69721
39399 11.005 8.95132 4.91771
22718 6.69324 5.56363 3.68127
29953 5.82559 4.4791 2.35045
36786 4.02557 3.28789 1.64489
22114 5.03063 4.13689 2.6725
32767 5.61731 4.2792 2.36173
26737 11.6097 9.54812 7.26164
32565 6.75091 5.09683 2.64872
39600 11.249 9.16207 5.00373
22919 7.16798 5.98737 3.94867
36987 4.24542 3.46878 1.72323
22315 5.56309 4.58625 2.95248
27743 5.70622 4.48753 3.24769
32968 5.56611 4.22479 2.32209
26938 10.5271 8.58724 6.42414
30154 5.99285 4.6199 2.40822
39801 11.3441 9.24968 5.06738
23120 7.70435 6.47548 4.28685
37188 4.60365 3.76687 1.86332
22516 6.13967 5.07731 3.31368
27944 4.98703 3.8932 2.7601
33169 5.72031 4.32873 2.35112
27139 9.25893 7.47929 5.52001
30355 6.23454 4.8178 2.48628
40002 11.4884 9.37443 5.12294
23321 8.20844 6.93797 4.62235
37389 5.08747 4.17276 2.06497
20105 2.37422 2.00791 1.51544
28145 4.45749 3.4604 2.37758
33370 5.73669 4.34117 2.35083
27340 7.82251 6.25008 4.51089
30556 6.4533 4.99931 2.56433
23522 8.5704 7.27233 4.86102
37590 5.61802 4.6244 2.29569
20306 2.5859 2.18318 1.64295
40203 11.5641 9.43512 5.17854
28346 4.13723 3.20211 2.13304
33571 5.92858 4.48429 2.39406
27541 6.68501 5.29028 3.75805
30757 6.83653 5.28849 2.69202
23723 8.89281 7.55941 5.03922
35179 4.68278 3.6453 1.86246
20507 2.78078 2.34183 1.74601
37792 6.05122 4.96688 2.56313
28547 4.07897 3.15742 2.01496
33772 5.80019 4.38803 2.34441
25130 10.4464 8.75963 6.5357
30958 7.05663 5.4458 2.77324
35380 4.19543 3.33821 1.72418
23924 9.05868 7.70731 5.12767
20708 2.98248 2.50659 1.84953
37993 6.74682 5.52908 2.97555
28748 4.13849 3.20301 1.95647
33973 5.71285 4.31704 2.29953
25331 11.1236 9.29101 7.1471
31159 6.79117 5.23382 2.67674
24125 9.10827 7.7582 5.1581
20909 3.29628 2.75893 1.98686
35581 3.9527 3.18529 1.64822
34174 5.7678 4.34646 2.28617
25532 11.7015 9.74295 7.66585
38194 7.38774 6.04868 3.38112
28949 4.38917 3.38923 1.97835
31360 6.81557 5.22809 2.643
24326 9.21125 7.84016 5.2572
35782 3.72493 3.03503 1.57494
21110 3.56636 2.9716 2.09318
25733 12.26 10.2006 8.04293
34375 5.7882 4.35424 2.26233
38395 8.03456 6.55844 3.82657
29150 4.50189 3.47493 1.98639
24527 9.44127 8.01746 5.46886
31561 7.13723 5.43887 2.68865
35983 3.62406 2.9651 1.53725
21311 3.83584 3.17785 2.18798
25934 12.5024 10.3878 8.20837
38596 8.66946 7.06511 4.24018
34576 5.69701 4.28519 2.20147
29351 4.68345 3.61272 2.02085
31762 7.02564 5.34615 2.66052
36184 3.58188 2.93277 1.52029
24728 9.67506 8.19449 5.68019
21512 4.2048 3.46197 2.31072
26135 12.6157 10.4676 8.26758
38797 9.04448 7.36587 4.46688
29552 4.85076 3.74582 2.08047
34777 5.3165 4.0356 2.06919
36385 3.60533 2.9498 1.52478
31963 6.48329 4.951 2.55977
24929 10.0821 8.50294 6.08032
21713 4.52687 3.71317 2.42929
26336 12.6113 10.4611 8.241
38998 9.44839 7.69118 4.63595
29753 5.01003 3.86564 2.13583
34978 5.09566 3.90297 1.98314
36586 3.72423 3.04421 1.56816
32164 6.29911 4.81111 2.54759
22719 6.60457 5.47293 3.63357
21914 4.75411 3.89081 2.5293
26537 12.1302 10.0345 7.86465
39199 9.82923 7.99827 4.78164
29954 5.1302 3.95615 2.17735
32768 4.81916 3.7192 2.16771
36787 3.92153 3.204 1.63685
22920 7.08841 5.90383 3.918
32365 6.13635 4.68366 2.52475
26738 11.1811 9.19335 7.14349
22115 5.07647 4.16507 2.69401
39400 10.3145 8.39466 4.90207
27744 5.50768 4.32799 3.19141
32969 4.74777 3.66093 2.13719
36988 4.22433 3.45292 1.74664
32566 5.71338 4.36603 2.40734
23121 7.56971 6.34962 4.2256
26939 9.64932 7.83388 6.01779
22316 5.48858 4.52435 2.92892
39601 10.5619 8.59926 4.97257
27945 4.7099 3.66735 2.6332
33170 4.92403 3.78265 2.17427
37189 4.61659 3.7773 1.90609
30155 5.18961 4.01426 2.19142
27140 8.48439 6.81478 5.17101
23322 8.03986 6.78577 4.53574
39802 10.7059 8.72317 5.02949
22517 6.11089 5.05673 3.3315
28146 4.18814 3.24601 2.2604
37390 5.06294 4.14675 2.09757
33371 5.07811 3.89093 2.20754
30356 5.3498 4.14857 2.23605
27341 7.30224 5.80702 4.31227
23523 8.44344 7.15662 4.81163
40003 10.8245 8.82111 5.08529
20106 2.47139 2.10221 1.61134
28347 3.82269 2.95785 1.98696
33572 5.15574 3.94963 2.22424
30557 5.43759 4.22296 2.27062
37591 5.56061 4.55845 2.32667
27542 6.52119 5.15937 3.78955
23724 8.70747 7.39338 4.97387
40204 10.9292 8.90477 5.13818
28548 3.7102 2.87369 1.85914
20307 2.66849 2.26166 1.72393
33773 5.16179 3.94254 2.20051
30758 5.59266 4.34249 2.32627
35180 3.87069 3.11107 1.65711
25131 10.0748 8.3781 6.57333
37793 6.15773 5.01842 2.66887
23925 8.84644 7.51868 5.05857
20508 2.90957 2.4532 1.84621
33974 5.02075 3.83292 2.14363
28749 3.76345 2.9161 1.83716
30959 5.85356 4.53864 2.41367
35381 3.66731 2.9845 1.5902
25332 10.6519 8.84183 7.09409
37994 6.95743 5.6534 3.12985
24126 8.87266 7.54946 5.09142
20709 3.13482 2.62944 1.95041
34175 4.99641 3.80174 2.10232
31160 5.76662 4.46819 2.3789
28950 3.85196 2.98524 1.83326
35582 3.51995 2.88388 1.53759
25533 11.1908 9.28896 7.54163
38195 7.49695 6.07749 3.46959
24327 8.961 7.60069 5.24253
20910 3.45216 2.87396 2.0596
34376 5.00708 3.80477 2.06411
29151 3.98227 3.09001 1.86642
31361 5.74715 4.44463 2.36814
38396 8.05226 6.52625 3.84481
25734 11.8055 9.82127 7.95351
24528 9.11365 7.70591 5.41978
21111 3.68719 3.05236 2.13121
35783 3.46787 2.84502 1.51086
34577 4.92667 3.7552 2.00585
29352 4.14035 3.21398 1.91198
31562 5.88658 4.53545 2.4132
38597 8.53849 6.92967 4.17755
25935 12.1244 10.0832 8.11672
24729 9.32707 7.84291 5.69616
21312 3.92924 3.23359 2.19436
35984 3.42559 2.81046 1.48868
34778 4.56311 3.53257 1.88273
29553 4.26433 3.31161 1.96269
31763 5.69105 4.388 2.37917
38798 8.93974 7.26797 4.44065
26136 12.1525 10.0901 8.0809
24930 9.65982 8.07586 6.09455
36185 3.4385 2.81889 1.48787
21513 4.32659 3.54276 2.32287
34979 4.1965 3.31072 1.75935
29754 4.42741 3.43398 2.02482
31964 5.17094 4.00614 2.27503
38999 9.26673 7.54274 4.60957
26337 11.801 9.76781 7.76922
22720 6.57692 5.43771 3.62776
36386 3.49236 2.8603 1.50474
32769 4.11214 3.22417 1.9998
21714 4.63754 3.79021 2.4368
32165 5.11714 3.96117 2.27614
29955 4.59913 3.56081 2.076
26538 11.0798 9.12655 7.21686
39200 9.55242 7.77955 4.73702
22921 7.03973 5.84435 3.9049
36587 3.63821 2.97628 1.55542
32970 4.13155 3.24052 2.0053
32366 5.02463 3.88561 2.25169
21915 4.84295 3.96011 2.53428
27745 5.14376 4.03504 3.01288
26739 9.97129 8.14807 6.3937
23122 7.5212 6.28986 4.20892
39401 9.82139 7.99634 4.80816
33171 4.31512 3.37434 2.04975
36788 3.84879 3.14832 1.63469
32567 4.85678 3.75579 2.19279
27946 4.44434 3.4544 2.50404
22116 5.18156 4.25207 2.72444
26940 9.00609 7.29979 5.67611
23323 7.92558 6.66714 4.47497
39602 10.0372 8.17167 4.87203
33372 4.40564 3.44027 2.07575
30156 4.73029 3.66666 2.09894
36989 4.12411 3.37445 1.736
28147 3.86468 2.98964 2.09019
22317 5.59655 4.60993 2.98076
27141 7.93281 6.37166 4.90803
39803 10.2089 8.31265 4.93567
23524 8.33242 7.0451 4.75216
33573 4.47699 3.49035 2.09369
30357 4.77094 3.70424 2.10661
37190 4.55569 3.72879 1.9056
28348 3.52168 2.72205 1.8489
27342 6.90526 5.49513 4.18556
22518 6.06293 5.00302 3.29559
23725 8.51004 7.20466 4.8781
33774 4.50567 3.49951 2.08013
40004 10.3171 8.39637 4.99175
30558 4.73609 3.68439 2.10864
37391 5.04661 4.1297 2.11174
28549 3.41075 2.63857 1.75227
27543 6.17584 4.88313 3.6607
20107 2.54122 2.16959 1.67813
23926 8.64213 7.32184 4.99325
40205 10.4288 8.48177 5.06344
33975 4.5445 3.51361 2.061
30759 4.76813 3.71205 2.11626
37592 5.60878 4.57957 2.38291
28750 3.38286 2.62128 1.71239
25132 9.82433 8.13735 6.50195
20308 2.7236 2.30989 1.76906
24127 8.68109 7.35334 5.06282
30960 4.84881 3.77681 2.13504
37794 6.22617 5.04948 2.75697
28951 3.40219 2.64099 1.7136
35181 3.62783 2.94609 1.6101
25333 10.3796 8.59735 6.99665
34176 4.57463 3.52229 2.03312
20509 2.9442 2.4781 1.86216
24328 8.77559 7.40699 5.22596
31161 4.94985 3.85492 2.16
37995 7.0423 5.68568 3.21569
35382 3.42659 2.81233 1.53461
29152 3.49564 2.7262 1.7581
25534 10.9511 9.08537 7.44439
20710 3.15772 2.64047 1.94068
34377 4.46446 3.44994 1.96288
24529 8.90038 7.47725 5.42097
31362 4.94153 3.85007 2.1784
38196 7.57903 6.11351 3.53893
35583 3.35172 2.75757 1.4932
29353 3.60988 2.81956 1.81068
20911 3.41722 2.83636 2.01889
25735 11.4859 9.55096 7.81492
24730 9.12882 7.62399 5.71243
34578 4.31185 3.35684 1.884
38397 8.0549 6.50293 3.83944
31563 4.84488 3.77919 2.18525
35784 3.3045 2.72023 1.46527
29554 3.7611 2.93468 1.87322
21112 3.68142 3.03277 2.0915
25936 11.7615 9.78041 7.95463
34779 4.04919 3.20113 1.77334
24931 9.45514 7.85752 6.09642
38598 8.46932 6.86107 4.12278
31764 4.4857 3.51538 2.11081
35985 3.27146 2.69233 1.44447
29755 3.99152 3.11052 1.96401
26137 11.6543 9.67083 7.81383
34980 3.76999 3.03249 1.66799
38799 8.85165 7.1917 4.37514
21313 3.98141 3.25501 2.18203
31965 4.25286 3.34248 2.05734
36186 3.30225 2.71547 1.45241
29956 4.19951 3.26687 2.03257
22721 6.44021 5.30982 3.56124
26338 11.3354 9.37474 7.51936
32770 3.76164 2.9714 1.92271
39000 9.15591 7.4562 4.54824
21514 4.33019 3.52981 2.31954
36387 3.38778 2.78165 1.48147
32166 4.1785 3.28355 2.0348
27746 4.65983 3.6561 2.74445
22922 6.93739 5.73965 3.86143
26539 10.509 8.64138 6.89869
32971 3.85728 3.04347 1.96052
39201 9.38133 7.64741 4.66418
21715 4.60991 3.75496 2.44038
36588 3.52314 2.8888 1.5342
32367 4.07879 3.20499 2.00118
27947 3.98768 3.10167 2.24826
23123 7.45007 6.20858 4.17904
26740 9.58392 7.82978 6.22565
33172 3.97133 3.13012 2.00089
39402 9.47469 7.71908 4.69605
21916 4.88799 3.98798 2.56899
32568 4.07717 3.19898 1.99319
36789 3.83749 3.14622 1.65508
28148 3.55589 2.74999 1.92497
26941 8.53769 6.9253 5.45768
23324 7.78517 6.51983 4.39695
33373 4.1133 3.23486 2.04215
30157 4.38675 3.40203 2.06912
22117 5.20198 4.25767 2.75127
36990 4.14681 3.3999 1.77196
28349 3.33122 2.57042 1.7615
39603 9.63155 7.84224 4.7566
27142 7.59731 6.11534 4.78414
23525 8.128 6.84212 4.62893
33574 4.1816 3.28436 2.06507
30358 4.4834 3.4796 2.08981
22318 5.51247 4.52618 2.94735
37191 4.53367 3.7162 1.92491
28550 3.14364 2.42441 1.64294
27343 6.68018 5.33118 4.14459
39804 9.73385 7.92188 4.80221
23726 8.33545 7.03263 4.79466
33775 4.21663 3.30704 2.0647
22519 6.00782 4.94809 3.27281
30559 4.48504 3.4893 2.10315
37392 4.935 4.03976 2.09714
28751 3.10195 2.39514 1.60943
23927 8.46157 7.14114 4.92356
33976 4.24288 3.31976 2.03866
27544 5.94874 4.71027 3.60375
40005 9.91775 8.05702 4.87938
37593 5.57102 4.53801 2.40727
28952 3.12117 2.41339 1.61659
30760 4.48668 3.49435 2.09393
20108 2.59546 2.22046 1.72569
34177 4.19675 3.28292 1.98726
24128 8.53276 7.17897 5.08371
40206 10.0831 8.18594 4.95726
25133 9.82036 8.12073 6.52401
35182 3.34629 2.74583 1.5574
29153 3.28936 2.55162 1.69634
30961 4.49588 3.50636 2.08561
20309 2.74927 2.32618 1.77338
24329 8.58223 7.17683 5.25118
25334 10.3694 8.59631 6.9643
37795 6.37072 5.15532 2.89719
34378 4.08412 3.20711 1.90196
29354 3.43556 2.6667 1.76411
35383 3.26128 2.68541 1.50895
31162 4.47131 3.49555 2.0903
20510 2.92396 2.45116 1.82303
24530 8.701 7.23769 5.44841
34579 3.90715 3.09495 1.80724
35584 3.23173 2.66402 1.47251
29555 3.63365 2.82311 1.84859
25535 10.855 9.01166 7.33978
37996 7.11969 5.74003 3.31756
31363 4.31794 3.38813 2.07144
20711 3.15122 2.62233 1.89784
24731 8.93873 7.40874 5.69958
34780 3.66988 2.9503 1.69655
35785 3.16857 2.61409 1.43516
25736 11.2672 9.35841 7.64466
29756 3.86485 3.00556 1.95646
31564 4.19707 3.30323 2.05231
20912 3.33035 2.75103 1.93128
24932 9.31941 7.70848 6.06903
38197 7.57751 6.11898 3.58327
34981 3.47985 2.83305 1.61234
35986 3.14582 2.59592 1.42244
25937 11.3432 9.41305 7.66656
29957 4.09775 3.18538 2.05673
31765 3.90953 3.0937 1.9727
21113 3.57796 2.9357 2.007
22722 6.38504 5.25455 3.55817
32771 3.58007 2.84211 1.90311
36187 3.19564 2.63523 1.43484
38398 7.98114 6.4639 3.82968
31966 3.7365 2.96584 1.91485
27747 4.37184 3.43887 2.59687
26138 11.1863 9.26616 7.51948
21314 3.92789 3.1976 2.13775
32972 3.70044 2.93325 1.95693
22923 6.85114 5.66286 3.8425
36388 3.29166 2.71071 1.46923
38599 8.35323 6.7931 4.07112
32167 3.65289 2.90151 1.87682
27948 3.55463 2.76975 1.99732
26339 10.9403 9.04012 7.30421
21515 4.22904 3.4354 2.28242
23124 7.30451 6.07309 4.12516
33173 3.81095 3.01679 2.00006
38800 8.7144 7.1076 4.2949
36589 3.44344 2.83077 1.53002
32368 3.62838 2.87804 1.86597
28149 3.30328 2.56238 1.8073
26540 10.2192 8.41054 6.79838
21716 4.56209 3.70752 2.44498
23325 7.67879 6.41512 4.36636
33374 3.93625 3.11299 2.05699
39001 8.97738 7.33383 4.43917
28350 3.11579 2.40616 1.66551
36790 3.75902 3.08926 1.65279
23526 8.04007 6.74545 4.61887
