15075 1.07246 0.895938 0.82341
12462 1.7919 1.40233 1.02168
0 0.261698 0.216955 0.202468
7437 0.381518 0.307834 0.25566
10050 0.496493 0.391214 0.310567
17487 2.51609 2.15169 1.94583
2412 0.410283 0.341905 0.330032
5025 0.370005 0.315643 0.300488
15276 1.08205 0.908203 0.853554
201 0.270409 0.224107 0.211128
10251 0.522539 0.412625 0.325811
7638 0.39385 0.316627 0.261023
17688 2.56363 2.19458 1.98281
12663 1.73234 1.36288 1.00212
2613 0.396776 0.329723 0.317044
5226 0.361909 0.307679 0.289513
15477 1.12257 0.946609 0.900107
402 0.281751 0.233781 0.221489
10452 0.565523 0.448213 0.353727
7839 0.404941 0.325154 0.266567
17889 2.54391 2.17947 1.96302
12864 1.64536 1.30291 0.96263
2814 0.381445 0.315133 0.301803
5427 0.352756 0.298638 0.277019
15678 1.17891 0.998753 0.956348
603 0.297866 0.248149 0.235366
10653 0.654145 0.518804 0.409678
8040 0.41631 0.334589 0.272705
18090 2.43221 2.0827 1.84672
13065 1.53501 1.2252 0.909556
5628 0.3423 0.288843 0.264528
3015 0.367885 0.302077 0.28852
15879 1.25114 1.06499 1.02223
804 0.317917 0.266297 0.252216
10854 0.770368 0.610534 0.480671
8241 0.429672 0.344374 0.279321
18291 2.32608 1.99079 1.73138
13266 1.40464 1.13028 0.850168
3216 0.362502 0.296995 0.284737
5829 0.333716 0.280451 0.252817
16080 1.35578 1.15867 1.1067
1005 0.339936 0.284956 0.271078
11055 0.899137 0.711567 0.556681
8442 0.445952 0.355308 0.28699
18492 2.22781 1.90701 1.62302
13467 1.27989 1.03834 0.79729
6030 0.329552 0.27539 0.244698
3417 0.361278 0.296304 0.285462
1206 0.363449 0.304005 0.29104
16281 1.47708 1.26459 1.19894
11256 1.04202 0.822769 0.636934
8643 0.454944 0.361966 0.292415
18693 2.1227 1.81615 1.49742
13668 1.18687 0.968788 0.765855
6231 0.333622 0.277122 0.244853
3618 0.365592 0.301655 0.292471
16482 1.66291 1.42013 1.33758
11457 1.22036 0.959941 0.732571
1407 0.389811 0.323732 0.311736
8844 0.461903 0.367005 0.2971
18894 2.03324 1.73821 1.38143
13869 1.12879 0.924322 0.742506
6432 0.342285 0.282574 0.249619
3819 0.369148 0.306782 0.297695
16683 1.85963 1.58419 1.48225
11658 1.40181 1.09851 0.826034
1608 0.410506 0.339185 0.328143
9045 0.466946 0.369892 0.30089
14070 1.0862 0.892547 0.73005
6633 0.353723 0.289329 0.250682
19095 1.9734 1.68482 1.28761
4020 0.373583 0.313275 0.30339
16884 2.02752 1.72484 1.60269
11859 1.58472 1.23798 0.916939
1809 0.418595 0.346073 0.335598
9246 0.468676 0.37023 0.301468
14271 1.0676 0.881274 0.738581
19296 1.95828 1.6692 1.23709
6834 0.363053 0.295016 0.251049
4221 0.376194 0.317746 0.307036
17085 2.21099 1.8859 1.72855
12060 1.76572 1.37601 1.00386
9447 0.469006 0.36967 0.300378
2010 0.421282 0.349255 0.338809
14472 1.0655 0.882112 0.757865
19497 1.97685 1.68366 1.21614
7035 0.365583 0.29701 0.250262
17286 2.3855 2.03939 1.8498
4422 0.378593 0.321701 0.310556
12261 1.80488 1.4083 1.02384
9648 0.47696 0.376342 0.304606
2211 0.418903 0.348976 0.33783
14673 1.06856 0.887476 0.783268
19698 2.04642 1.74422 1.22955
10051 0.514205 0.401124 0.313852
4623 0.378998 0.323383 0.312112
15076 1.04856 0.886158 0.832505
9849 0.486479 0.38405 0.308762
7236 0.372028 0.301431 0.251979
1 0.294497 0.244961 0.233045
14874 1.06978 0.890483 0.801456
19899 2.12126 1.8094 1.2582
10252 0.549485 0.42939 0.334622
4824 0.375656 0.320783 0.308467
15277 1.07351 0.909487 0.870936
7438 0.396918 0.317103 0.25924
5026 0.381217 0.328378 0.307598
12463 1.93515 1.51561 1.12199
202 0.304689 0.252597 0.241739
17488 2.53341 2.15976 1.95651
10453 0.603233 0.472936 0.368628
2413 0.392444 0.327042 0.315319
15478 1.11565 0.947558 0.916015
7639 0.408837 0.326285 0.266076
5227 0.371554 0.318439 0.291863
12664 1.77391 1.40085 1.07761
403 0.315761 0.26149 0.250292
17689 2.60295 2.22019 2.00998
10654 0.736494 0.576363 0.4451
2614 0.386942 0.321947 0.310335
15679 1.17768 1.00253 0.972051
7840 0.421546 0.336238 0.273813
12865 1.61458 1.28621 1.0105
5428 0.36259 0.308851 0.277083
604 0.329485 0.273116 0.260663
17890 2.6111 2.22729 2.00665
15880 1.25431 1.07054 1.03041
2815 0.380656 0.315615 0.304159
10855 0.911292 0.710777 0.542932
8041 0.432696 0.345505 0.280383
13066 1.46142 1.17482 0.927927
5629 0.352137 0.298261 0.263459
805 0.34454 0.286795 0.271932
18091 2.491 2.12265 1.86239
16081 1.35599 1.16038 1.101
3016 0.374599 0.30947 0.298443
11056 1.10904 0.861432 0.65089
8242 0.444361 0.354166 0.286657
5830 0.345361 0.290657 0.253563
1006 0.35963 0.299219 0.283871
13267 1.31798 1.06952 0.854072
16282 1.48915 1.27605 1.192
18292 2.36024 2.01137 1.72058
3217 0.373877 0.308987 0.298956
8443 0.456979 0.362429 0.292674
6031 0.34389 0.28676 0.247853
11257 1.3185 1.02022 0.76083
1207 0.374618 0.310832 0.296507
13468 1.19516 0.97931 0.792172
16483 1.6747 1.42875 1.32942
18493 2.23508 1.90631 1.5921
3418 0.375475 0.311132 0.301975
8644 0.463396 0.366788 0.29596
6232 0.349842 0.288817 0.248287
11458 1.54105 1.1899 0.876397
13669 1.12364 0.927717 0.766921
1408 0.388299 0.320655 0.307273
16684 1.86171 1.58257 1.46738
18694 2.10875 1.79689 1.44651
3619 0.381915 0.318764 0.310098
8845 0.466358 0.368749 0.297541
11659 1.75326 1.35367 0.985066
13870 1.08091 0.896409 0.753312
6433 0.361066 0.295428 0.253534
3820 0.387447 0.325886 0.317083
18895 2.00464 1.70607 1.32455
16885 2.06811 1.75382 1.61841
1609 0.398206 0.327794 0.315159
9046 0.468094 0.369181 0.298096
11860 1.94059 1.4996 1.07961
14071 1.04806 0.872838 0.747263
6634 0.372068 0.301593 0.255686
4021 0.391535 0.331804 0.322451
1810 0.399913 0.330038 0.317803
19096 1.94524 1.65287 1.24369
17086 2.26313 1.92307 1.76091
9247 0.467493 0.367435 0.295943
12061 2.05427 1.59158 1.13787
14272 1.03693 0.86664 0.754754
6835 0.381671 0.306751 0.256214
4222 0.396553 0.338846 0.329578
2011 0.39861 0.330188 0.31815
19297 1.93875 1.64645 1.21027
17287 2.42676 2.06681 1.8799
9448 0.465882 0.364517 0.292163
12262 2.02913 1.5795 1.14278
14473 1.02674 0.862938 0.769561
4423 0.399096 0.343304 0.334143
7036 0.383695 0.307568 0.254726
19498 1.96174 1.66675 1.20322
9649 0.476942 0.37252 0.296505
10052 0.546184 0.42208 0.323521
15077 1.03493 0.883666 0.833013
2212 0.397236 0.330536 0.31869
14674 1.02275 0.863635 0.788274
7237 0.388987 0.311054 0.25569
4624 0.396884 0.34262 0.331731
19699 2.01926 1.71823 1.22141
9850 0.493804 0.385527 0.304641
15278 1.06858 0.911723 0.869581
10253 0.596542 0.461912 0.353264
2 0.346875 0.290013 0.279529
14875 1.0332 0.872502 0.807394
5027 0.386962 0.334846 0.311573
19900 2.09802 1.78639 1.25453
4825 0.391556 0.338355 0.324066
7439 0.414168 0.328508 0.264583
15479 1.11172 0.951722 0.904626
12464 2.03949 1.60454 1.23389
203 0.358362 0.297921 0.287922
10454 0.681021 0.527877 0.401901
17489 2.66573 2.27787 2.05273
2414 0.37737 0.314431 0.302664
5228 0.380897 0.327314 0.297659
7640 0.426007 0.33798 0.271785
15680 1.1746 1.00991 0.950146
404 0.365213 0.302304 0.291229
10655 0.858851 0.664175 0.498752
12665 1.83991 1.45977 1.17104
17690 2.71407 2.31833 2.0764
2615 0.379281 0.315876 0.304794
5429 0.378423 0.322492 0.288161
7841 0.439429 0.348135 0.2803
15881 1.28217 1.10328 1.02815
605 0.375331 0.309802 0.297152
10856 1.07659 0.829847 0.615356
12866 1.63984 1.3141 1.08612
17891 2.69262 2.29683 2.03633
2816 0.380362 0.316481 0.306144
5630 0.373388 0.315472 0.277842
8042 0.447819 0.35509 0.286259
16082 1.40624 1.20847 1.11969
806 0.377256 0.311453 0.296364
11057 1.32583 1.01743 0.746029
13067 1.43975 1.1668 0.972034
18092 2.59332 2.20847 1.89822
5831 0.369082 0.309076 0.269131
3017 0.380734 0.316472 0.306823
8243 0.454542 0.360449 0.291012
1007 0.380052 0.313422 0.297158
16283 1.55824 1.33619 1.23063
11258 1.57491 1.20541 0.873867
13268 1.27962 1.04811 0.881057
18293 2.4891 2.11745 1.76069
6032 0.373102 0.308899 0.267645
3218 0.382718 0.318695 0.309633
8444 0.46141 0.365009 0.295072
1208 0.382197 0.314432 0.299377
16484 1.72142 1.4707 1.34995
11459 1.82416 1.39512 1.00188
13469 1.15292 0.953882 0.808856
18494 2.3878 2.03003 1.63231
6233 0.377986 0.30954 0.266262
3419 0.385332 0.321851 0.313158
1409 0.383003 0.314787 0.300477
8645 0.463654 0.366148 0.295686
11660 2.05341 1.5749 1.12919
16685 1.92231 1.63795 1.50014
13670 1.08019 0.901472 0.775578
18695 2.27169 1.92901 1.50236
6434 0.383571 0.311562 0.264914
3620 0.389954 0.327691 0.318656
8846 0.464075 0.365847 0.294583
1610 0.381247 0.313702 0.299627
11861 2.22571 1.71425 1.23322
16886 2.16914 1.84673 1.68864
13871 1.02931 0.865076 0.753107
18896 2.16692 1.8376 1.396
6635 0.387753 0.311639 0.260198
3821 0.394237 0.333567 0.323973
9047 0.463428 0.36435 0.291096
1811 0.377959 0.312268 0.298407
12062 2.30893 1.78929 1.30035
17087 2.38279 2.03148 1.84959
14072 0.985134 0.834847 0.738223
19097 2.07115 1.75343 1.30945
6836 0.391805 0.311668 0.255471
4022 0.397386 0.338806 0.328684
12263 2.21337 1.72807 1.28941
9248 0.462873 0.362401 0.28713
2012 0.374339 0.310674 0.297088
14273 0.977658 0.832363 0.743072
17288 2.56921 2.19401 1.98732
19298 2.01834 1.70775 1.26002
7037 0.399476 0.316082 0.257295
4223 0.399651 0.343448 0.333311
10053 0.605617 0.464795 0.34579
9449 0.462508 0.359729 0.28262
2213 0.375513 0.312424 0.299698
14474 0.98158 0.838106 0.759442
19499 2.00524 1.69633 1.23692
7238 0.408015 0.322242 0.261044
15078 1.02688 0.884484 0.826932
4424 0.40129 0.347479 0.337556
10254 0.70062 0.537869 0.396843
9650 0.480206 0.371662 0.288953
3 0.393388 0.329347 0.318886
14675 0.988212 0.846009 0.781062
5028 0.390046 0.337855 0.313301
4625 0.399021 0.346713 0.334431
19700 2.04603 1.73194 1.25005
15279 1.06723 0.916897 0.860169
10455 0.829347 0.63661 0.465866
9851 0.507808 0.392068 0.302245
204 0.394527 0.328492 0.317356
14876 1.00775 0.86187 0.804119
5229 0.388933 0.333919 0.303802
4826 0.395046 0.343558 0.327426
19901 2.11805 1.79336 1.28316
15480 1.11362 0.961266 0.888327
7440 0.42511 0.336934 0.273948
10656 1.01475 0.777581 0.563772
405 0.395939 0.328395 0.316249
12465 2.1066 1.67059 1.36162
5430 0.391574 0.332876 0.298638
15681 1.18117 1.02576 0.929321
17490 2.85545 2.44957 2.17642
2415 0.376153 0.312308 0.300144
7641 0.431901 0.342788 0.278779
10857 1.24212 0.949644 0.682318
606 0.397105 0.328634 0.315424
12666 1.89907 1.51623 1.26944
5631 0.392538 0.330437 0.2931
15882 1.3082 1.13537 1.02121
17691 2.86644 2.45431 2.1535
7842 0.437969 0.347281 0.282897
2616 0.38001 0.31614 0.304757
807 0.390406 0.323464 0.309225
11058 1.50793 1.1497 0.818569
12867 1.68038 1.35418 1.15721
5832 0.392298 0.327017 0.287222
16083 1.46652 1.26755 1.14214
17892 2.82437 2.41252 2.08002
2817 0.383458 0.319688 0.309039
8043 0.442596 0.350698 0.284243
1008 0.383699 0.318385 0.303825
6033 0.395178 0.325586 0.284668
13068 1.46906 1.19838 1.03474
11259 1.77756 1.35415 0.956581
16284 1.64714 1.41777 1.27977
18093 2.74237 2.33721 1.9575
8244 0.446842 0.353613 0.284607
3018 0.385878 0.322354 0.312253
1209 0.379442 0.31452 0.300847
6234 0.399001 0.325267 0.282946
13269 1.2758 1.05284 0.917606
16485 1.81759 1.55927 1.40563
11460 2.0249 1.54463 1.08803
18294 2.64826 2.25228 1.82491
8445 0.448648 0.354132 0.283374
3219 0.388265 0.325259 0.31545
1410 0.375386 0.311024 0.297784
6435 0.401696 0.325215 0.279525
16686 2.02765 1.73912 1.56164
11661 2.25568 1.72919 1.2358
18495 2.5471 2.16224 1.69446
13470 1.12713 0.940388 0.826671
8646 0.447928 0.351897 0.278905
3420 0.390309 0.327971 0.318178
1611 0.371796 0.308022 0.294404
6636 0.402722 0.32334 0.273241
16887 2.30109 1.97498 1.77317
18696 2.42382 2.05455 1.57517
11862 2.42748 1.87348 1.37116
13671 1.04632 0.880636 0.780037
8847 0.446662 0.348739 0.273345
3621 0.392658 0.331558 0.321145
1812 0.369754 0.30651 0.29272
6837 0.403358 0.320483 0.26482
17088 2.54392 2.18393 1.95976
18897 2.29434 1.94171 1.46412
12063 2.48038 1.93178 1.4647
13872 0.979476 0.83337 0.744834
9048 0.447569 0.348254 0.270403
3822 0.394127 0.334454 0.32336
2013 0.369029 0.306141 0.292377
7038 0.410283 0.32429 0.265624
17289 2.73564 2.34767 2.10311
19098 2.17622 1.83885 1.37753
12264 2.33902 1.83784 1.44374
14073 0.916132 0.790034 0.713549
9249 0.452429 0.350907 0.270206
4023 0.394414 0.337046 0.325367
2214 0.372006 0.308732 0.295674
7239 0.419194 0.330815 0.270042
15079 1.02055 0.884971 0.800615
19299 2.09303 1.76648 1.3144
10054 0.666889 0.510064 0.367574
9450 0.464394 0.357914 0.271957
4224 0.394737 0.340073 0.328119
14274 0.917591 0.79504 0.71974
4 0.431913 0.360541 0.348888
5029 0.393648 0.337001 0.314957
15280 1.06664 0.924371 0.832476
19500 2.04978 1.72872 1.27715
9651 0.495976 0.380942 0.286966
10255 0.782402 0.597987 0.427377
4425 0.394949 0.343068 0.331039
14475 0.932442 0.809206 0.737545
205 0.418593 0.348287 0.334755
15481 1.12708 0.981116 0.87523
19701 2.08074 1.75456 1.28815
5230 0.395886 0.335766 0.309878
9852 0.54196 0.415555 0.310735
10456 0.935739 0.714515 0.507303
4626 0.3942 0.343643 0.32914
14676 0.956797 0.829184 0.76524
406 0.411138 0.341628 0.327272
19902 2.15475 1.81687 1.32522
5431 0.401044 0.337467 0.308047
15682 1.21063 1.05991 0.934646
7441 0.430108 0.342213 0.284076
10657 1.15095 0.876667 0.616946
4827 0.393374 0.342979 0.324799
607 0.405907 0.337355 0.323126
14877 0.989485 0.855031 0.794799
17491 3.07464 2.65026 2.28549
5632 0.405206 0.338442 0.305921
15883 1.34402 1.17604 1.02968
10858 1.38654 1.05348 0.73613
7642 0.431451 0.344132 0.28514
2416 0.376722 0.312845 0.300605
808 0.395005 0.329444 0.316189
12466 2.12582 1.67399 1.31881
17692 3.10574 2.6681 2.25582
5833 0.407613 0.338161 0.303445
16084 1.52923 1.33459 1.16542
11059 1.65597 1.25622 0.874176
7843 0.427515 0.341196 0.282256
2617 0.380161 0.316908 0.305076
1009 0.38274 0.320647 0.30874
12667 1.82802 1.45479 1.1663
17893 3.0778 2.63522 2.16607
6034 0.407888 0.335076 0.298645
16285 1.75738 1.52961 1.33386
8044 0.427432 0.34058 0.277308
2818 0.382624 0.320294 0.308698
1210 0.375417 0.314523 0.303052
11260 1.93176 1.46602 1.01842
12868 1.58559 1.27671 1.04631
18094 2.9817 2.54629 2.05275
6235 0.407782 0.331572 0.293695
16486 1.97611 1.71985 1.49256
8245 0.429085 0.340829 0.271998
3019 0.383799 0.322185 0.310607
11461 2.19235 1.66821 1.16036
1411 0.369723 0.309422 0.298054
13069 1.41322 1.14868 0.961549
18295 2.83895 2.41843 1.91572
6436 0.41263 0.334415 0.296115
16687 2.20209 1.91604 1.65993
8446 0.43092 0.340594 0.267948
3220 0.384115 0.323139 0.311492
11662 2.40306 1.83636 1.29245
13270 1.21749 1.00122 0.847799
1612 0.367184 0.306479 0.294373
6637 0.415426 0.335106 0.293624
18496 2.65173 2.25383 1.7664
8647 0.430281 0.337739 0.260994
16888 2.49923 2.17635 1.8808
3421 0.384018 0.323607 0.311946
11863 2.53973 1.95075 1.39799
13471 1.03576 0.863796 0.737804
1813 0.366492 0.305082 0.292348
18697 2.46115 2.0874 1.62146
6838 0.414992 0.331891 0.282986
8848 0.429253 0.333661 0.252315
17089 2.73632 2.37607 2.06682
3622 0.382547 0.323276 0.31091
12064 2.55565 1.97847 1.46593
13672 0.967606 0.814348 0.710217
2014 0.368578 0.306121 0.293189
18898 2.29854 1.94554 1.49781
7039 0.418936 0.333457 0.280141
9049 0.435505 0.336761 0.251957
17290 2.94194 2.54467 2.22208
3823 0.382222 0.324115 0.310983
12265 2.403 1.87391 1.42757
13873 0.922276 0.783215 0.691666
2215 0.372461 0.309103 0.296423
19099 2.17904 1.84121 1.40392
7240 0.424413 0.33709 0.280914
9250 0.446725 0.344489 0.255958
15080 1.01919 0.886144 0.787504
10055 0.721369 0.551984 0.384871
14074 0.892399 0.764664 0.678774
4024 0.381723 0.325387 0.311261
5 0.441602 0.368814 0.358125
19300 2.10925 1.78024 1.34822
5030 0.395634 0.334164 0.312701
15281 1.07627 0.937442 0.825973
9451 0.472298 0.362685 0.266295
10256 0.85094 0.648983 0.449469
4225 0.381631 0.327188 0.312111
14275 0.904896 0.780105 0.695775
206 0.421729 0.352072 0.340712
19501 2.07684 1.75161 1.31799
5231 0.400751 0.335499 0.312285
15482 1.15534 1.01069 0.886649
9652 0.517699 0.396589 0.288554
10457 1.02407 0.779322 0.53634
407 0.408678 0.341141 0.32951
14476 0.926908 0.802232 0.721765
4426 0.382749 0.330169 0.3145
5432 0.406742 0.33856 0.312102
19702 2.11456 1.7833 1.33268
9853 0.577433 0.441845 0.320004
15683 1.25747 1.1051 0.96731
10658 1.25182 0.94931 0.648432
608 0.400486 0.33471 0.323755
14677 0.948977 0.822256 0.748103
5633 0.411685 0.341051 0.311656
4627 0.385886 0.33362 0.316817
15884 1.40753 1.23878 1.07533
19903 2.19701 1.85251 1.37783
7442 0.409797 0.330868 0.278872
10859 1.50338 1.13639 0.772134
809 0.392966 0.328925 0.318509
14878 0.981913 0.851431 0.773612
5834 0.414465 0.34194 0.310654
4828 0.391215 0.337475 0.31892
16085 1.61153 1.41728 1.22246
17492 3.36017 2.90402 2.42812
7643 0.404236 0.329916 0.270481
11060 1.7839 1.34744 0.918378
1010 0.38481 0.322736 0.313178
12467 2.09536 1.63314 1.20603
6035 0.41348 0.338488 0.305664
2417 0.380545 0.318109 0.306635
16286 1.88009 1.64996 1.41837
17693 3.37918 2.90885 2.39211
7844 0.399165 0.327449 0.262159
1211 0.380971 0.319071 0.310033
11261 2.05828 1.55642 1.06468
12668 1.71986 1.36091 1.01884
6236 0.410296 0.332955 0.299194
2618 0.380185 0.319191 0.307007
16487 2.13385 1.87185 1.60289
8045 0.39819 0.326366 0.254716
17894 3.32132 2.84935 2.29701
1412 0.378442 0.316188 0.307311
11462 2.31862 1.76066 1.213
12869 1.42315 1.14479 0.875438
6437 0.410512 0.332188 0.298147
2819 0.378926 0.319501 0.306518
16688 2.41404 2.11695 1.80391
8246 0.401515 0.326918 0.250197
18095 3.18 2.71985 2.16522
11663 2.48113 1.88872 1.30274
1613 0.377061 0.314295 0.305079
13070 1.31959 1.06789 0.851161
6638 0.409895 0.330842 0.295197
3020 0.377003 0.318221 0.304509
16889 2.70166 2.36797 2.00726
8447 0.405672 0.32739 0.246967
18296 2.98046 2.54201 2.01086
1814 0.376849 0.313586 0.303989
13271 1.12476 0.921331 0.746874
11864 2.56627 1.95823 1.35299
6839 0.408598 0.32837 0.287533
3221 0.374588 0.316263 0.301977
17090 2.97588 2.59762 2.20397
8648 0.413679 0.330014 0.245502
18497 2.72529 2.31808 1.8317
2015 0.37756 0.314067 0.303655
13472 0.942425 0.784836 0.644151
7040 0.40953 0.328226 0.284175
12065 2.53545 1.94513 1.3707
17291 3.20621 2.78455 2.36014
8849 0.425663 0.335967 0.24632
3422 0.371773 0.313794 0.29961
18698 2.4778 2.10415 1.65689
2216 0.379177 0.315871 0.304967
13673 0.895294 0.752105 0.639138
7241 0.411255 0.329437 0.283555
12266 2.37912 1.83688 1.3203
15081 1.02175 0.884731 0.80056
9050 0.441409 0.34582 0.250529
18899 2.28566 1.93851 1.51692
3623 0.369235 0.311821 0.297278
6 0.425997 0.356579 0.347144
13874 0.877641 0.74183 0.642716
5031 0.396119 0.329036 0.30416
10056 0.782761 0.594834 0.399031
15282 1.09307 0.950338 0.851586
9251 0.461513 0.359308 0.258026
19100 2.17396 1.84132 1.42777
207 0.411179 0.344712 0.336419
14075 0.87732 0.745166 0.648309
5232 0.402389 0.332671 0.307752
3824 0.36712 0.310482 0.294981
10257 0.919564 0.695148 0.461469
9452 0.494663 0.383354 0.272718
15483 1.19678 1.04575 0.931239
19301 2.11036 1.78697 1.3744
408 0.398866 0.334889 0.32775
14276 0.898065 0.768325 0.676294
5433 0.407845 0.336083 0.309279
4025 0.367167 0.311232 0.294354
10458 1.09695 0.827507 0.543985
9653 0.544707 0.420239 0.296576
19502 2.09145 1.77137 1.35299
15684 1.32754 1.16578 1.03409
609 0.39209 0.329477 0.32256
14477 0.922372 0.793874 0.708118
5634 0.411879 0.338416 0.309437
4226 0.368752 0.313488 0.295138
10659 1.32771 0.999253 0.650308
19703 2.14016 1.81286 1.3761
15885 1.51797 1.33898 1.17583
9854 0.61805 0.474799 0.33302
810 0.387462 0.325604 0.318589
14678 0.94482 0.816437 0.736045
5835 0.412699 0.338043 0.307961
4427 0.372312 0.317676 0.298475
10860 1.60323 1.204 0.777817
19904 2.24373 1.90012 1.43802
16086 1.7448 1.54088 1.34196
7443 0.386771 0.317533 0.268555
1011 0.385924 0.323985 0.316643
14879 0.97647 0.846411 0.759743
6036 0.411264 0.335219 0.304684
4628 0.37871 0.323229 0.303316
11061 1.86835 1.40317 0.914309
17493 3.7061 3.20534 2.60278
16287 2.01426 1.77601 1.53986
7644 0.378921 0.316112 0.254593
12468 1.86277 1.45841 1.03717
1212 0.385528 0.322933 0.315527
6237 0.407955 0.33032 0.29985
4829 0.388639 0.330734 0.310536
11262 2.08466 1.56938 1.03468
16488 2.32311 2.0429 1.7607
17694 3.70747 3.19567 2.57742
7845 0.375451 0.315586 0.242604
12669 1.52644 1.21237 0.880861
1413 0.386163 0.32277 0.315598
6438 0.402334 0.324907 0.2938
2418 0.384768 0.323981 0.312938
11463 2.2087 1.6762 1.12154
16689 2.63093 2.3085 1.97297
17895 3.56813 3.06669 2.46514
8046 0.377941 0.316772 0.235794
6639 0.395977 0.319555 0.286988
1614 0.385803 0.322134 0.314797
11664 2.26013 1.72473 1.16456
12870 1.21806 0.985974 0.740694
2619 0.383045 0.323549 0.311418
16890 2.92427 2.56215 2.16405
8247 0.386422 0.319858 0.233934
18096 3.33961 2.86109 2.29656
6840 0.39408 0.318509 0.282891
1815 0.38571 0.322245 0.314461
11865 2.24779 1.7233 1.17061
2820 0.379814 0.321617 0.308053
13071 1.12316 0.915283 0.711091
8448 0.398136 0.324769 0.2351
17091 3.24716 2.83398 2.36003
18297 3.0516 2.60521 2.08857
2016 0.385895 0.323121 0.314221
7041 0.393349 0.318361 0.280621
3021 0.376356 0.318641 0.303225
13272 1.00498 0.826434 0.656171
12066 2.18089 1.68301 1.15807
8649 0.413945 0.332703 0.238517
18498 2.74253 2.33371 1.86824
17292 3.51159 3.05196 2.51101
2217 0.385663 0.323754 0.313697
7242 0.393654 0.318819 0.27982
3222 0.372709 0.315229 0.298162
13473 0.897411 0.746165 0.605111
12267 2.06733 1.6061 1.1228
18699 2.46902 2.10088 1.67457
8850 0.440073 0.348886 0.246744
15082 1.06898 0.924043 0.836853
7 0.415532 0.347939 0.337819
5032 0.390293 0.318319 0.291435
3423 0.368643 0.311272 0.294329
13674 0.872 0.730651 0.611722
10057 0.836068 0.629917 0.408362
18900 2.26913 1.93152 1.52997
15283 1.16087 1.00774 0.907246
9051 0.463343 0.363609 0.254932
3624 0.365664 0.308079 0.290848
208 0.407899 0.341966 0.333002
5233 0.397554 0.324634 0.298342
13875 0.866957 0.731463 0.627777
10258 0.976193 0.730939 0.465915
19101 2.15922 1.83617 1.44277
15484 1.29354 1.12771 1.01141
3825 0.364811 0.306311 0.287903
9252 0.491722 0.382456 0.265439
14076 0.874392 0.74164 0.644093
5434 0.400339 0.326574 0.299368
409 0.401372 0.336778 0.328899
10459 1.14313 0.854755 0.537333
19302 2.10665 1.79395 1.39896
15685 1.44285 1.26307 1.12988
4026 0.366146 0.306869 0.28715
9453 0.528463 0.40896 0.282218
610 0.396128 0.332596 0.324915
14277 0.889789 0.758915 0.671908
5635 0.399614 0.325435 0.296883
10660 1.35822 1.0153 0.632033
19503 2.10087 1.79187 1.38672
15886 1.64214 1.4431 1.28058
4227 0.368951 0.308834 0.28777
9654 0.585615 0.450694 0.30866
811 0.391484 0.328947 0.321322
14478 0.908842 0.778727 0.700721
5836 0.398875 0.324437 0.295427
16087 1.88593 1.65845 1.46009
10861 1.64989 1.23344 0.762561
4428 0.373413 0.312697 0.290738
19704 2.16914 1.85089 1.42411
9855 0.668669 0.511609 0.347422
1012 0.389262 0.327395 0.319673
14679 0.935394 0.804352 0.72859
6037 0.396748 0.321986 0.292949
16288 2.17971 1.91185 1.66861
11062 1.86835 1.39868 0.876396
4629 0.379549 0.317527 0.294602
19905 2.29017 1.95183 1.49755
7444 0.376813 0.313316 0.248777
1213 0.388233 0.326826 0.31918
14880 0.971546 0.838106 0.760303
16489 2.51197 2.19492 1.89098
6238 0.394146 0.318743 0.289964
11263 2.01202 1.51203 0.965642
4830 0.388673 0.324092 0.299858
17494 3.75359 3.238 2.64109
7645 0.374131 0.313444 0.241003
1414 0.388699 0.32727 0.319941
16690 2.86381 2.49427 2.1191
12469 1.5067 1.19341 0.838429
6439 0.387987 0.314428 0.282868
11464 1.98465 1.50789 0.981715
2419 0.389538 0.331331 0.320146
17695 3.69052 3.18073 2.58461
7846 0.379737 0.316577 0.2374
1615 0.389382 0.328402 0.320815
12670 1.28341 1.02921 0.744311
16891 3.2067 2.78626 2.33449
6640 0.381046 0.31099 0.273554
11665 1.93363 1.48361 0.983889
2620 0.386893 0.328852 0.316729
17896 3.54062 3.05005 2.47264
8047 0.389513 0.321639 0.235751
1816 0.390021 0.329621 0.321319
12871 1.03559 0.846243 0.638953
17092 3.47407 3.01144 2.49589
6841 0.376786 0.310273 0.264384
11866 1.84064 1.42404 0.960289
2821 0.383173 0.325337 0.311619
8248 0.403429 0.329063 0.236499
18097 3.30711 2.84477 2.30359
2017 0.39087 0.331547 0.322105
13072 0.953702 0.785011 0.610174
7042 0.374798 0.310552 0.25687
17293 3.67543 3.17774 2.61068
12067 1.74658 1.36321 0.929295
3022 0.378813 0.321067 0.304486
18298 3.0208 2.59268 2.09494
2218 0.391165 0.332781 0.322188
8449 0.422592 0.34026 0.240438
13273 0.903406 0.747799 0.59515
7243 0.377981 0.312656 0.254248
15083 1.13404 0.979864 0.879384
12268 1.62932 1.28225 0.884816
3223 0.374772 0.316942 0.297104
18499 2.68968 2.30404 1.85679
8 0.40816 0.341451 0.330217
8650 0.445779 0.354413 0.246528
13474 0.862438 0.718544 0.586849
15284 1.26027 1.09269 0.98038
5033 0.378385 0.303864 0.277509
3424 0.370228 0.312272 0.29206
10058 0.85342 0.639253 0.402721
18700 2.44182 2.09428 1.68473
209 0.407338 0.340705 0.329947
8851 0.476076 0.373402 0.255507
13675 0.848426 0.711913 0.600575
15485 1.40347 1.22056 1.09538
5234 0.386576 0.311555 0.284669
3625 0.367231 0.308506 0.287926
18901 2.25104 1.93165 1.54967
10259 0.968177 0.723432 0.451824
410 0.40577 0.339327 0.329382
9052 0.508254 0.39414 0.266279
13876 0.849491 0.717198 0.619653
15686 1.56897 1.36773 1.22672
5435 0.388423 0.313744 0.286027
3826 0.367296 0.306115 0.28392
19102 2.15109 1.84207 1.47179
10460 1.09479 0.818846 0.509457
611 0.401596 0.33596 0.326359
9253 0.542412 0.41704 0.279434
14077 0.866297 0.735375 0.644453
15887 1.7833 1.55772 1.39003
5636 0.383256 0.309518 0.280773
4027 0.368406 0.305419 0.282044
19303 2.12633 1.82283 1.44509
10661 1.25781 0.942985 0.587098
9454 0.576496 0.441701 0.295786
812 0.395983 0.331872 0.322718
14278 0.883519 0.753145 0.670915
16088 2.02848 1.77124 1.56847
5837 0.380808 0.30776 0.278818
4228 0.371399 0.306508 0.281453
19504 2.15695 1.85133 1.45497
10862 1.44609 1.08818 0.681817
9655 0.629417 0.480372 0.320535
1013 0.392253 0.329665 0.320624
14479 0.906259 0.775211 0.699103
16289 2.32625 2.02363 1.77072
6038 0.379511 0.306974 0.278061
4429 0.374856 0.308583 0.283513
19705 2.26421 1.93773 1.5085
11063 1.56683 1.18408 0.754684
9856 0.718063 0.54477 0.358809
14680 0.944464 0.810122 0.732693
1214 0.389745 0.328588 0.319824
16490 2.6665 2.3106 1.98473
6239 0.376912 0.305067 0.275284
4630 0.378992 0.311328 0.286733
19906 2.39696 2.04924 1.58952
7445 0.374476 0.311849 0.230398
14881 0.997842 0.859028 0.778423
1415 0.389735 0.329284 0.320738
11264 1.61078 1.22572 0.800053
6440 0.372521 0.303663 0.268404
16691 3.03949 2.62481 2.21513
4831 0.384824 0.314802 0.288666
17495 3.71483 3.19619 2.63931
7646 0.379568 0.315001 0.230765
12470 1.08146 0.874278 0.650729
1616 0.390019 0.330392 0.321646
6641 0.367253 0.303163 0.258008
16892 3.41925 2.94602 2.45349
11465 1.56159 1.20092 0.795892
2420 0.389594 0.332277 0.320019
17696 3.60705 3.10854 2.55906
7847 0.392638 0.322045 0.233068
12671 0.988506 0.807883 0.618662
1817 0.390889 0.332179 0.322831
6842 0.363196 0.303351 0.24606
11666 1.47613 1.14798 0.776901
17093 3.6434 3.13414 2.59753
2621 0.388311 0.330283 0.317313
17897 3.43741 2.96806 2.43649
8048 0.409202 0.33112 0.2357
12872 0.915222 0.755723 0.594477
2018 0.391034 0.333256 0.322732
7043 0.361958 0.3045 0.235405
11867 1.36181 1.07099 0.747468
17294 3.74778 3.22129 2.66608
2822 0.386428 0.327226 0.311907
18098 3.23409 2.79373 2.28443
8249 0.429556 0.343044 0.23871
2219 0.390765 0.333756 0.321959
13073 0.870864 0.722475 0.58688
7244 0.3685 0.308284 0.23181
12068 1.25731 0.998665 0.710706
15084 1.23023 1.06455 0.945719
3023 0.384277 0.32387 0.305227
18299 2.98056 2.57385 2.09715
9 0.418839 0.346625 0.332533
8450 0.455696 0.359124 0.244895
5034 0.371177 0.296844 0.270572
13274 0.844526 0.704063 0.584958
12269 1.16282 0.932367 0.676265
15285 1.36235 1.18057 1.05009
3224 0.382121 0.320827 0.298631
18500 2.65959 2.29445 1.86321
210 0.416704 0.344681 0.330953
8651 0.486225 0.378299 0.253628
5235 0.376923 0.3027 0.275783
10059 0.858575 0.640939 0.396054
13475 0.832137 0.697886 0.587542
15486 1.51953 1.31731 1.17065
3425 0.380873 0.318503 0.293536
18701 2.42711 2.09686 1.70177
411 0.411747 0.34067 0.327695
8852 0.518211 0.398635 0.263874
5436 0.378446 0.305199 0.276404
10260 0.935494 0.699494 0.432124
13676 0.824499 0.695224 0.601031
15687 1.69684 1.47038 1.302
3626 0.381053 0.317177 0.28971
18902 2.26189 1.95627 1.58978
612 0.405211 0.335859 0.323518
9053 0.555222 0.422653 0.276859
5637 0.372231 0.301591 0.268125
10461 1.02929 0.772686 0.48116
13877 0.828685 0.702007 0.619761
15888 1.91012 1.65573 1.45443
3827 0.37923 0.31324 0.284335
813 0.397757 0.330841 0.319085
19103 2.185 1.88373 1.52835
9254 0.592792 0.448379 0.292738
5838 0.370122 0.300854 0.265766
10662 1.12688 0.850564 0.536551
14078 0.853129 0.725864 0.646589
16089 2.14792 1.86035 1.61842
4028 0.377249 0.309501 0.27941
1014 0.393188 0.328431 0.316951
19304 2.1802 1.88014 1.51349
9455 0.632822 0.477499 0.311571
6039 0.369661 0.301326 0.265648
10863 1.21632 0.924664 0.594718
16290 2.41432 2.08618 1.79692
4229 0.376066 0.306968 0.275329
14279 0.8799 0.751166 0.672683
1215 0.389786 0.327172 0.315856
19505 2.23266 1.92551 1.53415
9656 0.686251 0.516585 0.335454
6240 0.36425 0.299335 0.256931
11064 1.25896 0.964426 0.634403
16491 2.73469 2.35457 2.00215
4430 0.375536 0.304977 0.27506
14480 0.916151 0.784269 0.704559
1416 0.388637 0.327486 0.316466
19706 2.349 2.01439 1.58329
11265 1.25263 0.969278 0.655558
9857 0.757661 0.569195 0.364059
6441 0.359659 0.297802 0.246504
16692 3.0527 2.62148 2.20578
4631 0.375007 0.303125 0.277987
1617 0.388128 0.328277 0.317397
14681 0.970963 0.832803 0.748293
19907 2.46866 2.11431 1.65198
7446 0.385717 0.314433 0.224538
11466 1.19504 0.934851 0.642776
6642 0.357871 0.297486 0.236749
16893 3.34308 2.86959 2.39726
4832 0.375908 0.302603 0.277391
1818 0.388548 0.329883 0.318871
14882 1.04367 0.898189 0.806657
17496 3.637 3.13483 2.60956
7647 0.39699 0.321059 0.226467
6843 0.35933 0.299071 0.22915
11667 1.12786 0.891889 0.626455
17094 3.51702 3.02064 2.51831
2421 0.387779 0.33044 0.316163
2019 0.38831 0.330694 0.318669
7848 0.417082 0.332926 0.230157
17697 3.5754 3.08718 2.56403
12471 0.879959 0.722453 0.568094
7044 0.364046 0.302428 0.224817
2622 0.38841 0.329822 0.315033
11868 1.06236 0.848808 0.616349
17295 3.60208 3.09763 2.58454
2220 0.387753 0.330897 0.317317
8049 0.438001 0.3459 0.235071
17898 3.42661 2.96218 2.45432
12672 0.857573 0.708297 0.569093
7245 0.374372 0.308033 0.223748
2823 0.389813 0.32869 0.31091
12069 0.991516 0.800094 0.595962
15085 1.33745 1.15622 1.01739
10 0.431027 0.353331 0.336405
8250 0.463706 0.36142 0.240478
18099 3.24203 2.80594 2.32199
12873 0.847147 0.702999 0.57455
5035 0.367488 0.29485 0.267362
3024 0.391348 0.327575 0.306065
15286 1.48081 1.28086 1.12697
12270 0.924077 0.752732 0.5745
211 0.424554 0.347995 0.331487
8451 0.494309 0.380199 0.248609
18300 2.99573 2.59328 2.14363
13074 0.826286 0.688612 0.579568
5236 0.369508 0.297505 0.26895
3225 0.391225 0.325822 0.300853
15487 1.65989 1.4351 1.25902
10060 0.841047 0.630412 0.391371
412 0.415028 0.340598 0.324852
8652 0.526608 0.400406 0.258853
18501 2.66706 2.30602 1.90555
5437 0.369668 0.299166 0.267312
10261 0.881489 0.664732 0.419235
15688 1.83637 1.58534 1.38313
3426 0.392086 0.32514 0.296528
613 0.405783 0.333681 0.318552
13275 0.814652 0.682177 0.585298
8853 0.565266 0.425202 0.272252
10462 0.920283 0.699278 0.448185
18702 2.45298 2.12292 1.75038
5638 0.364711 0.297504 0.258052
3627 0.393708 0.325019 0.292407
814 0.39652 0.327393 0.313002
13476 0.815132 0.68624 0.591945
15889 2.02798 1.74962 1.51283
9054 0.602851 0.450292 0.28693
10663 0.957198 0.733245 0.477917
18903 2.33444 2.02128 1.66052
5839 0.362442 0.297023 0.253329
3828 0.389572 0.319342 0.286034
1015 0.389795 0.323224 0.308852
13677 0.820017 0.693386 0.604849
16090 2.23391 1.92579 1.64944
9255 0.640959 0.477317 0.304446
10864 0.977014 0.754226 0.503689
6040 0.362082 0.297142 0.251383
19104 2.3393 2.02114 1.6507
4029 0.383959 0.312452 0.27917
1216 0.384852 0.320601 0.305562
13878 0.833099 0.707375 0.623269
16291 2.47824 2.13317 1.81057
9456 0.687793 0.511662 0.325857
11065 0.992285 0.772798 0.529807
6241 0.356974 0.29527 0.241099
4230 0.379503 0.30706 0.272992
19305 2.34074 2.02324 1.64343
1417 0.382393 0.320093 0.304615
14079 0.861904 0.734621 0.649463
16492 2.74452 2.35649 1.98774
9657 0.737589 0.549121 0.348419
11266 0.971568 0.766781 0.543769
6442 0.352723 0.293556 0.229578
4431 0.375613 0.30253 0.270632
19506 2.34508 2.02664 1.63201
14280 0.900631 0.770201 0.681577
1618 0.380941 0.320386 0.304371
9858 0.794169 0.592025 0.369591
6643 0.354191 0.293773 0.221512
11467 0.945411 0.752675 0.546227
16693 3.00065 2.57197 2.15949
4632 0.372847 0.299067 0.273082
19707 2.36906 2.0375 1.61144
14481 0.949527 0.814296 0.720963
1819 0.382064 0.322637 0.306284
7447 0.40561 0.322315 0.221602
6844 0.36082 0.296992 0.217644
16894 3.22247 2.76408 2.31466
4833 0.371199 0.297004 0.271764
11668 0.933769 0.748054 0.552603
19908 2.43015 2.08298 1.62715
2020 0.38385 0.325019 0.307462
14682 1.03171 0.887073 0.785434
7648 0.42556 0.334056 0.225582
7045 0.37077 0.30259 0.217589
17095 3.37353 2.8986 2.42686
2422 0.388602 0.328733 0.307156
17497 3.55512 3.0688 2.5661
11869 0.927345 0.746902 0.560147
2221 0.386381 0.327278 0.306852
14883 1.12093 0.96674 0.857369
7849 0.454179 0.351294 0.232092
2623 0.390367 0.329459 0.308434
17296 3.48013 2.99634 2.51046
17698 3.53483 3.05636 2.55273
12070 0.907712 0.736267 0.563848
7246 0.386823 0.311675 0.219193
11 0.427863 0.350694 0.332574
8050 0.47899 0.366931 0.238991
12472 0.85252 0.700975 0.565913
2824 0.396649 0.332179 0.30863
15086 1.48539 1.27624 1.11426
17899 3.38769 2.93228 2.44995
212 0.418717 0.343353 0.325307
12271 0.883373 0.721833 0.565854
5036 0.368144 0.299357 0.264651
8251 0.508079 0.384918 0.247332
12673 0.828602 0.684869 0.56699
3025 0.403417 0.335017 0.308064
15287 1.64703 1.41878 1.23417
18100 3.21489 2.78595 2.33066
413 0.408292 0.334951 0.317115
5237 0.367012 0.299976 0.260714
10061 0.809069 0.610504 0.38474
8452 0.54028 0.40495 0.257434
3226 0.404627 0.334548 0.305549
15488 1.81532 1.56624 1.35451
12874 0.810081 0.672575 0.569534
614 0.398355 0.326916 0.309372
18301 2.98846 2.58976 2.16997
5438 0.365997 0.300891 0.255822
10262 0.825012 0.626243 0.401264
8653 0.568344 0.423169 0.267762
3427 0.404558 0.333236 0.30189
15689 1.98595 1.71409 1.47219
13075 0.803156 0.670534 0.579821
815 0.389339 0.31968 0.302523
18502 2.698 2.33327 1.95797
5639 0.362495 0.299282 0.248896
10463 0.841163 0.644456 0.421838
8854 0.600348 0.444816 0.279588
3628 0.40289 0.330591 0.295968
15890 2.13458 1.84225 1.57285
13276 0.802294 0.673488 0.590102
10664 0.846508 0.65655 0.441984
18703 2.52313 2.18219 1.8221
1016 0.38124 0.313513 0.295863
9055 0.636024 0.469513 0.292743
5840 0.359172 0.296959 0.240727
3829 0.396409 0.322931 0.288647
13477 0.807876 0.681574 0.597627
16091 2.30389 1.9879 1.68762
10865 0.846089 0.662745 0.462373
1217 0.37566 0.310072 0.290598
9256 0.674867 0.497813 0.308426
18904 2.4252 2.09794 1.73873
4030 0.387813 0.313381 0.281063
6041 0.356622 0.293105 0.232073
16292 2.47317 2.13326 1.80333
13678 0.825297 0.699037 0.611229
11066 0.845114 0.668812 0.48251
1418 0.372338 0.308854 0.287623
9457 0.717423 0.529954 0.327258
19105 2.41684 2.0887 1.71694
4231 0.380955 0.306252 0.274046
6242 0.354968 0.291089 0.224901
16493 2.66731 2.29944 1.93616
13879 0.850962 0.723423 0.630294
11267 0.842717 0.674904 0.50137
1619 0.371297 0.309877 0.287322
9658 0.760876 0.56418 0.348998
19306 2.38247 2.0598 1.68174
4432 0.37501 0.300404 0.269334
6443 0.354776 0.290354 0.2182
16694 2.87698 2.47909 2.08038
14080 0.883915 0.754062 0.656824
1820 0.373751 0.313216 0.289826
9859 0.802575 0.598349 0.369826
11468 0.84841 0.682898 0.517076
19507 2.33286 2.01627 1.63002
4633 0.371768 0.29751 0.270445
6644 0.35944 0.2923 0.215464
16895 3.10336 2.67463 2.23783
14281 0.935863 0.80095 0.6977
2021 0.378846 0.318524 0.294419
11669 0.858616 0.693025 0.531899
19708 2.30589 1.98478 1.56964
4834 0.369292 0.295745 0.269541
6845 0.367703 0.296797 0.21463
7448 0.43172 0.334451 0.222177
17096 3.28155 2.82848 2.36493
14482 1.00623 0.863574 0.75302
2423 0.391752 0.328451 0.299074
17297 3.40718 2.93726 2.45725
11870 0.866857 0.702819 0.543076
2222 0.385857 0.323931 0.296066
7649 0.460006 0.351363 0.228495
19909 2.32869 1.99422 1.54487
7046 0.381185 0.304663 0.215217
14683 1.10639 0.951897 0.832218
2624 0.393961 0.330114 0.30275
20100 2.20129 1.87916 1.29618
22713 7.11191 5.83437 3.70219
7247 0.404187 0.318139 0.217947
7850 0.491551 0.370477 0.23677
12071 0.861818 0.702074 0.551905
14884 1.21625 1.04906 0.920118
17498 3.46894 2.99551 2.50597
2825 0.402229 0.334938 0.305986
20301 2.30238 1.96717 1.3472
25125 12.3115 10.4054 7.21211
8051 0.523313 0.390151 0.245794
22914 7.78467 6.38274 4.09552
12272 0.849084 0.695013 0.559589
17699 3.44095 2.97702 2.49434
12473 0.829141 0.682131 0.563815
3026 0.413158 0.341212 0.309418
20502 2.41921 2.06795 1.40278
8252 0.554049 0.409475 0.255942
25326 12.8749 10.9273 7.61709
23115 8.37601 6.87953 4.47278
27738 8.17938 6.37112 3.79721
12674 0.812169 0.671562 0.567875
17900 3.30297 2.86303 2.40809
3227 0.414507 0.341249 0.308986
20703 2.55216 2.18182 1.46205
8453 0.581774 0.427386 0.266007
25527 13.4104 11.4103 8.01321
27939 7.13388 5.49738 3.20837
23316 8.8649 7.30037 4.796
12875 0.80257 0.666593 0.572276
18101 3.11846 2.70461 2.28424
3428 0.412957 0.339192 0.306425
20904 2.75065 2.3453 1.54297
8654 0.603175 0.442213 0.275225
25728 13.9489 11.8748 8.377
23517 9.26344 7.65434 5.07075
28140 6.34321 4.82521 2.72931
18302 2.93644 2.54419 2.1569
13076 0.802354 0.669868 0.581688
3629 0.4087 0.334832 0.300322
21105 2.98736 2.53969 1.64329
25929 14.4439 12.2594 8.64373
8855 0.63132 0.462592 0.28625
28341 6.07598 4.57347 2.50872
23718 9.50178 7.84592 5.24635
13277 0.807282 0.677611 0.591865
18503 2.75718 2.38168 2.02467
3830 0.401684 0.327548 0.293689
21306 3.25973 2.76472 1.76743
26130 14.8724 12.5393 8.79039
9056 0.660495 0.484461 0.297404
28542 6.13251 4.57014 2.42432
18704 2.62984 2.26918 1.9134
13478 0.816951 0.689224 0.599842
21507 3.53225 2.99378 1.89966
23919 9.6766 7.97531 5.3806
4031 0.392024 0.317409 0.286047
26331 15.0969 12.6298 8.75724
9257 0.695477 0.510938 0.310191
28743 6.38624 4.72271 2.42958
18905 2.51794 2.1725 1.81215
13679 0.844179 0.714921 0.618455
21708 3.85868 3.26629 2.05811
24120 9.95911 8.22992 5.57166
26532 14.9428 12.4003 8.4963
4232 0.384656 0.310079 0.279555
9458 0.730421 0.538439 0.325619
28944 6.73059 4.95685 2.46395
13880 0.885707 0.752448 0.647009
19106 2.39427 2.0668 1.71113
21909 4.29921 3.62641 2.2706
26733 14.15 11.6502 7.85637
9659 0.766887 0.569174 0.347006
24321 10.3213 8.55902 5.80596
4433 0.378558 0.304377 0.274592
29145 7.0641 5.19307 2.48327
19307 2.28778 1.97519 1.6174
14081 0.93146 0.793614 0.682581
22110 4.90464 4.10656 2.56348
26934 12.9955 10.5969 7.01489
9860 0.791382 0.592022 0.366199
4634 0.375214 0.301995 0.273455
29346 7.46023 5.484 2.49384
19508 2.20485 1.90215 1.53265
24522 10.7241 8.92377 6.0608
14282 0.998273 0.852526 0.734481
22311 5.63452 4.67677 2.92325
27135 11.6728 9.40775 6.09397
30150 8.62727 6.31957 2.58775
4835 0.371662 0.30022 0.270392
29547 7.85123 5.76423 2.50812
24723 11.141 9.30672 6.35849
14483 1.0867 0.929601 0.803138
27336 10.5001 8.37092 5.26655
19709 2.14082 1.84039 1.44647
30351 8.70269 6.38178 2.61394
22512 6.43134 5.296 3.33294
29748 8.2304 6.03248 2.53056
32763 8.61805 6.42068 2.94709
24924 11.6529 9.78373 6.73219
14684 1.20635 1.03263 0.896114
27537 9.30549 7.33646 4.49235
19910 2.16361 1.84782 1.4057
30552 8.83754 6.4876 2.66492
20101 2.18806 1.86323 1.2961
29949 8.48801 6.21402 2.55816
32964 8.34466 6.24157 2.93223
22714 7.03365 5.7682 3.62008
14885 1.34023 1.14872 1.00061
25126 12.2799 10.3841 7.34688
35175 6.55687 5.00949 2.32433
30753 8.96753 6.58323 2.69763
20302 2.30342 1.96256 1.34943
27739 7.04805 5.52379 3.4833
33165 8.17171 6.11726 2.91196
22915 7.54654 6.19882 3.91266
37788 6.71902 5.59269 2.55042
25327 12.8256 10.867 7.75298
35376 5.92765 4.58356 2.12216
20503 2.43838 2.07905 1.41129
30954 9.07438 6.65473 2.6993
27940 6.3351 4.91949 3.02908
33366 8.10173 6.0554 2.89155
37989 7.50901 6.29455 2.88117
23116 8.12407 6.69696 4.27387
25528 13.3487 11.3164 8.14043
35577 5.19213 4.0845 1.90414
20704 2.5849 2.2051 1.47907
31155 9.1816 6.73562 2.72555
23317 8.657 7.16151 4.62519
28141 5.75029 4.42005 2.65157
38190 8.13511 6.85273 3.14362
33567 8.03608 6.01834 2.87605
35778 4.45701 3.58281 1.68944
25729 13.8971 11.7669 8.49028
20905 2.77004 2.36094 1.57159
31356 9.24737 6.78686 2.74405
38391 8.8241 7.40677 3.47942
23518 9.21155 7.6498 5.01541
28342 5.43788 4.13695 2.4148
25930 14.3187 12.0945 8.72107
35979 4.09961 3.33027 1.55532
33768 7.98417 6.00053 2.86446
21106 2.97655 2.53511 1.67616
31557 9.38267 6.8889 2.78773
26131 14.6464 12.3304 8.85132
38592 9.62883 8.02635 3.88856
28543 5.41038 4.07927 2.30743
23719 9.437 7.8231 5.18924
33969 7.93331 5.99408 2.83642
36180 3.92032 3.20208 1.47341
21307 3.19657 2.72232 1.78723
31758 9.48889 6.96914 2.82383
26332 14.6137 12.2398 8.76246
38793 10.4714 8.65598 4.33331
23920 9.58471 7.92038 5.31781
28744 5.61284 4.19802 2.27957
36381 3.95434 3.23186 1.4827
34170 7.95357 6.02144 2.83896
21508 3.46124 2.94681 1.91254
31959 9.5026 6.98759 2.85181
26533 14.2265 11.8381 8.40403
38994 11.2747 9.25009 4.76923
28945 5.94766 4.43383 2.30413
24121 9.87451 8.17966 5.54607
36582 4.0852 3.33836 1.52961
21709 3.79627 3.22405 2.06614
34371 8.04035 6.07724 2.87214
32160 9.35743 6.9034 2.89501
26734 13.1328 10.826 7.60226
39195 11.8159 9.66507 5.07909
29146 6.32478 4.70818 2.33308
36783 4.32892 3.53553 1.61199
24322 10.2353 8.50914 5.8264
21910 4.25736 3.59082 2.27909
32361 9.10703 6.74861 2.94045
34572 7.83703 5.92617 2.79516
39396 12.2757 10.0286 5.35559
26935 11.9432 9.75104 6.73013
29347 6.77488 5.03642 2.37249
36984 4.553 3.72557 1.69271
24523 10.6582 8.892 6.15242
22111 4.91539 4.10694 2.58655
32562 8.87586 6.59377 2.94988
39597 12.6065 10.3125 5.58835
34773 7.50653 5.68585 2.66931
29548 7.22858 5.3628 2.43165
27136 10.6759 8.6273 5.83316
37185 4.82287 3.95751 1.7939
24724 11.0546 9.26058 6.47734
22312 5.66948 4.69434 2.94211
30151 8.2218 6.10278 2.66298
34974 7.07288 5.37369 2.50592
39798 12.8785 10.5456 5.77227
29749 7.62317 5.64939 2.49873
27337 9.30666 7.44285 4.91408
24925 11.5695 9.73312 6.85921
37386 5.22751 4.29393 1.94699
22513 6.37997 5.2459 3.284
30352 8.43217 6.27068 2.73991
39999 13.1533 10.7792 5.94152
32764 8.28953 6.18618 2.96767
27538 8.05914 6.37998 4.12138
29950 7.9333 5.88281 2.58068
20102 2.22109 1.88063 1.33328
22715 6.83519 5.62722 3.55796
37587 5.76921 4.75423 2.16125
30553 8.71453 6.48089 2.82759
32965 8.18332 6.12254 2.95265
40200 13.3739 10.9647 6.05489
25127 11.9121 10.076 7.11823
35176 6.45009 4.87214 2.31726
20303 2.34674 1.98789 1.39111
27740 6.34747 4.99 3.29392
30754 8.95795 6.66093 2.89718
22916 7.46125 6.17334 3.91927
33166 8.14307 6.08654 2.94688
37789 6.66072 5.54837 2.58917
25328 12.4939 10.5633 7.6063
35377 5.92401 4.52858 2.14999
27941 5.78379 4.51308 2.91135
20504 2.48893 2.10989 1.45617
23117 8.16471 6.78473 4.32913
30955 9.1361 6.78387 2.91427
33367 8.14595 6.07317 2.94777
37990 7.38315 6.18008 2.89844
25529 13.0573 11.0256 8.06753
35578 5.11166 4.00117 1.92517
28142 5.3434 4.13848 2.60957
23318 8.7374 7.28614 4.68055
20705 2.65593 2.25227 1.53582
33568 8.11347 6.05614 2.94389
31156 9.27557 6.8811 2.9304
38191 7.94148 6.66039 3.15861
35779 4.32776 3.48856 1.71158
25730 13.6602 11.52 8.46603
28343 4.95759 3.80626 2.3448
20906 2.86307 2.4278 1.64328
33769 8.08023 6.04593 2.93769
23519 9.11092 7.61574 4.9362
31357 9.39996 6.96182 2.93456
38392 8.7131 7.26092 3.53688
35980 4.03843 3.28682 1.62152
25931 14.0191 11.7978 8.68294
28544 4.8826 3.7218 2.22212
21107 3.09772 2.62534 1.76805
23720 9.33307 7.80497 5.09825
33970 8.08285 6.07009 2.93437
31558 9.47952 7.0116 2.94177
38593 9.56316 7.90403 3.96136
36181 3.87915 3.17215 1.56581
26132 14.1982 11.9154 8.76274
28745 5.008 3.79389 2.16892
21308 3.33739 2.82894 1.88984
34171 8.12841 6.11201 2.93497
23921 9.51603 7.95704 5.24186
38794 10.444 8.56425 4.39053
36382 3.86495 3.16038 1.56263
31759 9.48874 7.01478 2.95015
26333 14.0802 11.7757 8.63523
28946 5.33337 4.02965 2.18861
21509 3.61878 3.06221 2.01717
34372 8.13421 6.1095 2.92301
24122 9.75068 8.16496 5.43161
38995 11.1856 9.12437 4.75919
31960 9.37049 6.93353 2.95666
29147 5.71315 4.30926 2.22351
21710 3.96367 3.34134 2.16769
26534 13.5208 11.2415 8.21483
36583 4.03192 3.29584 1.59615
34573 7.7767 5.82861 2.79189
24323 10.0219 8.4107 5.64584
39196 11.5737 9.43013 4.96633
32161 9.10757 6.75664 2.97239
29348 6.08637 4.58806 2.26663
21911 4.43835 3.71532 2.37396
26735 12.5223 10.3214 7.48053
36784 4.28379 3.50059 1.65183
34774 7.36374 5.5147 2.64137
24524 10.3277 8.68774 5.8856
39397 11.9226 9.72015 5.16795
32362 8.77036 6.52854 2.99318
29549 6.55451 4.9281 2.36048
22112 5.00349 4.1576 2.63267
36985 4.45927 3.64757 1.71022
24725 10.665 8.98758 6.15836
26936 11.4293 9.34497 6.67163
39598 12.1484 9.92198 5.31663
34975 6.93086 5.20214 2.48167
32563 8.47029 6.31334 2.97844
29750 6.94485 5.21862 2.46147
22313 5.69636 4.70027 2.96133
37186 4.67299 3.829 1.79066
24926 11.1632 9.42538 6.54803
39799 12.3783 10.1223 5.46333
27137 10.1371 8.21233 5.7474
32765 7.35019 5.50834 2.78615
30152 7.66636 5.7778 2.69676
29951 7.3715 5.53952 2.58439
22514 6.26811 5.15502 3.25183
37387 5.12393 4.20851 1.96793
22716 6.712 5.55424 3.56391
40000 12.6259 10.3344 5.61566
27338 8.55985 6.85924 4.70394
32966 7.44418 5.56726 2.77762
27741 6.07281 4.76686 3.23253
30353 7.98958 6.03516 2.81288
20103 2.26184 1.90704 1.3819
22917 7.40875 6.17234 3.9632
37588 5.76465 4.76104 2.22284
40201 12.8457 10.5224 5.72876
27539 7.30215 5.79236 3.89711
33167 7.59486 5.66678 2.80352
27942 5.49957 4.2903 2.86087
30554 8.36976 6.31874 2.9301
20304 2.39476 2.01952 1.44596
23118 8.14806 6.82111 4.38322
35177 6.09064 4.59815 2.22537
37790 6.50433 5.40709 2.5926
25128 11.3545 9.60011 6.74805
28143 5.05978 3.92315 2.55898
33368 7.69047 5.72941 2.82413
30755 8.69657 6.55986 3.02131
20505 2.56424 2.16287 1.52951
23319 8.71372 7.31639 4.70798
35378 5.53062 4.24245 2.06078
37991 7.16856 5.97464 2.90227
25329 12.0208 10.1339 7.35575
28344 4.66973 3.59622 2.28632
33569 7.65627 5.71411 2.82011
30956 8.92185 6.72415 3.0683
20706 2.76071 2.32925 1.62544
23520 8.96937 7.54399 4.87316
38192 7.79632 6.49331 3.22537
35579 4.81564 3.78422 1.86601
25530 12.6758 10.6608 7.91983
28545 4.61226 3.53826 2.17492
33770 7.59316 5.68148 2.80806
31157 9.09015 6.82603 3.0586
20907 2.98551 2.5185 1.74355
23721 9.19971 7.75923 5.02265
38393 8.58361 7.09466 3.61781
25731 13.3235 11.1943 8.38027
28746 4.70677 3.59975 2.1278
35780 4.17087 3.36921 1.6906
31358 9.22617 6.89682 3.02799
33971 7.55322 5.66723 2.79751
21108 3.2355 2.72817 1.86967
23922 9.42989 7.97803 5.18008
38594 9.41481 7.72144 4.01789
28947 4.95839 3.78261 2.13813
25932 13.6037 11.4065 8.57459
31559 9.25037 6.88973 2.98757
35981 3.93451 3.20668 1.62171
34172 7.56627 5.67679 2.78617
38795 10.3702 8.44888 4.42697
24123 9.60207 8.13106 5.31116
21309 3.51624 2.95968 2.0097
26133 13.6443 11.4068 8.59183
29148 5.24884 3.99926 2.15788
31760 9.14395 6.80103 2.95481
36182 3.81472 3.12059 1.58743
38996 10.9965 8.93363 4.7025
34373 7.55887 5.66303 2.7602
24324 9.74162 8.25848 5.41798
21510 3.81132 3.19712 2.13522
29349 5.53871 4.21889 2.18924
31961 8.9304 6.64715 2.936
26334 13.4491 11.2075 8.41945
36383 3.78749 3.0975 1.58093
24525 9.91305 8.40766 5.54263
21711 4.17551 3.48673 2.28258
39197 11.3592 9.2294 4.86951
34574 7.28558 5.44022 2.64611
29550 5.8793 4.47406 2.27574
26535 12.9942 10.7762 8.05495
32162 8.60832 6.42062 2.91709
36584 3.95627 3.2341 1.6144
24726 10.198 8.64647 5.75795
21912 4.59771 3.81589 2.45717
39398 11.6228 9.45668 5.00122
34775 6.9601 5.19059 2.51998
26736 12.2856 10.1228 7.51278
32363 8.18971 6.12388 2.88778
29751 6.19498 4.71482 2.3699
36785 4.18281 3.41816 1.66219
24927 10.6573 9.0272 6.1421
22113 5.09088 4.20645 2.68086
39599 11.799 9.61829 5.10447
34976 6.59143 4.92841 2.38319
32564 7.63501 5.72079 2.82955
26937 11.2044 9.16626 6.69764
29952 6.54818 4.9862 2.47828
36986 4.33974 3.54699 1.71621
22314 5.638 4.64367 2.94992
22717 6.71017 5.5746 3.64762
39800 11.9692 9.77087 5.21615
32766 6.47895 4.88742 2.58235
30153 6.86224 5.23483 2.5805
27138 9.84551 7.98295 5.71465
27742 5.87635 4.61515 3.2316
37187 4.57979 3.7481 1.80894
22515 6.14322 5.06192 3.23763
22918 7.28527 6.08661 3.96825
40001 12.119 9.90383 5.31952
32967 6.58817 4.94744 2.56932
30354 7.14375 5.46251 2.67944
27339 8.21179 6.58111 4.62101
27943 5.28154 4.12356 2.83956
20104 2.3052 1.94309 1.43979
37388 5.00888 4.11184 1.98199
23119 7.92781 6.65939 4.35717
40202 12.2278 9.99592 5.38903
33168 6.76163 5.06314 2.59787
30555 7.46575 5.7147 2.7859
27540 6.98614 5.5375 3.81562
28144 4.7748 3.70555 2.48785
20305 2.4807 2.08934 1.54053
37589 5.68476 4.69472 2.25712
33369 6.91777 5.17327 2.63118
30756 7.81752 5.97717 2.89398
23320 8.44279 7.12112 4.67572
37791 6.26206 5.17633 2.57459
28345 4.40206 3.39896 2.21396
25129 10.924 9.21027 6.61716
20506 2.65565 2.23585 1.63266
35178 5.56605 4.23068 2.08822
23521 8.74101 7.39709 4.87544
37992 6.88109 5.69332 2.90399
33570 6.93297 5.19395 2.63703
30957 8.09003 6.17342 2.97419
25330 11.5537 9.6976 7.22925
28546 4.35275 3.35611 2.10696
20707 2.87695 2.42133 1.74972
35379 4.96152 3.84984 1.92094
23722 9.03174 7.65844 5.03771
38193 7.54213 6.23268 3.27179
33771 6.8623 5.14845 2.61701
31158 8.06147 6.12979 2.92283
25531 12.1785 10.1879 7.78321
28747 4.4272 3.40939 2.05613
35580 4.42157 3.50727 1.76837
20908 3.13683 2.63725 1.88102
23923 9.26064 7.8656 5.16469
38394 8.3355 6.84409 3.74831
31359 8.08636 6.11759 2.86742
33972 6.74749 5.06761 2.58192
25732 12.789 10.688 8.20446
28948 4.63201 3.5604 2.06138
35781 4.00013 3.23698 1.64588
21109 3.39813 2.85015 2.00174
24124 9.34338 7.94606 5.22545
38595 9.05099 7.39448 4.14118
31560 8.27704 6.22922 2.86644
34173 6.80221 5.10283 2.57429
35982 3.81726 3.11385 1.58604
25933 13.0558 10.8898 8.39054
29149 4.85112 3.72562 2.07837
24325 9.49716 8.07603 5.3409
21310 3.67848 3.07176 2.1226
38796 9.78605 7.96363 4.46067
31761 8.15523 6.12773 2.83182
34374 6.77672 5.0745 2.5378
29350 5.06192 3.88728 2.1061
24526 9.67249 8.22082 5.48701
36183 3.73105 3.05219 1.55658
21511 4.00714 3.32828 2.24649
38997 10.2527 8.33209 4.665
26134 13.146 10.9456 8.44015
34575 6.66383 4.97112 2.46465
31962 7.83564 5.89407 2.78212
29551 5.30817 4.07802 2.18261
24727 9.94765 8.44437 5.69004
36384 3.71966 3.04183 1.55081
21712 4.32355 3.57408 2.36415
34776 6.39719 4.77405 2.35604
26335 13.0503 10.8469 8.35332
32163 7.53717 5.67701 2.75469
29752 5.52585 4.24739 2.25621
39198 10.6855 8.68344 4.82213
24928 10.3472 8.75986 6.05421
36585 3.83656 3.13495 1.5865
21913 4.66141 3.83361 2.49991
34977 6.07159 4.5515 2.23555
26536 12.5571 10.3981 7.97351
32364 7.1785 5.4151 2.71269
39399 10.9896 8.93932 4.9204
22718 6.67903 5.55147 3.67357
36786 4.02311 3.28591 1.64404
29953 5.80069 4.46044 2.34432
22114 5.061 4.16162 2.68807
32767 5.57358 4.24771 2.34993
26737 11.7363 9.65913 7.33912
32565 6.70834 5.0669 2.63872
39600 11.2356 9.1508 5.00129
22919 7.20121 6.01758 3.9682
36987 4.25056 3.473 1.7249
22315 5.53641 4.5641 2.94021
27743 5.72024 4.49885 3.25332
32968 5.56061 4.22197 2.32248
26938 10.4519 8.52183 6.38168
30154 6.01372 4.63522 2.41341
39801 11.3782 9.27764 5.06874
23120 7.72183 6.49128 4.29937
37188 4.59006 3.75539 1.85947
22516 6.11401 5.05527 3.29668
27944 4.9859 3.89216 2.75693
33169 5.69029 4.3078 2.34431
27139 9.17893 7.4107 5.45784
30355 6.23202 4.81637 2.48599
23321 8.19888 6.92865 4.6131
37389 5.05105 4.14184 2.05094
20105 2.37652 2.00966 1.5164
28145 4.48651 3.48398 2.40025
33370 5.79884 4.38507 2.36533
40002 11.5088 9.39138 5.12915
27340 7.78957 6.22158 4.49294
30556 6.48451 5.022 2.57186
23522 8.58115 7.28205 4.86604
37590 5.61676 4.62399 2.29202
20306 2.57191 2.17076 1.63199
40203 11.5922 9.4587 5.18126
28346 4.13568 3.2009 2.13168
33571 5.92877 4.48413 2.39432
27541 6.74192 5.33798 3.79586
30757 6.79461 5.25734 2.67989
35179 4.62831 3.61041 1.84774
23723 8.87176 7.54092 5.02884
20507 2.78153 2.34255 1.74686
37792 6.0728 4.98329 2.57765
28547 4.08293 3.16045 2.01219
33772 5.83086 4.41015 2.35277
25130 10.4514 8.76515 6.53324
30958 7.02788 5.42514 2.76549
35380 4.23956 3.36813 1.73512
23924 9.06726 7.71492 5.13089
20708 3.00351 2.52344 1.85941
28748 4.156 3.21587 1.96186
37993 6.72587 5.51395 2.96065
33973 5.7389 4.33606 2.3068
25331 11.0742 9.24736 7.12407
31159 6.81715 5.25316 2.6838
24125 9.10957 7.75936 5.15683
20909 3.29345 2.75655 1.98505
35581 3.93511 3.17348 1.64347
25532 11.6812 9.72544 7.65517
34174 5.77528 4.35204 2.28849
38194 7.35852 6.02356 3.36326
28949 4.35206 3.36195 1.96958
31360 6.81436 5.22775 2.64351
24326 9.22106 7.84685 5.27053
35782 3.73142 3.03967 1.57745
21110 3.57198 2.97586 2.09544
25733 12.2645 10.2041 8.04607
38395 8.08453 6.59753 3.86244
34375 5.81294 4.37243 2.26859
29150 4.51658 3.48574 1.98956
24527 9.42084 7.9997 5.45935
31561 7.14614 5.44547 2.69048
35983 3.62173 2.96322 1.53668
21311 3.83347 3.17611 2.18733
25934 12.501 10.3859 8.2101
38596 8.6522 7.05133 4.22785
34576 5.69014 4.28043 2.19961
29351 4.67428 3.60661 2.02019
31762 6.97845 5.31275 2.65166
36184 3.59017 2.9394 1.52208
24728 9.68324 8.20257 5.67984
21512 4.17563 3.4406 2.30374
26135 12.6264 10.4774 8.27536
38797 9.05859 7.37758 4.4669
29552 4.83659 3.73482 2.07577
34777 5.40818 4.09806 2.09357
36385 3.61734 2.9594 1.52707
31963 6.51139 4.97061 2.56558
24929 10.0611 8.48622 6.06201
21713 4.49852 3.69163 2.42123
26336 12.6042 10.4551 8.23788
38998 9.43958 7.68415 4.64027
29753 4.98091 3.84409 2.12736
34978 5.05131 3.8737 1.97169
36586 3.73079 3.04943 1.56927
32164 6.30005 4.81138 2.54851
22719 6.61426 5.48158 3.63913
21914 4.7533 3.8902 2.52787
26537 12.083 9.99233 7.82664
39199 9.8385 8.00603 4.78885
29954 5.11617 3.94562 2.17395
32768 4.78943 3.69774 2.15971
36787 3.91625 3.1999 1.63658
22920 7.10938 5.92283 3.93069
32365 6.04095 4.61536 2.50332
26738 11.0756 9.10055 7.07061
22115 5.08603 4.17311 2.69702
39400 10.2768 8.36393 4.89649
27744 5.45486 4.28417 3.15425
32969 4.76903 3.67544 2.14199
36988 4.20183 3.43462 1.73976
32566 5.74434 4.38736 2.41478
23121 7.58162 6.36082 4.23339
26939 9.67698 7.85872 6.03892
22316 5.51635 4.54814 2.94583
39601 10.5663 8.6031 4.97433
27945 4.69197 3.65253 2.62115
33170 4.897 3.76431 2.16855
37189 4.59069 3.75595 1.89666
30155 5.21677 4.03477 2.19883
27140 8.45006 6.7853 5.14514
23322 8.04491 6.79035 4.54053
39802 10.7256 8.73916 5.02946
22517 6.10918 5.05501 3.33047
28146 4.17418 3.23508 2.24998
33371 5.02986 3.85868 2.19774
37390 5.05338 4.13898 2.09162
30356 5.31575 4.12262 2.22662
27341 7.35638 5.85325 4.35559
23523 8.46589 7.17719 4.82586
40003 10.8286 8.82488 5.08223
20106 2.46667 2.09786 1.60732
28347 3.8255 2.96012 1.98744
33572 5.12378 3.92798 2.21804
30557 5.39959 4.19357 2.25878
37591 5.54145 4.54287 2.31664
27542 6.51919 5.15758 3.78633
23724 8.70835 7.39429 4.97439
40204 10.9374 8.9117 5.1367
28548 3.72499 2.88493 1.87032
20307 2.67583 2.26755 1.72791
33773 5.10661 3.905 2.18959
30758 5.55834 4.31621 2.31652
35180 3.85843 3.10338 1.65356
25131 10.0415 8.35291 6.53807
37793 6.15827 5.01693 2.67146
23925 8.85904 7.53022 5.06301
20508 2.9014 2.4471 1.84408
33974 5.02445 3.83476 2.14275
30959 5.72903 4.44439 2.37611
28749 3.76108 2.91432 1.8339
35381 3.65453 2.976 1.58604
25332 10.6211 8.81356 7.08537
37994 6.9193 5.62008 3.10911
24126 8.87628 7.55269 5.09123
20709 3.13205 2.62743 1.9489
34175 5.02819 3.8233 2.10909
28950 3.85802 2.98968 1.83536
31160 5.74339 4.45046 2.37141
35582 3.52588 2.88829 1.53871
25533 11.2214 9.31501 7.55967
38195 7.52332 6.10058 3.48717
24327 8.97022 7.6124 5.23298
20910 3.44777 2.87041 2.05802
34376 5.00268 3.80162 2.06506
29151 3.99448 3.09896 1.86891
31361 5.7705 4.46131 2.37442
38396 8.07395 6.54103 3.85771
25734 11.7962 9.81336 7.94696
24528 9.11713 7.70697 5.428
21111 3.70275 3.06397 2.1355
35783 3.46001 2.83927 1.50877
34577 4.91225 3.7456 2.00439
29352 4.12686 3.20411 1.90979
31562 5.91284 4.55482 2.41864
38597 8.53173 6.92358 4.1726
25935 12.1218 10.0812 8.11694
24729 9.33915 7.85375 5.70111
21312 3.94323 3.24343 2.19721
35984 3.42166 2.80758 1.4877
34778 4.55083 3.52507 1.87837
29553 4.2971 3.33613 1.96974
31763 5.65087 4.35889 2.37059
38798 8.92068 7.2514 4.42816
26136 12.1725 10.1078 8.09555
24930 9.65479 8.07376 6.08235
36185 3.44236 2.82188 1.48873
21513 4.29157 3.51609 2.31181
34979 4.1809 3.30067 1.7553
29754 4.43647 3.44064 2.02454
31964 5.25875 4.06992 2.29422
38999 9.25959 7.53666 4.60605
26337 11.847 9.80899 7.8053
22720 6.55251 5.41652 3.61334
32769 4.11624 3.22704 2.001
36386 3.50308 2.86854 1.50679
21714 4.63953 3.79253 2.43857
32165 5.11059 3.95675 2.27407
29955 4.59081 3.55485 2.07533
26538 11.1073 9.15057 7.23533
39200 9.56685 7.79119 4.74205
22921 7.04031 5.84496 3.90523
32970 4.14705 3.25105 2.00806
36587 3.63224 2.97157 1.5539
32366 4.99897 3.86801 2.24645
27745 5.12577 4.02048 3.00147
21915 4.85202 3.96769 2.53819
26739 10.0755 8.23907 6.46575
23122 7.50189 6.27263 4.19637
39401 9.8318 8.00479 4.81069
33171 4.29597 3.36066 2.04566
32567 4.87303 3.76701 2.1963
36788 3.84886 3.14844 1.63509
27946 4.35963 3.38595 2.44745
22116 5.17456 4.24582 2.71981
26940 9.044 7.33263 5.70148
39602 10.0484 8.18068 4.87463
23323 7.92358 6.66543 4.47354
33372 4.40204 3.43767 2.0746
30156 4.71709 3.65648 2.09748
36989 4.15098 3.39682 1.74801
28147 3.85693 2.98361 2.08591
27141 7.943 6.3791 4.90997
22317 5.56758 4.58542 2.96179
39803 10.2041 8.30879 4.93417
23524 8.31594 7.02961 4.74117
33573 4.49242 3.50057 2.09618
30357 4.76866 3.70263 2.10655
37190 4.57706 3.74643 1.91506
28348 3.50957 2.7128 1.83757
22518 6.09643 5.03203 3.31782
27342 6.95799 5.53829 4.21455
23725 8.51766 7.21217 4.88136
33774 4.5185 3.50805 2.08238
40004 10.3238 8.40185 4.99414
30558 4.74497 3.69086 2.10822
28549 3.39422 2.6258 1.74254
37391 5.05171 4.13359 2.11483
27543 6.18071 4.88745 3.66704
20107 2.55076 2.17739 1.68384
23926 8.6437 7.32425 4.98777
40205 10.4117 8.46722 5.05644
33975 4.54482 3.51378 2.06053
30759 4.78739 3.72694 2.118
37592 5.58686 4.56131 2.3737
28750 3.37184 2.61247 1.70902
25132 9.84787 8.15604 6.52499
20308 2.7271 2.31231 1.76982
24127 8.6827 7.35432 5.06645
30960 4.85804 3.78373 2.13598
37794 6.25583 5.07219 2.77707
28951 3.39494 2.63559 1.71143
35181 3.59389 2.92402 1.60105
34176 4.54921 3.50533 2.02784
25333 10.3849 8.60097 7.004
20509 2.93666 2.47203 1.85848
24328 8.76173 7.39444 5.21716
31161 4.92094 3.83311 2.1551
37995 7.04209 5.6852 3.21845
35382 3.44007 2.8222 1.53845
29152 3.47384 2.70847 1.75163
20710 3.16469 2.64608 1.94404
25534 10.9561 9.08851 7.45193
24529 8.8912 7.46627 5.42228
34377 4.47014 3.45335 1.96591
38196 7.59814 6.12941 3.54985
31362 4.93061 3.84191 2.17604
35583 3.3602 2.76408 1.49514
29353 3.59646 2.80936 1.80608
20911 3.41956 2.83742 2.01712
25735 11.4868 9.55148 7.81459
34578 4.30264 3.35109 1.88075
24730 9.12745 7.62177 5.71391
38397 8.04896 6.49751 3.83475
31563 4.85455 3.78631 2.18762
35784 3.30494 2.7204 1.46459
29554 3.76468 2.93747 1.87183
25936 11.7364 9.7581 7.93612
34779 4.02663 3.18671 1.768
21112 3.68945 3.03777 2.09161
24931 9.45158 7.85492 6.09245
38598 8.46215 6.85413 4.11715
31764 4.55396 3.56513 2.12673
35985 3.26656 2.68851 1.44267
29755 3.99355 3.11203 1.96006
26137 11.6883 9.70064 7.83743
34980 3.77502 3.03569 1.66978
38799 8.83862 7.18093 4.3666
21313 3.97123 3.24757 2.17895
36186 3.30678 2.71886 1.45355
31965 4.27748 3.36039 2.06369
29956 4.19433 3.26281 2.03153
22721 6.46239 5.32858 3.57523
26338 11.2856 9.33143 7.4866
39000 9.16324 7.46268 4.55187
32770 3.77192 2.97882 1.92394
21514 4.30986 3.51375 2.31146
36387 3.39184 2.78495 1.48352
32166 4.14311 3.25759 2.02492
27746 4.68521 3.67679 2.76226
22922 6.9693 5.76811 3.88057
26539 10.4955 8.63029 6.89269
32971 3.86602 3.04987 1.96186
39201 9.37731 7.64412 4.66271
21715 4.61824 3.76227 2.44319
32367 4.10987 3.22748 2.01001
36588 3.52844 2.89294 1.53596
27947 3.95504 3.0755 2.22587
23123 7.4333 6.19332 4.16825
26740 9.56527 7.81308 6.2098
33172 3.98141 3.13761 2.0032
32568 4.12379 3.23234 2.0055
21916 4.89503 3.99428 2.57171
39402 9.47305 7.71795 4.69511
36789 3.81408 3.12686 1.64585
28148 3.56645 2.75867 1.93493
26941 8.58676 6.96531 5.48478
23324 7.80392 6.53799 4.40785
33373 4.09587 3.22219 2.03906
30157 4.36813 3.38799 2.06707
22117 5.19564 4.25246 2.74654
36990 4.15294 3.40528 1.77548
28349 3.32132 2.56253 1.75613
39603 9.61255 7.82726 4.74959
27142 7.59613 6.11461 4.78424
23525 8.13486 6.84864 4.63361
33574 4.18321 3.28532 2.06455
30358 4.45897 3.46009 2.08989
22318 5.54739 4.55549 2.97141
37191 4.5373 3.71924 1.92663
28550 3.14783 2.42785 1.64408
27343 6.65973 5.31377 4.13002
39804 9.75681 7.94021 4.81057
23726 8.33004 7.02681 4.79276
33775 4.23109 3.31632 2.06382
30559 4.48695 3.49074 2.10239
22519 6.04176 4.97634 3.29664
37392 4.99606 4.08772 2.126
28751 3.11048 2.40202 1.61273
23927 8.45683 7.13291 4.9337
33976 4.24819 3.32307 2.03886
40005 9.92338 8.06226 4.88127
27544 5.897 4.66782 3.57045
37593 5.58691 4.55026 2.41886
28952 3.14458 2.43256 1.62551
30760 4.49865 3.50388 2.09331
20108 2.59749 2.22221 1.72713
34177 4.20506 3.28811 1.9888
24128 8.53024 7.17592 5.08395
40206 10.0625 8.16946 4.95158
25133 9.82102 8.12074 6.52661
29153 3.27765 2.5416 1.69117
35182 3.35348 2.75134 1.5583
30961 4.49726 3.50753 2.08617
20309 2.73994 2.31968 1.77016
24329 8.59147 7.18791 5.25065
34378 4.07104 3.19894 1.90163
35383 3.27319 2.69478 1.51183
25334 10.3805 8.60566 6.97416
29354 3.43553 2.66755 1.76346
31162 4.44262 3.47442 2.08795
37795 6.33888 5.13044 2.88097
20510 2.91988 2.44817 1.82197
24530 8.71498 7.25233 5.4524
34579 3.90168 3.09115 1.80854
35584 3.22406 2.65787 1.47213
29555 3.63135 2.82133 1.84733
25535 10.8902 9.04142 7.36624
31363 4.31725 3.3877 2.07191
37996 7.10455 5.7278 3.30672
20711 3.14513 2.61567 1.8898
24731 8.95445 7.42384 5.70698
34780 3.67262 2.95131 1.69994
35785 3.16701 2.61283 1.43696
25736 11.289 9.37654 7.65937
29756 3.86279 3.00403 1.95535
31564 4.17984 3.29083 2.04835
20912 3.34479 2.76249 1.93693
24932 9.33675 7.72228 6.08626
34981 3.48019 2.83294 1.61328
38197 7.56388 6.10752 3.57426
35986 3.14567 2.59579 1.42156
25937 11.3395 9.41001 7.66482
29957 4.08713 3.17738 2.05429
31765 3.92203 3.10284 1.97604
21113 3.58637 2.94118 2.0086
22722 6.34773 5.22202 3.5353
32771 3.57481 2.83807 1.89993
38398 7.98183 6.46384 3.82954
36187 3.19419 2.63415 1.43573
31966 3.72132 2.95479 1.91062
27747 4.35567 3.42647 2.58722
26138 11.1996 9.27802 7.52942
21314 3.91377 3.18591 2.13098
22923 6.84485 5.65728 3.8384
32972 3.69937 2.9323 1.9557
38599 8.36038 6.79909 4.07553
36388 3.2939 2.71258 1.47239
32167 3.64109 2.89287 1.87308
27948 3.5958 2.8027 2.0256
26339 10.9322 9.03397 7.30227
21515 4.21403 3.4233 2.27525
23124 7.2862 6.05651 4.11436
33173 3.81633 3.02148 2.00492
38800 8.70241 7.09909 4.28788
28149 3.30121 2.55983 1.80337
32368 3.62648 2.87683 1.86535
36589 3.45226 2.83788 1.53293
21716 4.53251 3.68306 2.43241
26540 10.2547 8.4414 6.823
23325 7.6792 6.41517 4.3683
33374 3.93228 3.10888 2.05034
39001 8.96565 7.32376 4.43293
