0 0.262114 0.217299 0.202892
15075 1.07281 0.896106 0.823417
17487 2.51869 2.15392 1.94776
10050 0.496356 0.39113 0.310552
2412 0.410187 0.341816 0.329936
5025 0.369801 0.315411 0.300369
12462 1.79349 1.40351 1.02253
7437 0.381786 0.307996 0.255732
15276 1.08224 0.908291 0.853477
201 0.270265 0.22398 0.210991
10251 0.521534 0.411904 0.32536
7638 0.393147 0.316175 0.260754
17688 2.5637 2.1945 1.98282
12663 1.73158 1.36238 1.00203
2613 0.396924 0.329857 0.317182
5226 0.361895 0.307668 0.289471
15477 1.12267 0.94664 0.899996
402 0.281607 0.233665 0.221364
10452 0.564001 0.44709 0.352933
7839 0.404827 0.325068 0.266508
17889 2.54361 2.17912 1.96251
12864 1.64519 1.30283 0.962822
2814 0.381466 0.315157 0.301839
5427 0.352771 0.298649 0.277104
15678 1.17903 0.998781 0.956118
603 0.297961 0.248216 0.235438
10653 0.655504 0.519817 0.410396
8040 0.415964 0.334332 0.272518
18090 2.43033 2.08095 1.8444
13065 1.53874 1.22787 0.911135
3015 0.367985 0.302178 0.28866
5628 0.342373 0.288917 0.2645
15879 1.25116 1.06505 1.0224
804 0.318562 0.266838 0.252741
10854 0.768951 0.609334 0.47966
8241 0.429935 0.344548 0.279442
18291 2.32525 1.99021 1.73101
13266 1.40073 1.12739 0.847967
3216 0.362582 0.297069 0.284778
5829 0.333739 0.28048 0.252932
16080 1.35135 1.15475 1.10317
1005 0.340369 0.285314 0.271441
11055 0.897478 0.710314 0.555793
8442 0.446052 0.355384 0.287051
13467 1.27882 1.03762 0.797324
18492 2.22948 1.90838 1.62478
6030 0.329822 0.275595 0.244685
3417 0.361384 0.296417 0.28559
16281 1.47678 1.26435 1.19863
1206 0.362886 0.303581 0.290622
11256 1.04772 0.826973 0.639713
8643 0.455218 0.36212 0.2925
18693 2.1228 1.81626 1.49755
13668 1.1887 0.970168 0.766543
6231 0.333564 0.277081 0.244844
3618 0.365516 0.301579 0.292389
16482 1.66682 1.42338 1.34064
11457 1.21822 0.958284 0.731413
1407 0.389501 0.323524 0.311536
8844 0.46204 0.367065 0.297085
18894 2.03254 1.73753 1.38045
13869 1.12931 0.924707 0.742676
6432 0.342394 0.282646 0.249629
3819 0.36935 0.307028 0.297928
16683 1.85643 1.58152 1.47998
11658 1.40039 1.09745 0.825367
1608 0.410722 0.339346 0.328318
9045 0.46683 0.369852 0.300859
14070 1.08755 0.893362 0.729713
19095 1.97323 1.68465 1.2874
6633 0.353609 0.289272 0.250699
4020 0.373502 0.313191 0.303302
16884 2.03294 1.72949 1.60644
11859 1.58907 1.24121 0.918937
9246 0.468615 0.370242 0.301505
1809 0.418357 0.34589 0.335407
14271 1.06789 0.881418 0.73849
19296 1.95887 1.66979 1.23764
6834 0.362781 0.294836 0.250948
4221 0.376256 0.31776 0.307089
17085 2.21525 1.88973 1.73151
12060 1.76086 1.37238 1.00159
9447 0.469039 0.36971 0.300408
2010 0.421159 0.349153 0.338674
14472 1.06445 0.881662 0.758633
19497 1.97825 1.68486 1.21622
12261 1.8059 1.40903 1.02441
7035 0.365588 0.297018 0.250293
4422 0.378513 0.321639 0.310487
17286 2.38395 2.03807 1.84868
9648 0.476981 0.376372 0.304635
2211 0.419028 0.349041 0.337913
14673 1.06771 0.887062 0.783599
19698 2.04611 1.74395 1.22947
10051 0.51463 0.401446 0.314062
4623 0.378598 0.322934 0.311663
15076 1.04877 0.886465 0.833153
9849 0.486463 0.384081 0.308794
7236 0.371929 0.301372 0.251954
1 0.294396 0.244881 0.232952
14874 1.06924 0.890204 0.801424
19899 2.12017 1.80847 1.25767
10252 0.549353 0.429371 0.334678
4824 0.375872 0.32103 0.308645
15277 1.0728 0.908866 0.870106
7438 0.396719 0.316964 0.259166
5026 0.381343 0.328479 0.307874
12463 1.93338 1.51427 1.12117
202 0.305098 0.25294 0.242091
17488 2.53373 2.16001 1.95673
10453 0.602979 0.47273 0.368476
2413 0.392806 0.327351 0.315624
15478 1.11713 0.948785 0.917303
7639 0.409027 0.326425 0.266168
12664 1.77586 1.40227 1.07838
403 0.316615 0.262189 0.250985
5227 0.371649 0.318539 0.291992
17689 2.60148 2.21894 2.00887
10654 0.741783 0.580367 0.447947
2614 0.387137 0.322095 0.310458
15679 1.17767 1.0026 0.972048
7840 0.421916 0.336496 0.273967
12865 1.61627 1.28745 1.0117
5428 0.362366 0.308627 0.276842
604 0.330138 0.273637 0.261182
17890 2.61323 2.22908 2.00883
15880 1.25631 1.07232 1.03182
10855 0.917384 0.715333 0.546073
2815 0.38065 0.315633 0.304202
8041 0.432515 0.345358 0.280286
5629 0.352303 0.29843 0.263695
13066 1.45941 1.17346 0.928498
805 0.344704 0.286871 0.272043
16081 1.35856 1.16266 1.10271
18091 2.49051 2.12233 1.86284
3016 0.374696 0.30957 0.298542
8242 0.444031 0.353943 0.286488
11056 1.11476 0.865655 0.653724
5830 0.344554 0.289971 0.253049
1006 0.359799 0.299366 0.284031
13267 1.31504 1.06725 0.851209
16282 1.48653 1.27384 1.19027
18292 2.36127 2.01223 1.72163
3217 0.373905 0.309011 0.298969
8443 0.457342 0.362666 0.292859
6031 0.344113 0.28687 0.247861
11257 1.32258 1.02353 0.763278
13468 1.19744 0.980935 0.792742
1207 0.374504 0.310744 0.296411
16483 1.66664 1.42214 1.32346
18493 2.23793 1.90863 1.59373
3418 0.375669 0.311318 0.302188
8644 0.463493 0.366852 0.296016
6232 0.349874 0.288862 0.248304
11458 1.53611 1.18623 0.874001
13669 1.12448 0.92829 0.76702
1408 0.387984 0.320438 0.307037
16684 1.86004 1.58116 1.46622
18694 2.10918 1.79731 1.44745
3619 0.381535 0.318371 0.309696
8845 0.466392 0.368764 0.297559
13870 1.07837 0.894672 0.752977
11659 1.75339 1.35364 0.984966
6433 0.360955 0.295386 0.253507
3820 0.387117 0.325513 0.316718
1609 0.398002 0.327618 0.314963
18895 2.0051 1.70637 1.32419
16885 2.06631 1.75227 1.61733
9046 0.468099 0.369205 0.298127
11860 1.93879 1.49822 1.07875
14071 1.04765 0.872626 0.747356
6634 0.372164 0.301655 0.255697
4021 0.392133 0.332433 0.323088
1810 0.399608 0.329773 0.317511
19096 1.94518 1.65275 1.24299
17086 2.26255 1.92262 1.76052
9247 0.467562 0.367504 0.296083
12061 2.05963 1.59557 1.14038
14272 1.03643 0.866371 0.754762
4222 0.39638 0.338653 0.329383
6835 0.381645 0.306736 0.256212
2011 0.398636 0.330232 0.318198
19297 1.93841 1.64614 1.21036
9448 0.465847 0.364499 0.292171
17287 2.42618 2.06627 1.87948
12262 2.03326 1.58258 1.14473
14473 1.02769 0.863419 0.769406
7036 0.383844 0.307651 0.254764
4423 0.399046 0.343254 0.334094
19498 1.96175 1.66665 1.20337
9649 0.47696 0.372567 0.296602
10052 0.546933 0.422609 0.323796
15077 1.03509 0.88376 0.833119
14674 1.02284 0.863687 0.78833
2212 0.396826 0.330192 0.318328
7237 0.388845 0.310962 0.255648
4624 0.396923 0.342641 0.331778
19699 2.01961 1.7186 1.22142
9850 0.493724 0.38541 0.304511
15278 1.06859 0.911735 0.869557
10253 0.59848 0.463355 0.354181
2 0.346858 0.290059 0.279562
14875 1.03272 0.872282 0.807475
5027 0.387009 0.334903 0.311633
19900 2.09713 1.7856 1.25419
4825 0.391587 0.338382 0.324119
7439 0.413964 0.328345 0.264485
15479 1.11336 0.953201 0.90605
203 0.357321 0.297057 0.287045
10454 0.6771 0.525053 0.400303
12464 2.03939 1.60498 1.237
17489 2.67182 2.28329 2.05701
2414 0.377271 0.314342 0.302553
5228 0.381047 0.327484 0.297895
7640 0.425823 0.337857 0.271716
15680 1.17561 1.01059 0.951429
404 0.366447 0.30336 0.292324
10655 0.853649 0.660341 0.496363
12665 1.83794 1.45869 1.17255
17690 2.71153 2.31602 2.07462
5429 0.378121 0.3222 0.287828
2615 0.379286 0.31588 0.304799
7841 0.439778 0.348403 0.280518
15881 1.28063 1.10165 1.0279
605 0.375136 0.309653 0.297011
10856 1.0737 0.827673 0.613854
12866 1.63804 1.31277 1.08504
17891 2.6918 2.29611 2.036
2816 0.380358 0.316479 0.306128
5630 0.373406 0.315557 0.278
16082 1.40764 1.2097 1.12059
8042 0.447738 0.355056 0.286267
806 0.377606 0.311729 0.296577
11057 1.32676 1.018 0.745993
13067 1.44057 1.16767 0.973709
18092 2.59378 2.20892 1.89979
5831 0.369305 0.30931 0.269388
3017 0.380678 0.316411 0.306764
8243 0.454499 0.360424 0.290987
1007 0.379734 0.313174 0.29692
16283 1.55707 1.33526 1.22964
11258 1.57613 1.20633 0.874467
13268 1.28055 1.04865 0.880792
18293 2.49083 2.11895 1.76292
6032 0.37244 0.308437 0.267231
3218 0.382603 0.31856 0.309502
1208 0.382383 0.314546 0.299518
8444 0.46114 0.364815 0.294882
16484 1.72404 1.47275 1.35213
11459 1.82018 1.39219 1.00029
13469 1.15405 0.954648 0.809096
18494 2.38988 2.0318 1.63415
6233 0.377866 0.309538 0.266379
3419 0.385361 0.321887 0.313195
1409 0.382964 0.314757 0.300445
8645 0.463624 0.366115 0.295642
11660 2.04951 1.57191 1.12723
16685 1.9235 1.63887 1.50135
13670 1.08208 0.902715 0.775795
18695 2.27395 1.93104 1.50557
6434 0.3832 0.311244 0.264595
3620 0.39002 0.327777 0.318724
8846 0.463897 0.365668 0.294379
1610 0.381468 0.313859 0.299785
11861 2.22555 1.714 1.23281
16886 2.16568 1.84383 1.68595
13871 1.02635 0.863172 0.752458
18896 2.16662 1.83728 1.39526
6635 0.3877 0.311628 0.260231
3821 0.394281 0.333602 0.324039
9047 0.463557 0.364487 0.291279
1811 0.377934 0.312219 0.298348
12062 2.30719 1.78783 1.29885
17087 2.38112 2.03004 1.84833
14072 0.984411 0.834392 0.737927
19097 2.07028 1.7528 1.30941
6836 0.391855 0.311672 0.255415
4022 0.397388 0.338788 0.328681
12263 2.21355 1.72781 1.28738
9248 0.462947 0.362513 0.287339
2012 0.374705 0.310956 0.297385
19298 2.02003 1.70905 1.26084
14273 0.978968 0.833121 0.743505
17288 2.56509 2.19034 1.98429
7037 0.39947 0.316082 0.257307
4223 0.399686 0.343455 0.333333
10053 0.606905 0.465746 0.346344
9449 0.462597 0.359749 0.282549
2213 0.375548 0.31248 0.29978
14474 0.981007 0.837698 0.758766
7238 0.407569 0.321977 0.260898
19499 2.00581 1.69672 1.23741
15078 1.02617 0.884011 0.826206
4424 0.40118 0.347364 0.337423
10254 0.697036 0.535213 0.395233
9650 0.480194 0.371657 0.288946
3 0.392495 0.328613 0.318176
14675 0.987351 0.845445 0.780298
5028 0.39012 0.337864 0.313309
4625 0.39899 0.34669 0.334383
19700 2.045 1.73111 1.24955
15279 1.06696 0.916604 0.860105
10455 0.823115 0.631955 0.462904
9851 0.508182 0.392345 0.302418
204 0.393927 0.327955 0.316863
14876 1.00808 0.862084 0.804374
5229 0.388844 0.333833 0.303602
4826 0.394904 0.343417 0.327152
19901 2.11927 1.79433 1.28389
15480 1.11421 0.961835 0.888757
7440 0.424977 0.336787 0.273881
10656 1.01254 0.775938 0.562733
405 0.395917 0.328375 0.316234
12465 2.1047 1.66911 1.3603
5430 0.39165 0.332937 0.298728
15681 1.18089 1.02552 0.92914
17490 2.85276 2.44717 2.17489
2415 0.376077 0.312251 0.300072
7641 0.431699 0.342639 0.278651
10857 1.24079 0.948644 0.681635
606 0.39707 0.328588 0.315379
12666 1.89826 1.51569 1.26925
5631 0.392466 0.330404 0.293071
15882 1.30711 1.1344 1.0205
17691 2.86784 2.4557 2.15548
7842 0.437996 0.347299 0.282909
2616 0.380039 0.316157 0.304773
807 0.390708 0.323734 0.309529
11058 1.50941 1.1508 0.819221
12867 1.68357 1.35649 1.15893
5832 0.391988 0.326804 0.286973
16083 1.4662 1.26762 1.14125
17892 2.82121 2.40972 2.07845
2817 0.383512 0.319745 0.309097
8043 0.442592 0.350692 0.284244
1008 0.383555 0.318273 0.30373
6033 0.395343 0.325768 0.284914
13068 1.46482 1.19517 1.03199
16284 1.65024 1.42025 1.28221
11259 1.77247 1.35039 0.954438
18093 2.74251 2.33726 1.95588
8244 0.446361 0.353224 0.284267
3018 0.385949 0.322435 0.312349
1209 0.379347 0.314491 0.300847
6234 0.39912 0.325367 0.283119
16485 1.8178 1.56001 1.4051
13269 1.27712 1.05383 0.918327
11460 2.02557 1.54508 1.08814
18294 2.65035 2.25411 1.82601
8445 0.44858 0.354056 0.283264
3219 0.388235 0.32522 0.315414
1410 0.37533 0.310996 0.297763
6435 0.401711 0.325246 0.279614
16686 2.02487 1.73647 1.55987
11661 2.25459 1.72849 1.23569
18495 2.54571 2.16107 1.69404
13470 1.12847 0.941391 0.827455
8646 0.448211 0.352128 0.27916
3420 0.390315 0.327996 0.318179
6636 0.402793 0.323351 0.273213
1611 0.371717 0.307989 0.294385
16887 2.29808 1.97218 1.77115
18696 2.42336 2.0541 1.57457
11862 2.42847 1.87406 1.37119
13671 1.04826 0.882089 0.781222
8847 0.446316 0.348426 0.272982
3621 0.392596 0.331455 0.321069
1812 0.369694 0.306476 0.29269
6837 0.403134 0.320305 0.264601
17088 2.5395 2.17965 1.95705
18897 2.29634 1.94341 1.46592
12063 2.48176 1.93263 1.46473
13872 0.977403 0.831847 0.743736
9048 0.447389 0.348083 0.270207
3822 0.394227 0.33459 0.323501
2013 0.369046 0.306163 0.292405
7038 0.410523 0.324468 0.265789
17289 2.73564 2.34757 2.10317
19098 2.17629 1.83888 1.37779
12264 2.34467 1.84196 1.44602
9249 0.452402 0.350799 0.269953
14073 0.916768 0.790518 0.713988
4023 0.394474 0.337171 0.325496
2214 0.37199 0.308712 0.295653
7239 0.419152 0.330758 0.269923
15079 1.02059 0.885151 0.800017
19299 2.0938 1.76712 1.31516
9450 0.464672 0.358095 0.272021
10054 0.666566 0.509818 0.367341
4224 0.39458 0.339889 0.327895
14274 0.917917 0.795348 0.720011
4 0.432451 0.360981 0.349339
15280 1.06687 0.924638 0.832389
19500 2.05099 1.72968 1.27851
5029 0.39361 0.337033 0.315036
9651 0.49549 0.380529 0.286518
10255 0.779655 0.595932 0.426408
4425 0.394772 0.342901 0.330828
14475 0.933142 0.809707 0.738115
205 0.419397 0.348967 0.335437
19701 2.07935 1.7534 1.28736
15481 1.1279 0.981927 0.87574
5230 0.396028 0.335791 0.309985
9852 0.54203 0.41561 0.31077
10456 0.939788 0.717543 0.509095
4626 0.394202 0.343627 0.329187
14676 0.957449 0.82956 0.765803
406 0.411118 0.341604 0.327243
19902 2.154 1.81622 1.32498
5431 0.401027 0.337448 0.30803
15682 1.20993 1.0591 0.934458
7441 0.42999 0.342194 0.284108
10657 1.14723 0.873817 0.614738
4827 0.393349 0.342942 0.324754
607 0.405946 0.337409 0.323204
14877 0.989575 0.855044 0.794915
17491 3.0706 2.64665 2.28356
5632 0.405101 0.338417 0.305921
15883 1.34147 1.17383 1.0279
10858 1.38321 1.051 0.734564
7642 0.431448 0.344102 0.285131
2416 0.376775 0.312898 0.300663
808 0.395092 0.329532 0.316294
12466 2.12415 1.67252 1.31664
17692 3.10269 2.66529 2.25374
5833 0.407662 0.338185 0.303464
16084 1.52683 1.33274 1.16331
7843 0.42708 0.340962 0.281961
11059 1.65697 1.25704 0.874954
2617 0.380144 0.316903 0.305065
1009 0.382957 0.320782 0.308808
12667 1.83379 1.45939 1.17173
17893 3.07032 2.62883 2.16577
6034 0.407953 0.335096 0.298683
16285 1.75978 1.53171 1.3356
8044 0.427306 0.340514 0.277306
2818 0.382622 0.320286 0.308691
11260 1.93357 1.46746 1.01952
1210 0.3754 0.314515 0.303054
12868 1.58865 1.27897 1.04783
18094 2.98288 2.54725 2.05224
6235 0.407864 0.331678 0.293897
16486 1.97271 1.71655 1.49051
8245 0.429463 0.341036 0.272239
3019 0.383842 0.322208 0.310644
11461 2.19515 1.67028 1.1617
1411 0.369691 0.309392 0.298016
13069 1.41603 1.15098 0.964041
18295 2.84224 2.42131 1.91777
6436 0.412458 0.334285 0.295912
16687 2.20742 1.9211 1.66336
8446 0.430522 0.340357 0.267623
3220 0.384146 0.323169 0.311529
11662 2.40123 1.83466 1.2904
13270 1.21626 1.00038 0.847445
1612 0.367076 0.306384 0.294239
18496 2.65556 2.25719 1.76935
6637 0.415393 0.335064 0.29355
8647 0.430153 0.337652 0.260825
16888 2.49366 2.17104 1.87728
3421 0.383778 0.323416 0.311714
11863 2.54106 1.95117 1.3963
13471 1.03508 0.863581 0.738868
1813 0.366579 0.305154 0.292446
18697 2.46229 2.0884 1.62234
6838 0.415015 0.331909 0.283016
8848 0.429599 0.333765 0.252549
17089 2.73886 2.37772 2.06952
3622 0.382819 0.323509 0.311183
12064 2.5559 1.97795 1.46303
13672 0.96881 0.815397 0.711516
2014 0.368516 0.306048 0.293077
18898 2.29683 1.94406 1.49655
7039 0.418899 0.333394 0.279974
9049 0.435322 0.336631 0.251948
17290 2.94198 2.54458 2.22212
3823 0.382088 0.324019 0.310856
12265 2.40084 1.87243 1.42709
13873 0.923057 0.783753 0.692127
2215 0.372342 0.308989 0.296279
19099 2.18092 1.84286 1.40582
7240 0.424464 0.337089 0.280773
15080 1.01937 0.886316 0.787606
9250 0.446919 0.344601 0.25606
10055 0.721376 0.551991 0.384602
4024 0.381501 0.325196 0.311016
14074 0.892288 0.764436 0.678378
5 0.440993 0.368321 0.357652
19300 2.10897 1.78 1.34827
5030 0.395606 0.334111 0.312636
15281 1.07418 0.935577 0.824282
9451 0.472707 0.363042 0.266379
10256 0.849161 0.647657 0.448722
206 0.421993 0.352252 0.340805
4225 0.381491 0.327023 0.311917
14275 0.905097 0.780336 0.696059
19501 2.07702 1.75176 1.31807
5231 0.400849 0.335548 0.31229
9652 0.516793 0.395893 0.288084
15482 1.15397 1.00942 0.885541
10457 1.02551 0.780428 0.537227
407 0.408343 0.340896 0.329342
14476 0.926758 0.802104 0.721597
4426 0.382691 0.330096 0.314424
5432 0.406721 0.338591 0.312124
19702 2.11458 1.78332 1.3328
15683 1.25739 1.10504 0.967072
9853 0.577773 0.442084 0.320285
10658 1.24678 0.945648 0.646409
608 0.400634 0.334816 0.323822
14677 0.949804 0.822978 0.748882
5633 0.41165 0.34108 0.311689
4627 0.385947 0.333658 0.316821
15884 1.40602 1.23738 1.07382
19903 2.1953 1.85108 1.37698
7442 0.409469 0.33071 0.278654
10859 1.50125 1.13488 0.771522
809 0.392723 0.328756 0.318428
14878 0.982495 0.851947 0.773946
5834 0.414506 0.341865 0.310557
4828 0.391235 0.33765 0.319137
16085 1.61495 1.42026 1.22506
17492 3.36113 2.90489 2.42864
7643 0.404578 0.330098 0.270767
1010 0.38494 0.322837 0.313332
11060 1.78269 1.34645 0.917334
12467 2.08916 1.62841 1.20163
6035 0.41344 0.338421 0.305601
2417 0.380398 0.317919 0.306419
16286 1.88403 1.65354 1.42154
7844 0.398531 0.327143 0.261622
17693 3.38646 2.91523 2.3962
1211 0.38086 0.318991 0.309904
11261 2.06189 1.55933 1.06713
12668 1.72701 1.36612 1.02258
6236 0.410309 0.332938 0.299075
2618 0.380156 0.319138 0.306948
16487 2.13928 1.87657 1.60675
8045 0.397566 0.326085 0.254332
17894 3.3259 2.85348 2.30077
1412 0.378359 0.316105 0.307213
11462 2.31913 1.76103 1.21329
12869 1.4273 1.14803 0.87874
6437 0.410407 0.332096 0.298102
2819 0.378957 0.319511 0.306543
16688 2.40991 2.11331 1.8009
8246 0.401301 0.326783 0.249897
18095 3.18432 2.72372 2.16874
11663 2.48153 1.88905 1.3025
1613 0.377181 0.314388 0.305203
13070 1.32138 1.06925 0.852217
6638 0.410025 0.330969 0.295347
3020 0.37704 0.318246 0.304546
16889 2.70274 2.36899 2.00805
8447 0.405959 0.327489 0.247033
18296 2.97928 2.54097 2.00995
1814 0.376865 0.313596 0.304002
13271 1.13233 0.927089 0.751674
6839 0.408715 0.328461 0.287565
11864 2.56577 1.95797 1.35291
3221 0.374585 0.316256 0.301981
17090 2.97282 2.59508 2.20205
8648 0.413558 0.329964 0.2456
18497 2.71945 2.31298 1.82761
2015 0.377795 0.314274 0.30395
13472 0.941026 0.783601 0.64273
7040 0.409532 0.328227 0.284179
12065 2.53413 1.94426 1.3703
17291 3.20422 2.78315 2.35902
8849 0.425695 0.335975 0.24631
18698 2.47687 2.10333 1.65598
3422 0.37176 0.31378 0.299599
2216 0.379196 0.315893 0.304988
13673 0.895163 0.752035 0.639268
7241 0.411314 0.329471 0.283569
12266 2.37598 1.83494 1.32103
15081 1.02255 0.885455 0.801219
9050 0.441108 0.345487 0.250496
18899 2.2847 1.93759 1.51585
6 0.425577 0.356243 0.346823
3623 0.369189 0.311794 0.297229
13874 0.878064 0.742182 0.64313
5031 0.396266 0.328929 0.303922
10056 0.781316 0.593842 0.398613
15282 1.09334 0.9506 0.851697
9251 0.461007 0.35893 0.257833
19100 2.17372 1.84091 1.42679
207 0.410923 0.344503 0.336228
14075 0.87728 0.745162 0.648323
5232 0.402499 0.332704 0.307749
3824 0.367093 0.310443 0.294944
10257 0.917728 0.693926 0.461094
9452 0.495627 0.384075 0.273133
15483 1.19692 1.04588 0.931344
19301 2.11091 1.7874 1.37484
408 0.398874 0.334884 0.327718
14276 0.898203 0.768446 0.676461
5433 0.407804 0.336065 0.309274
4025 0.367249 0.311334 0.294453
10458 1.09612 0.826963 0.543901
9653 0.546541 0.421662 0.297398
19502 2.09114 1.77103 1.35271
15684 1.33104 1.16892 1.03689
609 0.392099 0.329466 0.322508
14477 0.92238 0.793941 0.708003
5634 0.411865 0.338445 0.309484
4226 0.368766 0.313515 0.295205
10659 1.32509 0.997343 0.649308
19703 2.1418 1.81439 1.37727
15885 1.51424 1.33563 1.1727
9854 0.619947 0.476255 0.333847
810 0.387445 0.325582 0.318555
14678 0.944338 0.815899 0.735533
5835 0.412641 0.337987 0.307927
4427 0.372202 0.317485 0.298235
10860 1.60446 1.20495 0.778641
19904 2.24244 1.89875 1.43655
16086 1.74196 1.53842 1.33993
7443 0.386862 0.317602 0.268603
14879 0.977019 0.846982 0.760081
1011 0.385951 0.323999 0.316642
6036 0.411259 0.335205 0.30467
4628 0.378477 0.323008 0.303076
11061 1.8667 1.40194 0.913584
17493 3.69773 3.19833 2.5985
16287 2.02275 1.78341 1.54612
7644 0.378608 0.315921 0.254296
12468 1.85535 1.45297 1.03302
1212 0.385577 0.322993 0.315595
6237 0.408009 0.330371 0.299865
4829 0.388656 0.330707 0.310482
11262 2.08787 1.57203 1.03671
16488 2.32355 2.0433 1.76103
17694 3.70272 3.19148 2.57463
7845 0.375502 0.315597 0.242693
6438 0.402234 0.324823 0.293708
1413 0.386049 0.322621 0.315436
11463 2.21136 1.67812 1.1234
2418 0.384883 0.324157 0.313113
12669 1.52276 1.20971 0.879266
16689 2.62538 2.30368 1.96951
17895 3.57018 3.06852 2.46665
8046 0.37795 0.316794 0.235843
6639 0.396156 0.319689 0.287116
1614 0.385881 0.32224 0.314907
11664 2.25669 1.72208 1.16233
2619 0.38295 0.323479 0.311315
12870 1.21882 0.986525 0.740937
16890 2.92411 2.562 2.16403
8247 0.386155 0.319746 0.233973
18096 3.3378 2.85948 2.29528
1815 0.385722 0.322252 0.314482
6840 0.394181 0.318562 0.282985
2820 0.379815 0.321606 0.308051
13071 1.11881 0.911928 0.70815
11865 2.24472 1.72097 1.16875
8448 0.398108 0.324769 0.235061
18297 3.05391 2.60736 2.09073
17091 3.23277 2.82195 2.35155
2016 0.385865 0.323076 0.314173
7041 0.393532 0.318458 0.280729
3021 0.376407 0.318685 0.303308
13272 1.0069 0.827919 0.65744
12066 2.17787 1.68085 1.15654
8649 0.414354 0.332997 0.238594
18498 2.7378 2.32976 1.8655
17292 3.51165 3.05215 2.51094
2217 0.385726 0.323863 0.313796
7242 0.393758 0.318897 0.279828
3222 0.372722 0.315241 0.298172
13473 0.89905 0.747421 0.605788
12267 2.05701 1.59853 1.11666
18699 2.47038 2.10206 1.67564
15082 1.06772 0.922873 0.8358
8850 0.439142 0.348253 0.246514
5032 0.390365 0.318476 0.291587
7 0.415637 0.348024 0.337912
3423 0.368712 0.311341 0.294355
13674 0.872348 0.731003 0.612249
10057 0.835624 0.629646 0.408382
18900 2.26749 1.93011 1.52864
15283 1.16262 1.00929 0.908556
3624 0.365685 0.308099 0.29088
9051 0.463807 0.363941 0.255016
208 0.408002 0.34205 0.333081
13875 0.866784 0.731264 0.627454
5233 0.397378 0.324392 0.298077
10258 0.974406 0.729752 0.465685
19101 2.15959 1.83645 1.44299
15484 1.28737 1.12237 1.00654
3825 0.364806 0.306327 0.287943
9252 0.491772 0.382488 0.265411
5434 0.400304 0.326543 0.299351
14076 0.874426 0.741675 0.644142
409 0.401396 0.336804 0.328938
10459 1.14489 0.856128 0.538358
19302 2.10681 1.7939 1.39874
15685 1.43969 1.26027 1.12742
4026 0.366102 0.306819 0.287114
9453 0.529994 0.410051 0.282821
610 0.395979 0.332485 0.324835
14277 0.889626 0.758733 0.671763
5635 0.399841 0.325659 0.297093
15886 1.64252 1.44338 1.28092
10660 1.36021 1.01675 0.632505
19503 2.10096 1.79195 1.38682
4227 0.368957 0.308848 0.28778
9654 0.585062 0.450319 0.308512
811 0.391471 0.328938 0.321309
14478 0.908957 0.778857 0.700784
5836 0.398896 0.324455 0.295442
16087 1.88568 1.65836 1.45974
10861 1.64897 1.23277 0.762031
4428 0.373467 0.31268 0.290691
19704 2.16879 1.85061 1.424
9855 0.668734 0.511616 0.347288
1012 0.389255 0.327405 0.319673
14679 0.934432 0.803379 0.727678
16288 2.17494 1.90775 1.66532
6037 0.396957 0.322166 0.293113
11062 1.86936 1.39953 0.877061
4629 0.379611 0.317509 0.294543
19905 2.2943 1.95534 1.50033
1213 0.388239 0.326835 0.319184
7444 0.376468 0.313179 0.248026
14880 0.972103 0.838646 0.760777
16489 2.50813 2.19167 1.88841
6238 0.394001 0.318624 0.289856
11263 2.01239 1.5122 0.965694
4830 0.388705 0.323979 0.299659
17494 3.75404 3.2387 2.64123
7645 0.374182 0.31345 0.2412
1414 0.388776 0.327402 0.320074
16690 2.85726 2.48871 2.11497
12469 1.52002 1.20334 0.844517
6439 0.388153 0.314592 0.282917
11464 1.99381 1.51485 0.986598
2419 0.389533 0.331333 0.320144
17695 3.69562 3.18514 2.58742
7846 0.379755 0.316581 0.237418
1615 0.389418 0.328467 0.320881
12670 1.28293 1.02889 0.744139
16891 3.19921 2.78039 2.33012
6640 0.381145 0.311047 0.273673
11665 1.93156 1.48213 0.983059
2620 0.386939 0.328901 0.316791
17896 3.53791 3.04778 2.47127
8047 0.389496 0.321627 0.235761
1816 0.390156 0.32986 0.321543
12871 1.03808 0.848092 0.639943
17092 3.47097 3.00874 2.4941
6841 0.376779 0.310241 0.264472
11866 1.83672 1.42121 0.958648
2821 0.383062 0.325222 0.31145
18097 3.30589 2.84367 2.30266
2017 0.390828 0.33148 0.322027
8248 0.403637 0.329171 0.236536
13072 0.955813 0.786607 0.610927
7042 0.374857 0.310575 0.256973
17293 3.67804 3.17963 2.61232
12067 1.74194 1.3597 0.927056
3022 0.378899 0.321133 0.304563
18298 3.02296 2.59483 2.0969
2218 0.391053 0.332609 0.322016
8449 0.42259 0.340254 0.240432
13273 0.902111 0.746849 0.594829
7243 0.37773 0.312552 0.253906
15083 1.13555 0.981233 0.880657
12268 1.63349 1.2854 0.886938
3223 0.374733 0.316935 0.297146
18499 2.69585 2.30908 1.8608
8 0.408154 0.341407 0.330131
8650 0.445652 0.354323 0.246513
13474 0.862581 0.718645 0.586869
15284 1.2588 1.09149 0.979443
5033 0.378317 0.303766 0.277415
3424 0.370374 0.312355 0.292046
18700 2.44411 2.09587 1.68579
10058 0.853381 0.63927 0.402918
209 0.40734 0.340684 0.329922
8851 0.475962 0.373319 0.255522
13675 0.848971 0.712249 0.600338
15485 1.40142 1.21869 1.09366
5234 0.386733 0.311729 0.28485
3625 0.36734 0.308515 0.287818
18901 2.25314 1.93362 1.55141
10259 0.965468 0.721386 0.450399
410 0.405785 0.339323 0.329371
9052 0.507718 0.393785 0.266139
13876 0.850074 0.717699 0.619954
15686 1.56643 1.3655 1.22477
5435 0.388285 0.31358 0.285869
3826 0.367304 0.306176 0.284009
19102 2.15205 1.84298 1.47271
10460 1.09821 0.8214 0.51103
611 0.401496 0.335927 0.326378
9253 0.54077 0.415929 0.278879
14077 0.866143 0.735198 0.644158
15887 1.78505 1.55937 1.39147
5636 0.383137 0.309421 0.280651
4027 0.368634 0.305478 0.281886
19303 2.1262 1.82277 1.44517
10661 1.25594 0.941653 0.586393
9454 0.577644 0.442483 0.296183
812 0.396068 0.331895 0.322687
14278 0.883467 0.753091 0.670819
16088 2.03198 1.77432 1.57099
5837 0.380761 0.307726 0.278766
19504 2.15623 1.85053 1.45393
4228 0.371326 0.306485 0.28149
10862 1.44244 1.08549 0.68023
9655 0.629799 0.48062 0.320628
14479 0.906321 0.775267 0.699172
1013 0.392361 0.329722 0.320674
16289 2.3202 2.01861 1.76681
6038 0.379267 0.306789 0.27781
4429 0.374862 0.308603 0.283565
19705 2.26104 1.9351 1.50663
11063 1.56474 1.18277 0.754386
9856 0.718701 0.545272 0.359227
14680 0.944823 0.810433 0.732943
1214 0.389789 0.328586 0.319767
6239 0.376734 0.304964 0.275075
16490 2.66744 2.31138 1.98531
4630 0.378943 0.31118 0.286584
19906 2.3959 2.04838 1.58895
7445 0.374285 0.311788 0.230524
14881 0.99878 0.859808 0.778933
1415 0.389736 0.329295 0.320766
6440 0.372625 0.303714 0.268514
16691 3.04506 2.62965 2.21875
11264 1.61831 1.23092 0.802788
4831 0.384664 0.314648 0.288549
17495 3.71506 3.19639 2.63945
7646 0.379543 0.315044 0.230897
1616 0.39006 0.330446 0.321736
12470 1.08257 0.875112 0.651224
6641 0.367356 0.303213 0.258162
11465 1.55521 1.19635 0.793214
16892 3.41947 2.94659 2.4539
2420 0.389636 0.332327 0.32009
17696 3.60734 3.10877 2.55963
7847 0.392862 0.322138 0.232978
12671 0.994192 0.812137 0.620981
1817 0.390841 0.332114 0.322759
6842 0.363124 0.30328 0.245897
11666 1.46775 1.14194 0.773489
17093 3.64385 3.13479 2.5979
2621 0.388327 0.330306 0.317339
17897 3.43877 2.96917 2.43728
8048 0.409608 0.331326 0.235675
2018 0.391034 0.333231 0.322745
12872 0.916494 0.756706 0.595061
7043 0.361936 0.304475 0.235437
11867 1.36639 1.07438 0.749524
17294 3.74868 3.22207 2.66663
2822 0.386442 0.327184 0.311783
18098 3.23493 2.7945 2.2854
8249 0.429958 0.343282 0.23878
2219 0.390735 0.333724 0.321928
13073 0.870909 0.722502 0.586989
7244 0.368511 0.308311 0.231867
12068 1.25889 0.99981 0.711359
15084 1.22516 1.06006 0.941635
3023 0.38436 0.323946 0.305349
18299 2.9792 2.57269 2.0962
9 0.4188 0.346608 0.332525
8450 0.45541 0.358952 0.244838
5034 0.371217 0.296864 0.270595
13274 0.843619 0.703367 0.584781
12269 1.15699 0.927914 0.673463
3224 0.382049 0.320747 0.29848
15285 1.36027 1.17875 1.0485
18500 2.65954 2.29421 1.86245
210 0.41656 0.344603 0.330909
8651 0.484975 0.377574 0.253394
5235 0.376991 0.302743 0.27583
10059 0.857947 0.640514 0.395756
13475 0.831856 0.697683 0.587524
15486 1.51733 1.31541 1.16904
3425 0.381036 0.318624 0.293632
18701 2.42668 2.09674 1.70228
411 0.411723 0.340692 0.327748
8852 0.518967 0.399125 0.264139
5436 0.378432 0.305199 0.276365
10260 0.935848 0.699869 0.432472
13676 0.8245 0.695211 0.601001
15687 1.6984 1.47175 1.3032
3626 0.380946 0.317099 0.289676
612 0.405222 0.335883 0.323554
18902 2.26059 1.95506 1.58874
9053 0.555246 0.422731 0.276991
5637 0.372355 0.301666 0.26828
10461 1.02703 0.77121 0.480553
13877 0.82861 0.702058 0.620189
15888 1.91091 1.65645 1.45509
3827 0.379232 0.313282 0.28441
813 0.397802 0.330859 0.319089
19103 2.18381 1.88263 1.5273
9254 0.591883 0.447855 0.292543
5838 0.370239 0.300919 0.265922
10662 1.1219 0.846968 0.534518
16089 2.14636 1.85913 1.6177
4028 0.37724 0.309485 0.279393
14078 0.853345 0.726083 0.646852
1014 0.393106 0.328381 0.316884
19304 2.18197 1.88178 1.51498
9455 0.633643 0.478046 0.311865
6039 0.369583 0.301288 0.265535
10863 1.21193 0.9214 0.592729
16290 2.41745 2.08849 1.79793
4229 0.376174 0.307043 0.275337
14279 0.879994 0.751249 0.672831
1215 0.389793 0.327165 0.315837
19505 2.23275 1.92545 1.53375
9656 0.684639 0.515605 0.335062
11064 1.25691 0.963182 0.634171
6240 0.364517 0.299438 0.25735
16491 2.73485 2.35436 2.00156
4430 0.375483 0.304975 0.275299
14480 0.914759 0.783031 0.703418
1416 0.388639 0.327461 0.316418
19706 2.34956 2.01488 1.58367
11265 1.25641 0.972092 0.657274
9857 0.75947 0.570577 0.364883
6441 0.359917 0.2979 0.247154
16692 3.05563 2.62355 2.20719
4631 0.375028 0.303148 0.278118
1617 0.38809 0.328232 0.317311
14681 0.971665 0.833421 0.748695
19907 2.4712 2.11657 1.65369
7446 0.385703 0.31441 0.224512
11466 1.19278 0.933104 0.641801
6642 0.357831 0.29748 0.23648
16893 3.33862 2.86554 2.39413
4832 0.375739 0.302381 0.2772
1818 0.388492 0.329837 0.318771
17496 3.638 3.13562 2.61001
7647 0.397514 0.321301 0.226447
14882 1.04583 0.900121 0.808228
6843 0.3594 0.299148 0.229155
11667 1.12586 0.890451 0.625804
17094 3.51264 3.01677 2.51571
2421 0.387779 0.330426 0.316112
2019 0.388325 0.330709 0.318708
7848 0.416519 0.332674 0.230202
17697 3.576 3.0876 2.5641
12471 0.879804 0.722362 0.568044
7044 0.364125 0.30242 0.224625
2622 0.388406 0.32983 0.315058
11868 1.06491 0.850826 0.61764
17295 3.60633 3.10131 2.58712
2220 0.387695 0.330831 0.31714
8049 0.438486 0.346148 0.23508
17898 3.4249 2.96081 2.45377
12672 0.857624 0.708347 0.569131
7245 0.374382 0.308084 0.223848
2823 0.389941 0.328744 0.31085
15085 1.3339 1.15319 1.0148
12069 0.990996 0.799655 0.595707
10 0.430954 0.353269 0.336342
8250 0.463549 0.361368 0.240534
18099 3.24316 2.80696 2.32315
12873 0.846131 0.702144 0.574349
5035 0.367513 0.294845 0.267421
3024 0.391398 0.327588 0.306019
15286 1.48083 1.28102 1.12749
12270 0.922252 0.751456 0.574135
211 0.424542 0.347998 0.33151
18300 2.99688 2.59432 2.14465
13074 0.82619 0.688528 0.579539
8451 0.493824 0.379959 0.248586
5236 0.369389 0.297411 0.268804
3225 0.391152 0.325771 0.300807
15487 1.65246 1.42877 1.25394
10060 0.84104 0.630479 0.391461
412 0.415137 0.340674 0.324915
8652 0.527338 0.400914 0.259193
10261 0.880572 0.663945 0.418577
18501 2.66609 2.30502 1.90347
5437 0.369741 0.299169 0.267478
15688 1.83731 1.58616 1.38376
3426 0.392102 0.325142 0.296485
13275 0.814621 0.682161 0.585309
613 0.405662 0.333603 0.318492
8853 0.564663 0.42491 0.272236
10462 0.920414 0.699186 0.447858
18702 2.4553 2.12484 1.75165
5638 0.364679 0.297477 0.258022
3627 0.393558 0.324942 0.292392
814 0.396337 0.327188 0.312725
13476 0.815156 0.686222 0.591822
15889 2.02987 1.75123 1.51394
9054 0.602667 0.450215 0.286963
10663 0.956686 0.7328 0.477538
18903 2.33499 2.02181 1.66119
5839 0.362449 0.297027 0.253367
3828 0.389642 0.31943 0.286117
1015 0.389667 0.323102 0.308691
13677 0.820261 0.693672 0.605273
16090 2.23822 1.92946 1.6522
9255 0.641068 0.477417 0.304538
10864 0.982415 0.758057 0.50571
6040 0.362194 0.297244 0.251777
19104 2.33812 2.02012 1.64988
4029 0.384126 0.312526 0.279259
1216 0.384898 0.320683 0.305682
13878 0.833672 0.707924 0.623715
16291 2.47786 2.13284 1.81037
9456 0.687336 0.511362 0.325745
11065 0.990504 0.771572 0.529249
6241 0.356952 0.295293 0.241165
4230 0.379495 0.307078 0.272984
19305 2.33738 2.02025 1.6407
14079 0.862711 0.735372 0.650028
1417 0.38234 0.320063 0.304568
16492 2.74156 2.35412 1.98558
9657 0.737653 0.54918 0.34847
11266 0.971115 0.766395 0.543459
6442 0.352756 0.293575 0.229692
4431 0.3756 0.302496 0.270612
19506 2.34279 2.02466 1.6303
14280 0.900289 0.76989 0.681339
1618 0.380919 0.320374 0.304339
9858 0.793648 0.59165 0.369456
6643 0.354279 0.293767 0.221412
16693 3.00322 2.57423 2.16129
4632 0.372879 0.299098 0.273021
11467 0.949952 0.755986 0.547975
19707 2.36951 2.03777 1.61139
14481 0.950478 0.815144 0.721671
1819 0.38207 0.322646 0.306288
7447 0.405867 0.322523 0.221734
6844 0.360524 0.296852 0.217665
16894 3.22065 2.76265 2.31347
4833 0.371214 0.297023 0.271805
11668 0.935338 0.749138 0.552933
19908 2.42807 2.08134 1.62613
2020 0.383903 0.325087 0.307574
14682 1.03206 0.887381 0.785722
7648 0.426528 0.334615 0.225761
17095 3.37296 2.89807 2.42641
7045 0.370764 0.302533 0.217541
2422 0.388579 0.328744 0.307234
17497 3.55399 3.0677 2.56528
11869 0.92679 0.74659 0.560206
2221 0.386452 0.327341 0.306867
14883 1.12143 0.967186 0.857677
7849 0.452456 0.35036 0.231843
2623 0.390295 0.32947 0.308653
17296 3.47814 2.99466 2.50903
17698 3.528 3.05059 2.54814
11 0.427697 0.35056 0.332445
12070 0.907121 0.735879 0.563789
7246 0.386916 0.311681 0.219149
8050 0.480282 0.36764 0.239216
12472 0.852634 0.701047 0.565937
2824 0.396605 0.332163 0.308643
15086 1.48502 1.27601 1.11415
17899 3.3854 2.93037 2.44856
212 0.418556 0.343227 0.325151
5036 0.36815 0.299389 0.264625
12271 0.882042 0.720795 0.565587
8251 0.509568 0.385736 0.247648
12673 0.828426 0.684716 0.56697
3025 0.403531 0.335068 0.308041
15287 1.64802 1.41967 1.2349
413 0.408398 0.335038 0.317204
18100 3.21378 2.78501 2.33017
5237 0.366983 0.300045 0.260566
10061 0.808982 0.610391 0.384598
8452 0.539553 0.404531 0.25724
3226 0.404641 0.33455 0.305535
15488 1.81573 1.56663 1.3549
12874 0.810622 0.672987 0.569503
614 0.398535 0.327067 0.309543
18301 2.98986 2.59098 2.171
5438 0.366066 0.300849 0.256055
10262 0.8258 0.626871 0.401719
8653 0.568082 0.42303 0.267714
3427 0.404378 0.333123 0.30183
15689 1.98237 1.71097 1.46966
13075 0.803427 0.670775 0.579895
18502 2.70232 2.3371 1.96083
815 0.389255 0.31962 0.302473
5639 0.362395 0.299363 0.248487
10463 0.839953 0.643545 0.421294
8854 0.600463 0.444871 0.279605
3628 0.402879 0.330596 0.295985
13276 0.802402 0.673638 0.590235
15890 2.13864 1.84574 1.57562
10664 0.847214 0.656987 0.442037
1016 0.381378 0.31363 0.296012
18703 2.52564 2.18429 1.82409
9055 0.635815 0.46939 0.292727
5840 0.359199 0.296993 0.240819
3829 0.396478 0.323064 0.288753
16091 2.30119 1.98561 1.68578
13477 0.807613 0.681299 0.597481
10865 0.847838 0.663952 0.462821
1217 0.375815 0.310184 0.290762
9256 0.67492 0.497784 0.308281
18904 2.42661 2.09909 1.73983
4030 0.387863 0.313401 0.281086
6041 0.356788 0.293224 0.232657
16292 2.47092 2.13137 1.80182
13678 0.825784 0.699487 0.611551
11066 0.845013 0.668806 0.482673
1418 0.372434 0.308945 0.287781
9457 0.716744 0.529445 0.326997
19105 2.41733 2.08913 1.71731
4231 0.380807 0.306121 0.27389
6242 0.354921 0.291061 0.22475
16493 2.6647 2.29721 1.93441
13879 0.851852 0.724223 0.630895
11267 0.842104 0.674489 0.50131
1619 0.371185 0.30976 0.287117
9658 0.761023 0.564288 0.349033
19306 2.38226 2.0596 1.68167
4432 0.375017 0.300413 0.269325
6443 0.354796 0.290405 0.218255
16694 2.8777 2.4796 2.08074
14080 0.885154 0.755164 0.657676
1820 0.373859 0.313335 0.289962
9859 0.801731 0.597667 0.369472
11468 0.848703 0.683163 0.517434
19507 2.33513 2.01827 1.63159
4633 0.371797 0.297532 0.270424
6644 0.359443 0.292351 0.215498
16895 3.10215 2.67362 2.23707
14281 0.935127 0.800313 0.697241
2021 0.378701 0.31835 0.294112
19708 2.3021 1.9816 1.56743
11669 0.859006 0.693323 0.531974
4834 0.369275 0.295694 0.269537
6845 0.367961 0.296914 0.214651
7448 0.431043 0.334104 0.222049
17096 3.2791 2.82638 2.36315
14482 1.00402 0.861668 0.751432
17297 3.40515 2.93553 2.45585
2423 0.391733 0.32845 0.299117
2222 0.385876 0.32396 0.296136
7046 0.381627 0.304882 0.215267
11870 0.86598 0.702122 0.542774
7649 0.459959 0.351345 0.228499
19909 2.32553 1.99164 1.54308
14683 1.10664 0.952053 0.832214
2624 0.394029 0.330132 0.302623
20100 2.20065 1.87855 1.29591
22713 7.11978 5.84079 3.70667
7247 0.403946 0.31803 0.217908
7850 0.490948 0.370146 0.23657
12071 0.862 0.702175 0.551797
17498 3.4697 2.99623 2.50659
14884 1.21681 1.04945 0.920314
20301 2.30349 1.96807 1.34777
2825 0.402395 0.335035 0.306053
25125 12.3128 10.4066 7.21108
8051 0.523441 0.390223 0.245824
12272 0.84895 0.694866 0.559443
22914 7.79279 6.38933 4.10096
12473 0.828821 0.681891 0.563829
17699 3.44012 2.97631 2.49378
3026 0.413013 0.341122 0.309385
20502 2.42139 2.06994 1.40387
25326 12.8846 10.9361 7.6264
8252 0.554157 0.40956 0.256008
23115 8.37557 6.87934 4.4722
27738 8.16959 6.36366 3.79429
12674 0.81232 0.671678 0.567878
17900 3.30214 2.86229 2.40735
3227 0.414502 0.341255 0.308998
20703 2.55549 2.18463 1.46348
8453 0.581959 0.42751 0.266083
25527 13.4102 11.411 8.00913
27939 7.13617 5.49729 3.20326
23316 8.87352 7.30727 4.80236
12875 0.802562 0.666612 0.572314
18101 3.12343 2.7089 2.28749
3428 0.41296 0.339203 0.306448
20904 2.75354 2.34766 1.5441
25728 13.9537 11.8786 8.38044
23517 9.26694 7.65714 5.07335
8654 0.603643 0.442502 0.275357
28140 6.33085 4.81672 2.72789
18302 2.93638 2.54419 2.157
13076 0.802448 0.67002 0.581933
3629 0.408756 0.334888 0.300402
21105 2.98598 2.53856 1.64258
25929 14.444 12.2582 8.64547
8855 0.630707 0.462129 0.286015
28341 6.06525 4.56508 2.50459
18503 2.75665 2.38118 2.02427
13277 0.80726 0.677619 0.591907
23718 9.50196 7.84557 5.24665
3830 0.401665 0.327519 0.293634
21306 3.2572 2.76261 1.76622
26130 14.8658 12.5359 8.78849
9056 0.660736 0.484641 0.297485
28542 6.13344 4.57039 2.42385
18704 2.63174 2.27086 1.91506
13478 0.816932 0.689224 0.599896
21507 3.5353 2.99602 1.90011
23919 9.67768 7.9764 5.38134
26331 15.0865 12.6219 8.75761
4031 0.392057 0.317442 0.286068
9257 0.695803 0.511167 0.310314
28743 6.39779 4.73055 2.43138
18905 2.52042 2.17465 1.81414
13679 0.844976 0.715647 0.619044
21708 3.86049 3.26765 2.05866
24120 9.96212 8.23275 5.57376
26532 14.9497 12.4065 8.49973
4232 0.384639 0.310066 0.279546
9458 0.731371 0.539185 0.326121
28944 6.72036 4.94967 2.46076
19106 2.39492 2.06734 1.7118
13880 0.885311 0.752108 0.646799
21909 4.30058 3.62744 2.27055
26733 14.1927 11.6862 7.87281
9659 0.766881 0.569055 0.346922
4433 0.378485 0.304266 0.274426
29145 7.06676 5.19511 2.48288
24321 10.3123 8.55093 5.80051
19307 2.28931 1.97652 1.61854
14081 0.931969 0.794089 0.683063
22110 4.9097 4.11046 2.56612
26934 12.9907 10.5922 7.01022
9860 0.791122 0.591874 0.36617
4634 0.375122 0.301919 0.273396
29346 7.44867 5.4761 2.49137
24522 10.7194 8.91959 6.05883
19508 2.20143 1.89913 1.53041
14282 0.998945 0.853107 0.734954
27135 11.6504 9.38891 6.08305
22311 5.62657 4.6706 2.9192
30150 8.62555 6.31785 2.58663
4835 0.371758 0.300307 0.270493
29547 7.86343 5.77239 2.51033
24723 11.139 9.30532 6.35988
14483 1.08515 0.928218 0.801803
27336 10.4733 8.34973 5.25731
19709 2.1431 1.8423 1.44769
30351 8.70447 6.38474 2.61854
22512 6.40146 5.27264 3.31709
29748 8.24105 6.03953 2.53171
32763 8.62317 6.424 2.94756
24924 11.6445 9.77591 6.72723
14684 1.20623 1.03255 0.896054
27537 9.31374 7.34322 4.49624
19910 2.16769 1.8512 1.40815
30552 8.83751 6.48759 2.66499
20101 2.18937 1.86428 1.29684
29949 8.47952 6.20855 2.55793
32964 8.34211 6.23953 2.9294
22714 7.02675 5.76281 3.61627
14885 1.34052 1.14916 1.00117
25126 12.2699 10.3752 7.33905
35175 6.55246 5.00726 2.32263
30753 8.97004 6.58551 2.69951
20302 2.30536 1.9642 1.35036
27739 7.04303 5.51871 3.4775
33165 8.17053 6.11649 2.9113
22915 7.55305 6.20368 3.91643
37788 6.72237 5.59621 2.55334
25327 12.8244 10.8658 7.7531
35376 5.93575 4.58918 2.12447
20503 2.43716 2.078 1.41073
30954 9.07714 6.65731 2.7016
27940 6.32819 4.91363 3.02469
33366 8.10766 6.05947 2.89446
37989 7.51377 6.29891 2.88348
23116 8.11912 6.69169 4.27092
25528 13.3513 11.3177 8.14507
35577 5.20062 4.09029 1.90668
20704 2.58622 2.20625 1.47967
31155 9.17292 6.72807 2.72015
38190 8.12625 6.84464 3.14059
28141 5.76108 4.42853 2.65619
23317 8.67171 7.17423 4.63542
33567 8.03773 6.01976 2.87738
25729 13.8865 11.7574 8.48556
35778 4.45063 3.57821 1.68882
20905 2.76998 2.36088 1.57171
31356 9.25332 6.79195 2.74759
38391 8.84582 7.42439 3.48902
25930 14.3218 12.0972 8.72167
28342 5.42693 4.12957 2.41339
23518 9.20018 7.64064 5.00707
35979 4.10404 3.33345 1.55675
33768 7.97975 5.99775 2.86226
21106 2.97575 2.53436 1.6762
31557 9.38543 6.89112 2.789
26131 14.644 12.3267 8.85212
38592 9.62971 8.02556 3.89068
28543 5.4255 4.08928 2.30933
23719 9.43926 7.82415 5.19111
33969 7.93732 5.99648 2.83833
36180 3.9203 3.20215 1.47321
21307 3.19986 2.72511 1.78913
31758 9.49488 6.97452 2.82848
26332 14.6209 12.2457 8.76307
38793 10.4719 8.65396 4.33565
23920 9.58327 7.91839 5.31652
28744 5.61125 4.19695 2.28001
36381 3.95149 3.22961 1.4839
34170 7.9593 6.02498 2.84158
21508 3.46117 2.94677 1.9127
31959 9.50376 6.98885 2.85346
26533 14.195 11.8111 8.3914
38994 11.2774 9.25261 4.77032
28945 5.961 4.44284 2.30631
36582 4.08397 3.33738 1.5294
24121 9.86975 8.17566 5.54239
21709 3.78694 3.21645 2.06288
32160 9.36157 6.9055 2.89208
34371 8.03919 6.07662 2.87163
26734 13.1342 10.828 7.60655
39195 11.8137 9.66382 5.07755
29146 6.34426 4.72062 2.33706
36783 4.32044 3.52851 1.60847
24322 10.2369 8.50971 5.82737
21910 4.26408 3.59599 2.28252
32361 9.10795 6.7489 2.93775
34572 7.83701 5.92596 2.79525
39396 12.2776 10.0302 5.35817
26935 11.9645 9.76972 6.74393
29347 6.76643 5.03106 2.37105
36984 4.55337 3.72592 1.69313
24523 10.6599 8.89399 6.15413
22111 4.92387 4.11329 2.59066
32562 8.87662 6.59422 2.94914
39597 12.6008 10.3077 5.585
34773 7.50856 5.68736 2.67007
29548 7.20533 5.34769 2.42902
27136 10.6947 8.64364 5.84553
37185 4.81549 3.95132 1.79102
24724 11.0657 9.26958 6.48354
22312 5.67154 4.69577 2.94328
30151 8.22483 6.10462 2.66292
34974 7.06763 5.36957 2.50409
39798 12.8954 10.5597 5.78272
29749 7.62471 5.65013 2.49849
27337 9.29909 7.43741 4.9138
37386 5.23124 4.29703 1.94878
24925 11.5752 9.73844 6.86352
22513 6.38947 5.25343 3.28857
30352 8.44025 6.27707 2.743
39999 13.1559 10.7814 5.9431
32764 8.27113 6.17309 2.96459
29950 7.95774 5.89768 2.58015
27538 8.07419 6.39115 4.12418
20102 2.21991 1.8796 1.3328
22715 6.8463 5.63722 3.56488
37587 5.79614 4.7775 2.17107
30553 8.71255 6.48075 2.82996
32965 8.17363 6.11524 2.95057
40200 13.3756 10.9662 6.05624
25127 11.8832 10.0513 7.09692
35176 6.45067 4.87239 2.31741
27740 6.34675 4.98936 3.2932
20303 2.34394 1.98565 1.38954
22916 7.46591 6.17659 3.9209
30754 8.9571 6.66025 2.89688
33166 8.14455 6.08743 2.94727
37789 6.66652 5.55343 2.59118
25328 12.4884 10.5581 7.6036
35377 5.92386 4.52845 2.15008
27941 5.78952 4.51793 2.915
20504 2.49025 2.11081 1.45716
23117 8.14815 6.7704 4.3197
33367 8.14632 6.07351 2.94787
37990 7.38351 6.18007 2.90067
30955 9.13695 6.78526 2.916
25529 13.0609 11.0288 8.06974
35578 5.12079 4.00706 1.92731
28142 5.33454 4.13081 2.60342
20705 2.65841 2.25434 1.53711
23318 8.72543 7.27475 4.67243
33568 8.11195 6.05498 2.94362
31156 9.27995 6.88271 2.92788
38191 7.95881 6.67509 3.16502
35779 4.33322 3.49234 1.71285
25730 13.6571 11.5169 8.4654
28343 4.94669 3.79819 2.3421
20906 2.86497 2.42924 1.64458
23519 9.10605 7.61007 4.93296
33769 8.08387 6.0488 2.93853
31357 9.3997 6.96175 2.93472
38392 8.72285 7.26831 3.54168
35980 4.03763 3.28628 1.61986
25931 14.022 11.7998 8.68447
28544 4.88134 3.72047 2.21999
21107 3.09333 2.62205 1.76502
23720 9.33518 7.8043 5.10034
33970 8.0867 6.07351 2.93486
38593 9.55534 7.89816 3.95746
31558 9.47984 7.01176 2.94179
36181 3.87958 3.17241 1.56579
26132 14.1994 11.9171 8.76368
28745 5.00103 3.78912 2.16869
21308 3.33638 2.82786 1.88975
34171 8.12483 6.10882 2.93436
23921 9.5146 7.95409 5.2412
38794 10.4422 8.56241 4.38993
31759 9.48968 7.0155 2.95019
36382 3.86532 3.16068 1.56231
26333 14.0602 11.757 8.62579
21509 3.61787 3.06123 2.01706
28946 5.33288 4.02938 2.18845
34372 8.13244 6.10811 2.92227
24122 9.74995 8.16452 5.43095
38995 11.1822 9.12129 4.75761
31960 9.37501 6.93657 2.95664
29147 5.71439 4.31019 2.2237
21710 3.96229 3.34037 2.16689
26534 13.5206 11.2414 8.21468
36583 4.027 3.29183 1.59497
34573 7.78537 5.83582 2.79456
24323 10.0176 8.40711 5.64224
39196 11.5825 9.43748 4.97108
32161 9.11279 6.76005 2.97363
29348 6.10419 4.60023 2.26934
21911 4.43527 3.71297 2.37261
36784 4.28384 3.50062 1.65152
34774 7.36131 5.51239 2.64078
26735 12.5413 10.3387 7.49528
24524 10.3219 8.68116 5.88149
39397 11.9107 9.70953 5.1609
32362 8.76876 6.52743 2.99258
29549 6.53259 4.9131 2.35726
22112 5.0199 4.17042 2.64034
36985 4.46148 3.64945 1.71049
24725 10.6661 8.98804 6.1595
39598 12.1495 9.92297 5.31719
26936 11.4359 9.35025 6.67207
34975 6.92561 5.19728 2.48027
32563 8.46433 6.30907 2.978
29750 6.94196 5.21603 2.45987
22313 5.68136 4.68859 2.95393
37186 4.67939 3.83436 1.79345
24926 11.1619 9.42408 6.54717
39799 12.3898 10.1321 5.47039
32765 7.35674 5.51333 2.78795
27137 10.1552 8.22727 5.75507
30152 7.67903 5.78601 2.6977
29951 7.35441 5.52823 2.58273
22514 6.25808 5.14705 3.24639
37387 5.11188 4.19838 1.962
22716 6.70833 5.55087 3.5614
40000 12.6359 10.3429 5.62166
27338 8.56091 6.86005 4.70402
32966 7.44975 5.57141 2.77924
27741 6.06802 4.76282 3.22914
30353 7.98664 6.03265 2.81146
20103 2.26138 1.9067 1.3812
22917 7.40682 6.17071 3.96231
37588 5.74225 4.74142 2.21383
40201 12.8341 10.5125 5.72234
27539 7.29931 5.78983 3.89408
33167 7.5897 5.663 2.80221
27942 5.51437 4.30235 2.86849
30554 8.36984 6.31851 2.92955
20304 2.39631 2.02084 1.44668
23118 8.15396 6.82615 4.38623
35177 6.09049 4.59819 2.22524
37790 6.52201 5.42251 2.59962
25128 11.3673 9.61108 6.75511
28143 5.06001 3.92363 2.56104
33368 7.69039 5.72933 2.82408
30755 8.69311 6.55745 3.02058
20505 2.56321 2.16204 1.52872
23319 8.71979 7.32165 4.71169
35378 5.52928 4.24096 2.0607
37991 7.18421 5.98747 2.91177
25329 12.0233 10.1361 7.35689
28344 4.67213 3.59811 2.28737
33569 7.65858 5.71638 2.82105
30956 8.92948 6.72913 3.06897
20706 2.7581 2.327 1.62449
23520 8.97202 7.54557 4.87339
38192 7.80252 6.49951 3.22472
35579 4.80746 3.77949 1.86359
25530 12.6822 10.666 7.92455
28545 4.61306 3.53886 2.1752
33770 7.59918 5.68583 2.80964
31157 9.09881 6.83159 3.05906
20907 2.98418 2.51761 1.7418
23721 9.20823 7.7665 5.02734
38393 8.58991 7.0995 3.62012
25731 13.3218 11.1926 8.37999
28746 4.70896 3.60127 2.1277
31358 9.22755 6.89736 3.02736
35780 4.17083 3.36943 1.69057
33971 7.52639 5.64668 2.79056
23922 9.42829 7.97523 5.17784
21108 3.2339 2.72675 1.86937
38594 9.42824 7.73248 4.02139
25932 13.6054 11.4075 8.57569
28947 4.95973 3.78375 2.13796
31559 9.24445 6.88573 2.98693
34172 7.55446 5.66778 2.78295
35981 3.93841 3.20939 1.62284
38795 10.344 8.42797 4.41828
24123 9.59776 8.12805 5.30872
21309 3.50662 2.95208 2.00473
29148 5.241 3.99387 2.15686
26133 13.6498 11.4125 8.59493
31760 9.13671 6.79596 2.95412
36182 3.81435 3.12026 1.58741
34373 7.5625 5.66581 2.76124
38996 10.9907 8.92855 4.70192
24324 9.74823 8.26299 5.42178
21510 3.81495 3.20045 2.136
29349 5.54284 4.2217 2.18979
31961 8.91698 6.63803 2.9346
26334 13.4501 11.2083 8.41897
36383 3.78784 3.09779 1.58096
24525 9.91511 8.40918 5.54397
21711 4.167 3.4799 2.27926
39197 11.3594 9.22951 4.87001
34574 7.2937 5.44676 2.64931
29550 5.87164 4.46863 2.27423
26535 12.9951 10.7769 8.0555
32162 8.61239 6.42341 2.91807
36584 3.95412 3.23234 1.61392
24726 10.1983 8.64664 5.75833
21912 4.5978 3.81635 2.45697
39398 11.6166 9.45134 4.9985
34775 6.96209 5.19199 2.52077
32363 8.2064 6.13557 2.89112
26736 12.2774 10.115 7.50215
29751 6.19832 4.71708 2.37033
36785 4.18636 3.42108 1.66276
22113 5.09572 4.21006 2.68337
24927 10.6692 9.03688 6.1496
39599 11.8025 9.62108 5.10601
34976 6.59109 4.92789 2.38293
32564 7.62161 5.71118 2.82751
26937 11.1811 9.14562 6.67742
29952 6.54431 4.98307 2.47683
36986 4.34271 3.54945 1.71627
22314 5.63357 4.64002 2.94738
22717 6.71409 5.57816 3.64998
39800 11.9655 9.76782 5.21439
32766 6.47351 4.88319 2.58012
30153 6.85199 5.22764 2.5786
27138 9.84058 7.97877 5.71207
27742 5.88297 4.62051 3.23527
37187 4.57655 3.74536 1.80773
22515 6.12724 5.04842 3.22753
22918 7.294 6.09468 3.97423
40001 12.1115 9.89745 5.31517
32967 6.57978 4.94153 2.56735
30354 7.13965 5.45968 2.67869
27339 8.19837 6.56924 4.60832
27943 5.26741 4.11199 2.8309
20104 2.30756 1.94505 1.44108
37388 5.01883 4.12027 1.98632
23119 7.92795 6.65947 4.35713
40202 12.2327 10.0001 5.39159
33168 6.768 5.06774 2.59953
30555 7.47731 5.72255 2.78792
27540 6.984 5.53564 3.81402
28144 4.77587 3.70674 2.491
20305 2.47272 2.08271 1.53461
37589 5.68588 4.69572 2.25726
33369 6.92145 5.17594 2.63204
23320 8.4391 7.11806 4.67426
37791 6.25955 5.1739 2.57458
30756 7.81699 5.9768 2.89368
25129 10.9139 9.2013 6.61354
28345 4.405 3.40142 2.21686
20506 2.65808 2.23785 1.63467
35178 5.55332 4.22212 2.08491
23521 8.74756 7.40169 4.87614
37992 6.87569 5.68819 2.90341
33570 6.94139 5.19997 2.63908
30957 8.09378 6.17609 2.97483
25330 11.5559 9.69928 7.23106
28546 4.35191 3.35546 2.10516
20707 2.87806 2.42226 1.74998
35379 4.9747 3.85846 1.92442
23722 9.03592 7.66223 5.03998
38193 7.5296 6.22034 3.27353
33771 6.86745 5.15216 2.61834
31158 8.07495 6.13862 2.92399
25531 12.1887 10.1975 7.78591
28747 4.42828 3.4102 2.05574
35580 4.42732 3.51138 1.76975
20908 3.13173 2.63314 1.87754
23923 9.26204 7.86732 5.16646
38394 8.32697 6.83723 3.74471
33972 6.74941 5.06904 2.58255
31359 8.08437 6.11628 2.86728
25732 12.7887 10.6867 8.20697
28948 4.63614 3.5633 2.06276
35781 4.00354 3.2392 1.6469
21109 3.39997 2.85164 2.00301
24124 9.35142 7.95219 5.22836
38595 9.05756 7.40012 4.13952
31560 8.28596 6.2351 2.86742
34173 6.80222 5.10284 2.57438
29149 4.84797 3.72331 2.07772
24325 9.49122 8.07133 5.33804
25933 13.0442 10.8795 8.38587
21310 3.68288 3.07529 2.12416
35982 3.81511 3.11223 1.58543
38796 9.7584 7.94187 4.45336
34374 6.80073 5.09176 2.54341
31761 8.16486 6.13447 2.83316
29350 5.07119 3.89425 2.10808
24526 9.67285 8.22109 5.48543
36183 3.73237 3.05328 1.55703
21511 4.0016 3.32395 2.24439
38997 10.2672 8.34366 4.66735
26134 13.1289 10.9296 8.4348
34575 6.66028 4.96907 2.46451
31962 7.84066 5.89738 2.78287
29551 5.30056 4.07244 2.18079
24727 9.94593 8.44294 5.68985
36384 3.72213 3.04384 1.55175
21712 4.32777 3.57663 2.36635
34776 6.40463 4.77939 2.35784
26335 13.0528 10.8494 8.35794
32163 7.54582 5.68314 2.75571
39198 10.6719 8.67243 4.81954
29752 5.53809 4.25655 2.25952
24928 10.3524 8.76377 6.06005
36585 3.84035 3.13808 1.58733
21913 4.67225 3.84188 2.50459
34977 6.08177 4.55844 2.23828
26536 12.5684 10.408 7.97812
32364 7.19176 5.42433 2.7146
39399 10.9862 8.93653 4.91994
22718 6.67697 5.54967 3.67252
36786 4.01696 3.28087 1.64244
29953 5.78737 4.45053 2.34114
22114 5.06664 4.16635 2.6909
32767 5.58017 4.25242 2.35165
26737 11.737 9.65979 7.33936
32565 6.67594 5.04366 2.63252
39600 11.2423 9.15631 5.00213
22919 7.19381 6.01095 3.96375
36987 4.25002 3.47255 1.72515
22315 5.53046 4.5591 2.93733
27743 5.72076 4.4991 3.25169
32968 5.5601 4.22158 2.32233
26938 10.4704 8.53804 6.39465
30154 6.01256 4.63463 2.41339
39801 11.3879 9.28555 5.06871
23120 7.72426 6.49341 4.30133
37188 4.58712 3.75293 1.85838
22516 6.12521 5.06493 3.30425
27944 4.99474 3.89941 2.76245
33169 5.68543 4.3043 2.34304
27139 9.15786 7.39257 5.44273
30355 6.23569 4.81912 2.48697
23321 8.19879 6.92849 4.61264
37389 5.04845 4.13959 2.05019
20105 2.37759 2.01067 1.51738
40002 11.5097 9.39208 5.12939
28145 4.48505 3.48287 2.4002
33370 5.81753 4.39803 2.36968
27340 7.77717 6.21095 4.48638
30556 6.48587 5.0229 2.57209
23522 8.58091 7.28186 4.86593
37590 5.61674 4.62411 2.29144
20306 2.5684 2.16784 1.62986
40203 11.5893 9.45622 5.18102
28346 4.13802 3.20259 2.13113
33571 5.92786 4.48332 2.39415
27541 6.73881 5.33535 3.79454
30757 6.78631 5.25115 2.6779
35179 4.63467 3.6149 1.84915
23723 8.87325 7.54223 5.02921
20507 2.77877 2.34029 1.74532
37792 6.07344 4.98364 2.57843
28547 4.0788 3.15737 2.01128
33772 5.86124 4.43195 2.36076
25130 10.4549 8.76923 6.53035
30958 7.02539 5.4234 2.76456
23924 9.06898 7.71629 5.13106
35380 4.23889 3.36802 1.73462
20708 3.00649 2.52585 1.8603
33973 5.76525 4.35516 2.31399
25331 11.0747 9.24669 7.12957
28748 4.15147 3.2125 1.95957
37993 6.70918 5.50075 2.9503
31159 6.8326 5.26463 2.68797
24125 9.10922 7.75908 5.15665
35581 3.93399 3.17272 1.64313
20909 3.28968 2.75349 1.98352
25532 11.6973 9.73897 7.66289
34174 5.78922 4.36232 2.29256
38194 7.36388 6.02768 3.36646
28949 4.34116 3.35391 1.9674
24326 9.23021 7.85448 5.27559
31360 6.80419 5.22072 2.64175
35782 3.72906 3.03791 1.57705
21110 3.56708 2.97216 2.09372
25733 12.2496 10.1911 8.04252
38395 8.09283 6.60363 3.86947
34375 5.80515 4.36667 2.26598
29150 4.50906 3.4803 1.98765
31561 7.15412 5.45087 2.69179
24527 9.41911 7.99871 5.45635
35983 3.61987 2.96168 1.53631
21311 3.83039 3.17384 2.18634
25934 12.5116 10.3948 8.21307
38596 8.64015 7.04098 4.22371
34576 5.69848 4.28621 2.20174
29351 4.67717 3.60871 2.02089
36184 3.59313 2.94171 1.5226
31762 6.96405 5.30236 2.64881
24728 9.6859 8.20474 5.68163
21512 4.16549 3.43298 2.30097
26135 12.6323 10.4824 8.27751
38797 9.05533 7.37482 4.46693
29552 4.83835 3.7361 2.07618
36385 3.61817 2.96006 1.52735
34777 5.42148 4.10711 2.09698
31963 6.52327 4.97894 2.56797
24929 10.0342 8.46309 6.04645
21713 4.48946 3.68454 2.41769
26336 12.6098 10.4598 8.2399
38998 9.44893 7.69171 4.64426
29753 4.97893 3.84263 2.12674
34978 5.05645 3.87696 1.9732
36586 3.72904 3.04803 1.56848
22719 6.61055 5.47832 3.63689
32164 6.27431 4.79295 2.544
21914 4.75921 3.89492 2.53017
26537 12.0491 9.96265 7.80396
39199 9.84563 8.0119 4.79281
29954 5.11696 3.94613 2.17402
32768 4.79589 3.70214 2.1611
36787 3.91437 3.19837 1.63609
22920 7.1119 5.9252 3.93206
32365 6.02493 4.60378 2.49952
26738 11.0541 9.08154 7.05518
22115 5.09112 4.17757 2.69995
39400 10.2515 8.34333 4.89338
27744 5.44942 4.27967 3.15067
32969 4.78189 3.68424 2.14489
36988 4.19675 3.43052 1.73837
32566 5.72224 4.3715 2.40921
26939 9.69318 7.87318 6.05103
23121 7.58408 6.36313 4.23472
22316 5.51492 4.54676 2.94452
39601 10.5712 8.60715 4.97484
27945 4.68962 3.65056 2.61903
33170 4.8991 3.76569 2.16896
37189 4.59049 3.75579 1.89651
30155 5.22473 4.04095 2.201
27140 8.4322 6.76993 5.13142
23322 8.04297 6.7886 4.53905
39802 10.7309 8.74345 5.02929
22517 6.11542 5.06019 3.3344
28146 4.16467 3.22756 2.24395
33371 5.02475 3.85533 2.19674
30356 5.33293 4.13549 2.23126
37390 5.05611 4.14124 2.09276
27341 7.37566 5.86982 4.37296
23523 8.46896 7.17995 4.82794
40003 10.8407 8.83501 5.08258
28347 3.81398 2.95117 1.98031
20106 2.46449 2.0957 1.60506
33572 5.13152 3.93326 2.21963
30557 5.41008 4.20147 2.26156
37591 5.54635 4.54739 2.3179
27542 6.51117 5.15099 3.78168
23724 8.71496 7.40023 4.97762
40204 10.9231 8.89979 5.13518
28548 3.72944 2.88833 1.87316
20307 2.67424 2.26613 1.72663
33773 5.09946 3.90029 2.18847
30758 5.5582 4.31612 2.31649
35180 3.86624 3.10831 1.65576
25131 10.0421 8.35342 6.53869
37793 6.18136 5.03481 2.68505
23925 8.85763 7.52901 5.06259
20508 2.89939 2.44557 1.84352
33974 5.038 3.84339 2.14402
30959 5.72188 4.439 2.37401
35381 3.64812 2.9718 1.58395
28749 3.76009 2.91358 1.83315
25332 10.6064 8.80196 7.07132
37994 6.90121 5.60537 3.09858
24126 8.87891 7.55508 5.09199
20709 3.13359 2.62862 1.94906
34175 5.03701 3.82914 2.11058
28950 3.86843 2.99766 1.83815
31160 5.73015 4.44049 2.36745
38195 7.52464 6.10183 3.48786
35582 3.53103 2.89214 1.53977
24327 8.97125 7.61423 5.23008
25533 11.2133 9.3078 7.55736
20910 3.43673 2.86196 2.05425
34376 4.99633 3.7974 2.06395
29151 3.9884 3.09436 1.86753
31361 5.77613 4.46558 2.37604
38396 8.08846 6.55328 3.86789
25734 11.8009 9.81724 7.94834
24528 9.1162 7.70546 5.42989
21111 3.7067 3.06693 2.13656
35783 3.46115 2.84016 1.50894
34577 4.89716 3.73583 2.00067
29352 4.12527 3.20302 1.90972
31562 5.92982 4.56711 2.42237
38597 8.53026 6.92169 4.17103
25935 12.12 10.0797 8.11745
24729 9.35444 7.8673 5.70792
35984 3.42287 2.80856 1.48796
21312 3.93891 3.24039 2.1964
34778 4.56281 3.53268 1.88155
29553 4.29664 3.33578 1.96954
31763 5.66164 4.36669 2.37295
38798 8.90897 7.24161 4.42118
26136 12.1782 10.1126 8.09881
24930 9.66459 8.08282 6.08568
36185 3.4431 2.82243 1.48888
34979 4.17994 3.30018 1.75474
21513 4.29213 3.51666 2.31212
31964 5.2893 4.09213 2.30096
29754 4.4464 3.44797 2.0266
38999 9.25568 7.53329 4.60404
26337 11.8617 9.82167 7.81449
22720 6.54726 5.41197 3.61021
36386 3.50455 2.86965 1.50691
32769 4.12233 3.2313 2.00237
29955 4.58746 3.55254 2.07534
21714 4.63088 3.78598 2.43559
32165 5.10408 3.95209 2.2723
26538 11.1094 9.15247 7.23718
22921 7.04673 5.8511 3.90883
39200 9.56768 7.79182 4.74224
32970 4.15922 3.25943 2.01042
36587 3.62979 2.9697 1.55372
32366 4.97389 3.84992 2.23985
27745 5.11719 4.01351 2.99581
21915 4.85419 3.96951 2.53916
26739 10.1093 8.26884 6.49066
23122 7.50581 6.27656 4.19871
39401 9.83083 8.00401 4.81036
33171 4.29129 3.35752 2.04491
32567 4.87062 3.76508 2.19532
36788 3.85348 3.15229 1.63705
27946 4.35064 3.37858 2.44095
22116 5.16792 4.23996 2.71582
26940 9.02646 7.31729 5.68863
39602 10.0488 8.18098 4.87455
23323 7.92693 6.66876 4.47572
33372 4.40035 3.43648 2.07421
30156 4.70479 3.64689 2.09618
36989 4.16001 3.40417 1.75107
28147 3.84733 2.97613 2.08022
27141 7.95151 6.38601 4.91457
22317 5.56112 4.57999 2.95758
39803 10.204 8.30877 4.93408
23524 8.31418 7.0279 4.73997
33573 4.49374 3.5014 2.09637
30357 4.76145 3.697 2.10611
37190 4.57775 3.74701 1.91562
28348 3.50867 2.71213 1.83615
22518 6.09103 5.02771 3.31409
27342 6.95993 5.53977 4.21514
23725 8.52306 7.21752 4.88399
33774 4.52236 3.51068 2.08317
40004 10.3206 8.399 4.99335
30558 4.75305 3.69702 2.10836
28549 3.39496 2.62642 1.74251
37391 5.0515 4.13352 2.11431
27543 6.18449 4.89054 3.66896
20107 2.5493 2.17635 1.68332
23926 8.64646 7.32701 4.98836
30759 4.79195 3.73046 2.11848
40205 10.4129 8.46836 5.05564
33975 4.53424 3.5067 2.0588
37592 5.58025 4.55614 2.37017
28750 3.36525 2.60721 1.70701
25132 9.85259 8.15993 6.52928
20308 2.72656 2.31179 1.76926
24127 8.68612 7.35773 5.06811
30960 4.85077 3.77816 2.1348
37794 6.27129 5.08418 2.78612
35181 3.58277 2.91655 1.59844
28951 3.39255 2.63379 1.71067
34176 4.54294 3.5011 2.02625
25333 10.3933 8.60788 7.01181
20509 2.93305 2.46917 1.85687
24328 8.76359 7.39588 5.21908
31161 4.91569 3.82918 2.15435
37995 7.05635 5.69638 3.22699
35382 3.44363 2.82481 1.53953
29152 3.46736 2.70329 1.74984
20710 3.16366 2.6453 1.94366
25534 10.9569 9.08916 7.45259
24529 8.89104 7.46538 5.42407
34377 4.45906 3.44612 1.96395
38196 7.59989 6.13091 3.55149
31362 4.92296 3.83625 2.17513
35583 3.36067 2.76448 1.49503
29353 3.59146 2.80554 1.80434
20911 3.41729 2.83526 2.01493
25735 11.4984 9.56144 7.82159
34578 4.30342 3.35168 1.88037
24730 9.12483 7.61993 5.71089
38397 8.05417 6.50195 3.83856
31563 4.85486 3.78655 2.18796
35784 3.3009 2.7172 1.46295
29554 3.77511 2.94552 1.87377
25936 11.7319 9.75404 7.93251
34779 4.03784 3.1937 1.77121
38598 8.45952 6.85165 4.11508
21112 3.6866 3.03546 2.09019
35985 3.26586 2.68796 1.44238
24931 9.44848 7.85279 6.0885
31764 4.55519 3.56602 2.12704
29755 3.99319 3.11171 1.95877
26137 11.6875 9.7 7.83695
34980 3.77479 3.03554 1.66967
38799 8.8358 7.17868 4.36486
21313 3.96624 3.24355 2.17668
36186 3.307 2.71903 1.45362
31965 4.27055 3.35528 2.06183
29956 4.19364 3.26227 2.03114
22721 6.47377 5.33826 3.58225
26338 11.2773 9.32433 7.48178
39000 9.15835 7.45865 4.54893
32770 3.77458 2.98075 1.92463
21514 4.29827 3.50447 2.30693
36387 3.39123 2.78455 1.48358
32166 4.1314 3.24902 2.02173
27746 4.70191 3.69044 2.7743
22922 6.97798 5.77587 3.8858
26539 10.4887 8.62465 6.88911
32971 3.86894 3.05203 1.96247
39201 9.37473 7.64202 4.66181
21715 4.62423 3.76742 2.44549
32367 4.10258 3.22215 2.00788
36588 3.52569 2.89084 1.53538
27947 3.94928 3.07071 2.22125
23123 7.43275 6.19286 4.1677
26740 9.55278 7.80244 6.20185
33172 3.98597 3.14095 2.00385
32568 4.13003 3.23672 2.00702
21916 4.8996 3.99824 2.57381
36789 3.80875 3.12246 1.64376
39402 9.47026 7.71582 4.69398
28148 3.56749 2.75949 1.93564
26941 8.6033 6.97962 5.497
23324 7.81493 6.54849 4.41472
33373 4.09541 3.22184 2.03908
30157 4.36666 3.38677 2.06724
22117 5.1976 4.25423 2.74764
36990 4.1512 3.40386 1.77484
28349 3.3214 2.56258 1.75639
27142 7.62918 6.14211 4.80441
39603 9.60555 7.82171 4.74711
23525 8.13543 6.84892 4.63483
33574 4.18359 3.28555 2.0643
22318 5.54941 4.55744 2.97218
30358 4.45835 3.45952 2.0898
37191 4.54416 3.72471 1.92881
28550 3.14876 2.42863 1.64427
33775 4.23369 3.31803 2.06378
23726 8.32889 7.02584 4.79124
27343 6.66874 5.32141 4.13631
39804 9.75708 7.94042 4.8107
37392 5.00156 4.09207 2.12731
22519 6.04127 4.97576 3.29674
28751 3.11026 2.40186 1.61263
30559 4.49169 3.49458 2.10208
33976 4.24327 3.31998 2.03833
23927 8.45817 7.13376 4.93625
40005 9.91226 8.05362 4.87708
27544 5.89353 4.66465 3.56692
37593 5.58518 4.54887 2.4186
28952 3.14969 2.4368 1.62756
30760 4.50362 3.50775 2.09323
20108 2.59681 2.22168 1.72683
24128 8.52818 7.17327 5.08446
34177 4.20754 3.28958 1.98856
40206 10.0638 8.17053 4.95246
25133 9.81322 8.11435 6.51938
29153 3.27761 2.54152 1.69111
35182 3.35576 2.75313 1.55852
30961 4.49324 3.50465 2.08598
20309 2.73855 2.31853 1.76913
24329 8.5932 7.1901 5.25023
34378 4.07451 3.20117 1.90422
35383 3.27711 2.69785 1.51319
25334 10.375 8.60089 6.9699
29354 3.43459 2.66705 1.76293
37795 6.32787 5.12172 2.87615
31162 4.43813 3.47102 2.08756
20510 2.92147 2.44954 1.82296
24530 8.71442 7.25334 5.44842
34579 3.89558 3.0872 1.80673
35584 3.21985 2.65449 1.47175
29555 3.62671 2.8177 1.84531
25535 10.8852 9.0372 7.36255
31363 4.31949 3.38936 2.07253
20711 3.14061 2.61231 1.88849
24731 8.9531 7.42186 5.70813
37996 7.10272 5.72638 3.30459
34780 3.66237 2.94464 1.69677
35785 3.16694 2.61277 1.43767
25736 11.2944 9.38087 7.66301
29756 3.86474 3.00538 1.95699
31564 4.16065 3.27677 2.04443
20912 3.34544 2.76272 1.93636
24932 9.33757 7.72393 6.08426
34981 3.47572 2.82986 1.61199
35986 3.14765 2.59734 1.42125
38197 7.56751 6.11053 3.57618
25937 11.3311 9.40273 7.65968
31765 3.92011 3.10143 1.97557
29957 4.08375 3.17473 2.05423
21113 3.59506 2.94733 2.01108
32771 3.57394 2.83745 1.89968
22722 6.33765 5.21327 3.52915
38398 7.97617 6.45888 3.82603
36187 3.19413 2.6341 1.43592
31966 3.72703 2.95899 1.91262
27747 4.36186 3.43197 2.59292
26138 11.206 9.28364 7.53403
21314 3.91141 3.18407 2.12981
22923 6.83966 5.65267 3.83562
32972 3.70007 2.93276 1.95563
38599 8.36278 6.80163 4.07743
36388 3.29595 2.71417 1.47324
32167 3.62525 2.88141 1.86821
27948 3.60193 2.80738 2.02923
26339 10.9213 9.02495 7.29706
21515 4.21054 3.42051 2.27358
23124 7.28785 6.05807 4.11487
33173 3.81673 3.02191 2.00557
38800 8.69995 7.09668 4.28647
28149 3.29761 2.55649 1.79959
32368 3.63261 2.88127 1.86724
36589 3.45077 2.83675 1.53278
23325 7.68533 6.42075 4.37281
21716 4.52682 3.67836 2.42975
26540 10.2679 8.45236 6.83009
33374 3.92917 3.10632 2.04823
