15075 1.07267 0.896044 0.823438
10050 0.49641 0.391172 0.310571
0 0.262026 0.217228 0.202802
17487 2.51782 2.15319 1.94712
12462 1.7927 1.40292 1.02209
2412 0.410092 0.341731 0.329849
5025 0.369857 0.31547 0.300421
7437 0.381674 0.307927 0.2557
15276 1.08215 0.908264 0.853551
201 0.270356 0.224059 0.211077
10251 0.521707 0.411995 0.325382
17688 2.56366 2.1945 1.98281
7638 0.393293 0.316264 0.260807
12663 1.73203 1.36268 1.00208
2613 0.396992 0.32992 0.317245
5226 0.361923 0.307697 0.289497
15477 1.12252 0.94651 0.899873
402 0.281728 0.233762 0.22147
10452 0.564102 0.447157 0.352975
7839 0.404994 0.325191 0.266595
17889 2.54411 2.17957 1.96306
12864 1.64472 1.30247 0.962309
2814 0.381366 0.315061 0.301741
5427 0.352824 0.298705 0.277098
15678 1.17894 0.998696 0.956012
603 0.298038 0.248284 0.235505
10653 0.655447 0.519806 0.410429
8040 0.416053 0.334394 0.272567
18090 2.43134 2.08192 1.84577
13065 1.53852 1.2277 0.910917
5628 0.342305 0.288848 0.264534
3015 0.367934 0.30213 0.288611
15879 1.25159 1.06543 1.02272
804 0.318323 0.266644 0.252554
10854 0.768267 0.60886 0.479375
8241 0.429769 0.344438 0.279366
18291 2.32521 1.99011 1.73068
13266 1.40186 1.12822 0.848522
3216 0.362564 0.297052 0.284767
5829 0.333761 0.280499 0.252881
16080 1.35307 1.15627 1.10456
1005 0.340386 0.285324 0.271442
11055 0.898781 0.711334 0.556553
8442 0.445927 0.355298 0.286985
13467 1.27899 1.03774 0.797349
18492 2.22922 1.90822 1.62468
6030 0.329767 0.275551 0.244678
3417 0.361373 0.296407 0.285584
16281 1.47812 1.26548 1.19965
1206 0.362984 0.303652 0.290694
11256 1.04432 0.824464 0.638053
8643 0.455084 0.362036 0.292444
18693 2.12247 1.81599 1.4972
13668 1.18819 0.969774 0.766325
6231 0.33348 0.277025 0.244818
3618 0.365493 0.301553 0.292362
16482 1.66608 1.42277 1.34001
11457 1.21954 0.959275 0.732074
1407 0.389774 0.32372 0.311736
8844 0.461965 0.367031 0.297089
18894 2.03258 1.73759 1.38049
13869 1.12913 0.92462 0.742779
6432 0.342268 0.282565 0.249608
3819 0.369288 0.306952 0.297856
16683 1.85806 1.58285 1.48104
11658 1.39927 1.09663 0.824846
1608 0.410709 0.33933 0.328297
9045 0.466871 0.369868 0.300875
14070 1.08683 0.892936 0.729917
6633 0.353658 0.289298 0.250696
19095 1.97321 1.68463 1.28736
4020 0.373567 0.313246 0.303366
16884 2.0308 1.72762 1.6049
11859 1.58776 1.24024 0.918339
1809 0.418397 0.345911 0.335426
9246 0.468624 0.37024 0.301498
14271 1.06769 0.881318 0.738591
19296 1.95886 1.66978 1.23763
6834 0.362923 0.294929 0.250994
4221 0.376249 0.317769 0.307086
17085 2.21385 1.88849 1.73054
12060 1.76321 1.37412 1.00267
9447 0.469028 0.369686 0.300384
2010 0.421155 0.349143 0.338668
14472 1.06464 0.881736 0.758453
19497 1.97788 1.68456 1.21629
7035 0.365513 0.296972 0.250263
17286 2.3841 2.03821 1.84879
4422 0.378591 0.321709 0.310565
12261 1.80567 1.40887 1.02427
9648 0.476902 0.376295 0.304578
2211 0.418968 0.349006 0.33787
14673 1.068 0.8872 0.783464
19698 2.04616 1.74399 1.22949
10051 0.514462 0.401316 0.313976
4623 0.378684 0.323029 0.311759
15076 1.0486 0.886323 0.832956
9849 0.486421 0.384027 0.308759
7236 0.371932 0.301373 0.251953
1 0.294534 0.244991 0.233075
14874 1.06938 0.890272 0.801391
19899 2.12062 1.80886 1.25788
10252 0.549605 0.429533 0.33477
4824 0.3758 0.320947 0.308587
15277 1.07305 0.909086 0.870406
7438 0.396763 0.316996 0.259186
5026 0.381265 0.328413 0.307698
12463 1.93377 1.51462 1.12162
202 0.305061 0.252907 0.242057
17488 2.533 2.15939 1.95621
10453 0.603169 0.47288 0.368586
2413 0.392634 0.327205 0.315479
15478 1.117 0.948666 0.917174
7639 0.408986 0.3264 0.266162
12664 1.77597 1.40237 1.07852
403 0.316223 0.261868 0.250665
5227 0.371627 0.318516 0.291963
17689 2.60261 2.21989 2.00969
10654 0.739151 0.578364 0.446512
2614 0.387006 0.321993 0.31037
15679 1.17782 1.0027 0.972166
7840 0.421868 0.336472 0.273963
12865 1.61605 1.28733 1.0119
5428 0.362414 0.308673 0.276877
604 0.330018 0.273548 0.261085
17890 2.61283 2.22874 2.00837
15880 1.25555 1.07165 1.03128
10855 0.916161 0.714408 0.545422
2815 0.380604 0.315579 0.304142
8041 0.432623 0.345438 0.280338
13066 1.45929 1.17335 0.928037
5629 0.352307 0.29843 0.263675
805 0.344704 0.286884 0.272047
18091 2.4905 2.12231 1.86274
16081 1.35802 1.16219 1.10232
3016 0.374657 0.309527 0.298487
8242 0.444033 0.353947 0.286493
11056 1.11252 0.864032 0.652676
5830 0.344804 0.29018 0.253207
13267 1.3161 1.06804 0.851894
1006 0.359628 0.29924 0.283907
16282 1.48647 1.2738 1.1902
18292 2.36202 2.01285 1.72225
3217 0.373937 0.309048 0.29902
8443 0.457211 0.362581 0.292789
6031 0.343902 0.286727 0.24778
11257 1.32204 1.02306 0.762898
1207 0.374561 0.310794 0.296469
13468 1.19623 0.980072 0.792481
16483 1.66938 1.42439 1.32537
18493 2.23698 1.90785 1.59319
3418 0.375638 0.311292 0.302158
8644 0.463469 0.366837 0.296002
6232 0.349929 0.288896 0.248335
11458 1.53601 1.18618 0.873989
13669 1.12425 0.928132 0.766979
1408 0.388168 0.320576 0.30719
16684 1.85989 1.58105 1.46608
18694 2.10867 1.79682 1.44632
3619 0.381633 0.318471 0.309798
8845 0.466373 0.368753 0.297547
13870 1.07948 0.895397 0.753021
11659 1.75393 1.35403 0.985217
6433 0.36104 0.295436 0.253534
3820 0.387171 0.325575 0.316778
18895 2.00537 1.70662 1.32466
16885 2.06789 1.75362 1.61837
1609 0.398076 0.327683 0.315035
9046 0.468091 0.369192 0.298109
11860 1.93872 1.49821 1.07874
14071 1.04776 0.872671 0.74733
6634 0.372183 0.301662 0.255698
4021 0.391942 0.332238 0.322888
1810 0.399717 0.329861 0.317607
19096 1.94539 1.65297 1.2436
17086 2.26322 1.9232 1.761
9247 0.467525 0.367466 0.296009
12061 2.05729 1.59386 1.13933
14272 1.03656 0.866444 0.754739
4222 0.396398 0.338677 0.329405
6835 0.381639 0.306733 0.256208
2011 0.398612 0.330208 0.318172
19297 1.93855 1.64625 1.21036
17287 2.4266 2.06663 1.87979
9448 0.465856 0.3645 0.292158
12262 2.03233 1.58187 1.14423
14473 1.0274 0.863281 0.769531
7036 0.383741 0.307594 0.254744
4423 0.398979 0.343182 0.334013
19498 1.96151 1.6665 1.20323
9649 0.476941 0.372528 0.296528
10052 0.546832 0.422542 0.323771
15077 1.03507 0.883796 0.833154
14674 1.02281 0.863686 0.788417
2212 0.396923 0.330274 0.318415
7237 0.389017 0.311071 0.255701
4624 0.396894 0.342624 0.331743
19699 2.01977 1.71874 1.22148
15278 1.06843 0.911587 0.869409
9850 0.493657 0.385385 0.304525
10253 0.597938 0.462978 0.353996
2 0.346894 0.290068 0.279577
14875 1.03266 0.872235 0.807374
5027 0.386966 0.334854 0.311554
19900 2.09727 1.7857 1.25431
4825 0.391596 0.338397 0.324119
7439 0.41398 0.328372 0.264502
15479 1.11309 0.952925 0.905883
12464 2.03924 1.60473 1.23609
203 0.357618 0.297299 0.287291
10454 0.67842 0.526008 0.400852
17489 2.67064 2.28224 2.05618
2414 0.377285 0.314355 0.302572
5228 0.381 0.327416 0.297774
7640 0.425944 0.337939 0.271764
15680 1.17498 1.01018 0.950567
404 0.365896 0.302894 0.291847
10655 0.85644 0.662419 0.497706
12665 1.83919 1.45941 1.1718
17690 2.71156 2.31605 2.0747
2615 0.379287 0.315882 0.304798
5429 0.378324 0.322381 0.288013
7841 0.439722 0.348357 0.280476
15881 1.28135 1.10235 1.02823
605 0.375405 0.309868 0.297229
10856 1.07392 0.827864 0.614049
12866 1.63777 1.3126 1.08505
17891 2.69118 2.29556 2.03547
2816 0.380373 0.316495 0.306151
5630 0.373463 0.315581 0.277997
16082 1.40761 1.20969 1.12049
8042 0.447735 0.355048 0.286253
806 0.377472 0.311625 0.296492
11057 1.32665 1.01796 0.746076
13067 1.44004 1.16718 0.972955
18092 2.59374 2.20888 1.89971
5831 0.369262 0.309233 0.269287
3017 0.380736 0.316475 0.306828
8243 0.454485 0.36042 0.290994
1007 0.379804 0.31323 0.29697
16283 1.55708 1.33527 1.22964
11258 1.57578 1.20605 0.874222
13268 1.28079 1.04887 0.881139
18293 2.49059 2.11872 1.76217
6032 0.372598 0.308539 0.267319
3218 0.382619 0.318579 0.309523
8444 0.461215 0.364869 0.294934
1208 0.382309 0.314501 0.299463
16484 1.7242 1.47292 1.35214
11459 1.82152 1.39316 1.00076
13469 1.15338 0.954198 0.808954
18494 2.38788 2.03012 1.63275
6233 0.377938 0.309554 0.266346
3419 0.38534 0.321861 0.313172
1409 0.382976 0.314765 0.300454
8645 0.463653 0.366143 0.295675
11660 2.0524 1.57413 1.12873
16685 1.92342 1.63886 1.50112
13670 1.08146 0.902297 0.77568
18695 2.27271 1.92999 1.5046
6434 0.383325 0.311343 0.264686
3620 0.390002 0.327751 0.318709
8846 0.463983 0.365752 0.294473
1610 0.381353 0.313774 0.299697
11861 2.22633 1.71463 1.23343
16886 2.16626 1.84432 1.68641
13871 1.02716 0.863674 0.752593
18896 2.16643 1.83713 1.39523
6635 0.387719 0.311633 0.260222
3821 0.394269 0.333593 0.324021
9047 0.463484 0.364411 0.291177
1811 0.377947 0.312231 0.298362
12062 2.30811 1.78861 1.29969
17087 2.37998 2.02903 1.84747
14072 0.984229 0.834278 0.737899
19097 2.06965 1.75225 1.30884
6836 0.391807 0.311658 0.25544
4022 0.397395 0.338797 0.328689
12263 2.21253 1.72713 1.28727
9248 0.462945 0.362506 0.287316
2012 0.374612 0.310881 0.297302
14273 0.978834 0.833063 0.74351
17288 2.56627 2.19139 1.98516
19298 2.01953 1.70867 1.2606
7037 0.39942 0.316052 0.25729
4223 0.399649 0.343428 0.333291
10053 0.606503 0.465465 0.346223
9449 0.462587 0.359744 0.282556
2213 0.375509 0.312436 0.299724
14474 0.981265 0.837889 0.759098
19499 2.00564 1.69661 1.23725
7238 0.407596 0.321985 0.260905
15078 1.02636 0.884147 0.826389
4424 0.401234 0.347406 0.337477
10254 0.698935 0.536631 0.39612
9650 0.480214 0.371657 0.288911
3 0.392689 0.328768 0.318328
14675 0.987667 0.84564 0.780535
5028 0.390097 0.337856 0.313295
4625 0.398996 0.346697 0.334399
19700 2.04542 1.73146 1.24974
15279 1.06686 0.916549 0.859973
10455 0.825645 0.633844 0.464103
9851 0.508052 0.392247 0.302353
204 0.39418 0.328171 0.317056
14876 1.00815 0.862109 0.804401
5229 0.388849 0.333864 0.303691
4826 0.394909 0.34342 0.327162
19901 2.11853 1.79367 1.28357
15480 1.11414 0.961788 0.888643
7440 0.425028 0.336843 0.273897
10656 1.01427 0.777229 0.563567
405 0.395908 0.328365 0.316224
12465 2.1051 1.66944 1.36071
5430 0.391608 0.332908 0.298688
15681 1.18106 1.02567 0.929267
17490 2.85349 2.4478 2.17532
2415 0.37609 0.312262 0.300086
7641 0.431796 0.34271 0.27871
10857 1.24224 0.949721 0.682329
606 0.397015 0.328537 0.315327
12666 1.89848 1.51582 1.26925
5631 0.392488 0.330404 0.293062
15882 1.30708 1.13442 1.0204
17691 2.86689 2.45482 2.1548
7842 0.437996 0.347301 0.282915
2616 0.38004 0.316159 0.304776
807 0.390602 0.323639 0.309421
11058 1.50984 1.1511 0.819355
12867 1.68203 1.35538 1.15809
5832 0.3922 0.326935 0.287124
16083 1.46532 1.26675 1.14086
17892 2.82097 2.40952 2.07871
2817 0.383484 0.319715 0.309069
8043 0.442581 0.350684 0.284234
1008 0.383626 0.318312 0.303747
6033 0.395303 0.325708 0.284832
13068 1.46672 1.19659 1.03315
16284 1.64979 1.41994 1.28179
11259 1.77537 1.35258 0.955818
18093 2.74313 2.33783 1.95683
8244 0.446502 0.353334 0.284356
3018 0.385942 0.322428 0.312331
1209 0.37933 0.314474 0.300832
6234 0.399109 0.325357 0.283098
16485 1.81876 1.56077 1.40586
13269 1.27619 1.05313 0.9178
11460 2.02541 1.54498 1.08813
18294 2.64946 2.25332 1.82509
8445 0.44857 0.354048 0.283252
3219 0.388224 0.325204 0.315402
1410 0.375349 0.311009 0.297775
6435 0.401728 0.325262 0.279638
16686 2.02417 1.73586 1.55936
11661 2.25545 1.72915 1.23612
18495 2.5459 2.16122 1.69389
13470 1.12774 0.940844 0.827009
8646 0.448141 0.35207 0.279095
3420 0.390304 0.327972 0.318167
1611 0.371716 0.307984 0.294377
6636 0.402839 0.323414 0.273336
16887 2.29848 1.97262 1.77132
18696 2.42299 2.0538 1.57426
11862 2.4282 1.87389 1.37112
13671 1.04746 0.881491 0.780748
8847 0.446506 0.348604 0.273196
3621 0.392617 0.331482 0.321093
1812 0.369725 0.306495 0.292706
6837 0.403214 0.320382 0.264719
17088 2.54224 2.18227 1.95878
18897 2.29643 1.94351 1.46595
12063 2.48126 1.93228 1.46454
13872 0.978397 0.832576 0.744264
9048 0.44747 0.348166 0.270313
3822 0.39416 0.334513 0.323413
2013 0.369045 0.306159 0.292399
7038 0.410402 0.32438 0.26571
17289 2.73602 2.34798 2.10337
19098 2.17647 1.83903 1.37792
12264 2.34433 1.84172 1.446
9249 0.452495 0.350897 0.270087
14073 0.916347 0.790223 0.71375
4023 0.394456 0.337138 0.325461
2214 0.371983 0.308705 0.295645
7239 0.41921 0.330817 0.269995
15079 1.02042 0.88496 0.800093
19299 2.09336 1.76675 1.31471
10054 0.666776 0.509979 0.36747
9450 0.464618 0.35805 0.271974
4224 0.394632 0.33996 0.327979
14274 0.917857 0.795268 0.719938
4 0.432229 0.360801 0.349158
15280 1.06676 0.92447 0.832565
19500 2.05068 1.72944 1.27822
5029 0.393607 0.337032 0.315005
9651 0.495638 0.380652 0.286647
10255 0.780712 0.59673 0.426859
4425 0.394816 0.342949 0.330884
14475 0.932647 0.809349 0.737696
205 0.419351 0.348928 0.335394
15481 1.1274 0.981407 0.875502
19701 2.07973 1.75371 1.28759
5230 0.395997 0.335784 0.309962
9852 0.542126 0.415669 0.310767
10456 0.938527 0.716597 0.508519
4626 0.394221 0.343651 0.3292
14676 0.956977 0.829243 0.765365
406 0.411081 0.341572 0.327217
19902 2.15489 1.81698 1.32534
5431 0.400983 0.337433 0.307998
15682 1.21005 1.05925 0.934498
7441 0.430014 0.342198 0.284112
10657 1.14888 0.875066 0.615641
4827 0.393352 0.342941 0.324751
607 0.405949 0.337406 0.323195
14877 0.989525 0.855019 0.794864
17491 3.07314 2.64895 2.28481
5632 0.405115 0.33841 0.305892
15883 1.34243 1.17466 1.02858
10858 1.38368 1.05136 0.73482
7642 0.431459 0.344113 0.285128
2416 0.376741 0.312859 0.30062
808 0.395079 0.329513 0.316267
12466 2.12543 1.67351 1.31754
17692 3.10281 2.66547 2.25437
5833 0.407572 0.338122 0.303374
16084 1.52722 1.33292 1.16386
7843 0.427258 0.341061 0.282089
11059 1.65613 1.25639 0.874456
2617 0.380166 0.316922 0.305089
1009 0.382896 0.320746 0.308795
12667 1.83135 1.45745 1.16947
17893 3.07323 2.63134 2.16625
6034 0.407915 0.335095 0.298675
16285 1.75948 1.53148 1.33532
8044 0.427331 0.340527 0.277289
2818 0.38263 0.32029 0.308698
1210 0.375402 0.314511 0.303043
11260 1.93456 1.46821 1.02001
12868 1.58803 1.27854 1.04778
18094 2.98034 2.54504 2.05119
6235 0.40789 0.331682 0.2939
16486 1.97554 1.71923 1.49231
8245 0.429255 0.340921 0.272105
3019 0.383802 0.322182 0.310606
11461 2.19543 1.67052 1.1619
1411 0.369693 0.309387 0.297999
13069 1.4149 1.15003 0.962899
18295 2.84073 2.41998 1.91668
6436 0.412543 0.334352 0.296026
16687 2.20543 1.91924 1.66204
8446 0.430798 0.340529 0.267872
3220 0.384138 0.323159 0.311516
11662 2.40211 1.83549 1.29141
13270 1.21641 1.00044 0.847297
1612 0.367104 0.306407 0.294275
18496 2.65447 2.25623 1.76846
6637 0.415409 0.335095 0.293633
8647 0.430278 0.337736 0.260978
16888 2.49522 2.17265 1.8781
3421 0.383914 0.323525 0.311848
11863 2.54105 1.95131 1.39684
13471 1.03534 0.863722 0.738745
1813 0.36656 0.305142 0.292432
18697 2.46185 2.08801 1.62207
6838 0.415025 0.331906 0.282982
8848 0.429498 0.333747 0.252518
17089 2.73855 2.37752 2.0692
3622 0.382703 0.32341 0.311067
12064 2.55587 1.9781 1.46379
13672 0.967981 0.814651 0.71055
2014 0.368524 0.306063 0.293102
18898 2.29699 1.9442 1.49675
7039 0.41891 0.333401 0.279977
9049 0.43535 0.336654 0.251928
17290 2.94109 2.54388 2.22157
3823 0.382129 0.324038 0.31089
12265 2.40153 1.87284 1.42697
13873 0.92253 0.783299 0.691621
2215 0.372379 0.309023 0.29632
19099 2.18082 1.84276 1.40542
7240 0.42449 0.337111 0.280791
15080 1.01949 0.88642 0.78769
9250 0.446758 0.34449 0.256009
10055 0.721061 0.551757 0.384495
14074 0.892409 0.76464 0.678731
4024 0.381624 0.325312 0.311155
5 0.441285 0.368554 0.357868
19300 2.1088 1.77985 1.34806
5030 0.395629 0.334133 0.312658
15281 1.07467 0.936012 0.824665
9451 0.472797 0.363095 0.266424
10256 0.849162 0.647657 0.448708
206 0.421838 0.352142 0.340737
4225 0.381441 0.32699 0.311868
14275 0.90504 0.780289 0.696035
19501 2.07695 1.75171 1.31815
5231 0.400807 0.335533 0.312291
9652 0.517259 0.396252 0.288314
15482 1.15399 1.00943 0.885553
10457 1.02509 0.780091 0.536902
407 0.408493 0.341009 0.329427
14476 0.926865 0.802201 0.721731
4426 0.382636 0.330041 0.314346
5432 0.406727 0.338594 0.312126
19702 2.11457 1.78331 1.33267
9853 0.577434 0.44183 0.320094
15683 1.25811 1.10569 0.967698
10658 1.24731 0.946004 0.646445
608 0.400577 0.33478 0.323813
14677 0.94941 0.822624 0.748469
5633 0.411683 0.341078 0.31167
4627 0.385887 0.33361 0.316793
15884 1.40706 1.2383 1.07462
19903 2.19594 1.8516 1.37721
7442 0.409625 0.330798 0.278732
10859 1.50293 1.13614 0.772367
809 0.392805 0.32881 0.318441
14878 0.982194 0.851686 0.773707
5834 0.414488 0.341875 0.310578
4828 0.391211 0.337581 0.319063
16085 1.61358 1.41908 1.22406
17492 3.36244 2.90593 2.42916
7643 0.404325 0.329963 0.270593
11060 1.78386 1.34735 0.918082
1010 0.384915 0.322819 0.313304
12467 2.09191 1.63047 1.20334
6035 0.413439 0.33842 0.305605
16286 1.88363 1.65312 1.4211
2417 0.380447 0.317976 0.30649
17693 3.38215 2.9114 2.39339
7844 0.398886 0.327315 0.261934
1211 0.380928 0.319043 0.309982
11261 2.06171 1.55911 1.06669
12668 1.72567 1.36515 1.02192
6236 0.41031 0.332949 0.299105
2618 0.380163 0.319144 0.306958
16487 2.13742 1.87491 1.60531
8045 0.397717 0.32615 0.254398
17894 3.32419 2.85194 2.29937
1412 0.378404 0.316146 0.307264
11462 2.31898 1.76093 1.21324
12869 1.42678 1.14764 0.878389
6437 0.410452 0.332136 0.298125
2819 0.378933 0.319506 0.306526
16688 2.40994 2.11332 1.80085
8246 0.401307 0.326799 0.249959
18095 3.18347 2.72297 2.16811
11663 2.48111 1.88871 1.30253
1613 0.377165 0.314376 0.305187
13070 1.32167 1.06949 0.85247
6638 0.409985 0.330927 0.295289
3020 0.376995 0.318217 0.304501
16889 2.70262 2.36886 2.00797
8447 0.406018 0.327532 0.247135
18296 2.97839 2.54019 2.00933
1814 0.376925 0.313645 0.304071
13271 1.1298 0.925157 0.75003
11864 2.56598 1.9581 1.35301
6839 0.408697 0.328443 0.287548
3221 0.374565 0.316243 0.301957
17090 2.97445 2.59641 2.20316
8648 0.413695 0.330023 0.245643
18497 2.72025 2.31367 1.82812
2015 0.377726 0.314214 0.303864
13472 0.941007 0.783641 0.642911
7040 0.409592 0.328267 0.284177
12065 2.53418 1.94426 1.37016
17291 3.20363 2.78253 2.35877
8849 0.425766 0.335984 0.246359
3422 0.371778 0.313794 0.299621
18698 2.47701 2.10346 1.65615
2216 0.379211 0.315906 0.305007
13673 0.895231 0.752098 0.639344
7241 0.411407 0.32953 0.283558
12266 2.37687 1.83544 1.3205
15081 1.02238 0.88529 0.801107
9050 0.4412 0.345575 0.250513
18899 2.28535 1.9382 1.51652
3623 0.369216 0.311811 0.297257
6 0.425761 0.356391 0.346965
13874 0.877945 0.742069 0.642984
5031 0.39617 0.328954 0.304003
10056 0.781458 0.593924 0.398595
15282 1.09313 0.950412 0.851545
9251 0.461029 0.358931 0.257854
19100 2.17327 1.84056 1.4266
207 0.410958 0.34453 0.336252
14075 0.877293 0.74517 0.648323
5232 0.402451 0.332685 0.307744
3824 0.367099 0.310452 0.29495
10257 0.918576 0.694517 0.461361
9452 0.495561 0.384041 0.273092
15483 1.19591 1.04496 0.930503
19301 2.1107 1.78725 1.37472
408 0.398882 0.334893 0.327734
14276 0.898077 0.768312 0.676308
5433 0.40781 0.336069 0.309279
4025 0.367233 0.311311 0.294441
10458 1.09521 0.826274 0.543431
9653 0.545772 0.421078 0.297032
19502 2.09124 1.77107 1.35265
15684 1.32921 1.16728 1.03539
609 0.392108 0.329483 0.322549
14477 0.922499 0.794049 0.708194
5634 0.411861 0.338432 0.309472
4226 0.368788 0.313544 0.295228
10659 1.32591 0.997944 0.649649
19703 2.14133 1.8139 1.37681
15885 1.51585 1.33707 1.17406
9854 0.619379 0.475806 0.33365
810 0.387453 0.325594 0.318576
14678 0.944357 0.815925 0.735557
5835 0.412683 0.338031 0.307957
4427 0.372236 0.317557 0.298335
10860 1.60477 1.20515 0.778565
19904 2.24271 1.89912 1.43704
16086 1.74248 1.53888 1.34039
7443 0.386844 0.317586 0.268598
1011 0.385954 0.324008 0.316659
14879 0.976738 0.846694 0.759903
6036 0.41123 0.335178 0.304651
4628 0.378533 0.323041 0.303103
11061 1.8673 1.40242 0.914095
17493 3.70194 3.2019 2.6007
16287 2.02095 1.78184 1.54482
7644 0.378677 0.315974 0.254328
12468 1.85679 1.45402 1.03365
1212 0.385563 0.32297 0.31557
6237 0.407982 0.33034 0.299848
4829 0.38864 0.330717 0.310508
11262 2.0873 1.57152 1.03615
16488 2.32199 2.04194 1.7599
17694 3.70374 3.19239 2.57522
7845 0.375495 0.315607 0.242656
6438 0.40225 0.324841 0.293736
1413 0.386079 0.322667 0.315485
2418 0.384808 0.324053 0.313003
11463 2.21105 1.67798 1.12321
12669 1.52086 1.20827 0.878101
16689 2.62904 2.30685 1.97187
17895 3.56968 3.06807 2.46625
8046 0.377971 0.316796 0.23581
6639 0.396013 0.319584 0.287005
1614 0.385864 0.32222 0.314885
11664 2.25654 1.722 1.1623
12870 1.21947 0.987017 0.741294
2619 0.382989 0.323504 0.311356
16890 2.92657 2.5641 2.16558
8247 0.386174 0.319754 0.233955
18096 3.33783 2.85949 2.2952
6840 0.394108 0.318522 0.282921
1815 0.385704 0.322226 0.314456
2820 0.379807 0.321607 0.308042
11865 2.24496 1.72113 1.16885
13071 1.1208 0.913468 0.709499
8448 0.39821 0.324831 0.235084
17091 3.23849 2.82671 2.35493
18297 3.05353 2.60703 2.09048
2016 0.385867 0.323079 0.314173
7041 0.393454 0.318416 0.280685
3021 0.376398 0.318675 0.303302
13272 1.00677 0.827824 0.657391
12066 2.18055 1.68283 1.1581
8649 0.414403 0.333029 0.238606
18498 2.73848 2.33031 1.86582
17292 3.51115 3.05172 2.51071
2217 0.385714 0.323847 0.313779
7242 0.393758 0.318887 0.279856
3222 0.372709 0.315229 0.298162
13473 0.898268 0.746822 0.605451
12267 2.06057 1.60113 1.11863
18699 2.47141 2.10292 1.67634
8850 0.439461 0.348474 0.246586
15082 1.06782 0.922967 0.835899
5032 0.3903 0.318374 0.291488
7 0.415651 0.348034 0.337914
3423 0.368671 0.311301 0.294321
13674 0.872415 0.731025 0.612142
10057 0.835186 0.62932 0.408152
18900 2.26814 1.9307 1.52924
15283 1.16229 1.00901 0.908314
3624 0.365677 0.308091 0.290866
9051 0.463749 0.363899 0.255005
208 0.407983 0.342033 0.333057
13875 0.866844 0.731337 0.627574
5233 0.397492 0.324542 0.298239
10258 0.975701 0.730647 0.466012
19101 2.15959 1.83641 1.44287
15484 1.28868 1.12351 1.00758
3825 0.364808 0.306324 0.287937
9252 0.491613 0.382377 0.265351
14076 0.874347 0.741582 0.643996
5434 0.400289 0.326528 0.299338
409 0.401391 0.336799 0.328933
10459 1.14521 0.856344 0.538407
19302 2.10664 1.79377 1.39858
15685 1.4394 1.26005 1.12718
4026 0.366107 0.306839 0.287141
9453 0.52908 0.409406 0.282485
610 0.396024 0.332519 0.324867
14277 0.889743 0.758863 0.671936
5635 0.399713 0.325532 0.296966
19503 2.10079 1.79175 1.38653
10660 1.35979 1.01644 0.632416
15886 1.64142 1.44244 1.28005
4227 0.368932 0.308825 0.287766
9654 0.584902 0.4502 0.308431
811 0.391495 0.328956 0.321324
14478 0.90897 0.778867 0.700816
5836 0.398799 0.324363 0.295355
16087 1.88431 1.65715 1.45879
10861 1.64986 1.23345 0.76247
4428 0.373437 0.312647 0.290658
19704 2.16882 1.85059 1.42387
9855 0.668494 0.511465 0.347276
1012 0.389257 0.327403 0.319672
14679 0.934704 0.803676 0.727935
6037 0.396937 0.322153 0.293102
16288 2.17552 1.90825 1.66572
11062 1.86863 1.39899 0.876698
4629 0.379631 0.317533 0.294569
19905 2.29245 1.95381 1.49919
1213 0.388238 0.326832 0.319182
7444 0.376623 0.313245 0.24837
14880 0.971825 0.838361 0.760558
16489 2.50875 2.19217 1.88883
6238 0.394011 0.318632 0.28986
11263 2.01306 1.51269 0.966002
4830 0.388737 0.324072 0.299787
17494 3.75414 3.23873 2.64118
7645 0.374168 0.313448 0.241169
1414 0.388764 0.327381 0.320053
16690 2.85987 2.49098 2.11666
12469 1.5188 1.20242 0.843923
6439 0.388013 0.314484 0.282813
11464 1.99101 1.51275 0.985155
2419 0.389538 0.331339 0.320151
17695 3.69384 3.18359 2.58651
7846 0.379741 0.316574 0.237421
1615 0.389423 0.328478 0.320891
12670 1.28393 1.02961 0.744553
16891 3.20243 2.78297 2.33204
6640 0.381198 0.31107 0.273731
11665 1.93308 1.48321 0.983688
2620 0.386947 0.328907 0.316799
17896 3.53936 3.04903 2.47218
8047 0.389542 0.32165 0.235754
1816 0.390121 0.329798 0.321482
17092 3.47019 3.00819 2.49362
12871 1.03816 0.848157 0.639986
6841 0.376692 0.310209 0.264347
11866 1.83931 1.42314 0.959866
2821 0.383094 0.325257 0.311506
18097 3.30517 2.84302 2.30211
2017 0.390826 0.331472 0.322027
8248 0.403541 0.32912 0.236522
13072 0.955454 0.786335 0.610808
7042 0.374915 0.310604 0.257005
17293 3.67742 3.1791 2.61205
12067 1.74628 1.36294 0.929096
3022 0.378887 0.321128 0.304571
18298 3.02311 2.59482 2.09679
2218 0.391097 0.332685 0.322087
8449 0.422491 0.340195 0.240407
13273 0.902344 0.747011 0.594885
7243 0.377763 0.312567 0.253934
15083 1.13495 0.980699 0.880216
12268 1.63222 1.28445 0.886312
3223 0.37477 0.316959 0.297156
18499 2.69365 2.30734 1.85944
8 0.408162 0.341424 0.330162
8650 0.445404 0.354168 0.246442
13474 0.862486 0.718579 0.586862
15284 1.25876 1.09143 0.979389
5033 0.37836 0.303814 0.277458
18700 2.44357 2.09546 1.68549
3424 0.37032 0.312327 0.292056
10058 0.8531 0.639069 0.402795
209 0.407358 0.340697 0.329924
8851 0.476048 0.373373 0.25554
13675 0.848738 0.712108 0.600453
15485 1.40194 1.21915 1.09408
5234 0.386726 0.31172 0.28484
3625 0.367354 0.308531 0.287832
18901 2.25213 1.93261 1.55045
10259 0.966053 0.721827 0.450697
410 0.405821 0.339343 0.329373
9052 0.508202 0.394105 0.266266
13876 0.84984 0.717508 0.619877
15686 1.56643 1.3655 1.22477
5435 0.388352 0.31365 0.285944
3826 0.367315 0.306159 0.28397
19102 2.15212 1.843 1.47267
10460 1.09683 0.820374 0.510402
611 0.401553 0.335953 0.326383
9253 0.541359 0.416328 0.279081
14077 0.866124 0.735199 0.644236
15887 1.7843 1.55871 1.3909
5636 0.383206 0.309482 0.280724
4027 0.368556 0.305458 0.281937
19303 2.12638 1.82298 1.44541
10661 1.25541 0.941239 0.586095
9454 0.577562 0.442426 0.29615
812 0.396018 0.331875 0.32269
14278 0.883499 0.753133 0.670919
16088 2.03132 1.77369 1.57046
5837 0.380871 0.307814 0.278876
19504 2.15626 1.85066 1.4543
4228 0.371325 0.306491 0.281502
10862 1.44506 1.08742 0.681367
9655 0.629727 0.480597 0.320676
14479 0.906215 0.775169 0.699047
1013 0.392329 0.329709 0.32067
16289 2.32287 2.02084 1.76854
6038 0.379339 0.306844 0.277884
4429 0.374874 0.308603 0.283554
11063 1.56673 1.18409 0.75486
19705 2.26154 1.93547 1.50679
9856 0.718492 0.545096 0.359052
14680 0.944424 0.810085 0.732663
1214 0.389775 0.328588 0.319793
6239 0.376699 0.304938 0.275037
16490 2.6669 2.31097 1.98502
4630 0.378954 0.311227 0.286632
19906 2.39722 2.04951 1.58987
7445 0.374326 0.311802 0.230493
14881 0.998773 0.85982 0.778996
1415 0.389736 0.329293 0.320758
11264 1.61518 1.22871 0.801568
6440 0.372629 0.303721 0.268522
16691 3.04386 2.62855 2.21792
4831 0.384751 0.314736 0.288618
17495 3.71485 3.19621 2.63935
7646 0.379503 0.315011 0.230869
12470 1.08374 0.87599 0.651724
1616 0.390047 0.330431 0.321707
6641 0.367292 0.303188 0.258044
11465 1.55969 1.19959 0.795142
16892 3.41684 2.94426 2.45217
2420 0.389621 0.332309 0.320065
17696 3.60792 3.10925 2.55989
7847 0.39281 0.32212 0.23301
12671 0.99281 0.811112 0.620435
1817 0.390862 0.332136 0.322792
6842 0.36314 0.303301 0.245916
11666 1.46876 1.14268 0.773906
17093 3.64325 3.13418 2.59746
2621 0.388326 0.330303 0.317333
17897 3.43912 2.9695 2.4378
8048 0.409393 0.331217 0.235688
2018 0.391048 0.333252 0.322759
12872 0.91626 0.75653 0.594969
7043 0.361937 0.304487 0.235516
11867 1.36658 1.07449 0.749513
17294 3.74816 3.22159 2.66635
2822 0.386439 0.327205 0.311842
8249 0.430089 0.343347 0.238772
18098 3.23479 2.79433 2.28503
2219 0.390738 0.333729 0.321928
13073 0.870693 0.722339 0.586921
7244 0.368483 0.308277 0.23181
12068 1.25819 0.999307 0.711081
15084 1.22692 1.06161 0.943003
3023 0.384349 0.323932 0.30532
18299 2.98021 2.57355 2.0969
9 0.418868 0.346642 0.332545
8450 0.455577 0.359048 0.244862
5034 0.371207 0.29686 0.270592
13274 0.843909 0.703603 0.584856
12269 1.1624 0.931983 0.675892
15285 1.3609 1.1793 1.04897
3224 0.382056 0.320772 0.298547
18500 2.65912 2.2939 1.86236
210 0.416515 0.344579 0.330897
8651 0.485234 0.377726 0.253447
5235 0.37695 0.302707 0.275795
10059 0.857854 0.640427 0.395731
13475 0.831769 0.697626 0.587536
15486 1.51792 1.31592 1.16945
3425 0.380933 0.318548 0.293568
18701 2.4276 2.0974 1.70254
411 0.41172 0.340685 0.327736
8852 0.519067 0.399171 0.264135
5436 0.378403 0.305176 0.276341
10260 0.935473 0.699568 0.432266
13676 0.824501 0.695226 0.601076
15687 1.6985 1.47182 1.30322
3626 0.380995 0.317124 0.289671
18902 2.26136 1.95575 1.58926
612 0.405178 0.335849 0.323521
9053 0.555258 0.422711 0.27694
5637 0.372351 0.301663 0.268272
10461 1.0274 0.77142 0.480586
13877 0.828684 0.7021 0.62015
15888 1.91016 1.65578 1.45451
3827 0.37925 0.313292 0.284409
813 0.397803 0.330865 0.319099
19103 2.18464 1.88341 1.52804
9254 0.592083 0.447962 0.29257
5838 0.370186 0.300888 0.26585
10662 1.12367 0.848231 0.535202
16089 2.14664 1.85932 1.61771
14078 0.853356 0.726099 0.646886
4028 0.377258 0.309488 0.279375
1014 0.393135 0.328392 0.316893
19304 2.18139 1.88125 1.51448
9455 0.633066 0.477654 0.311646
6039 0.369627 0.301306 0.265598
10863 1.21242 0.921737 0.592881
16290 2.41644 2.08783 1.79789
4229 0.37613 0.307012 0.275335
14279 0.880046 0.751302 0.672858
1215 0.389789 0.327169 0.315849
19505 2.23277 1.92558 1.53416
9656 0.685077 0.515871 0.335169
11064 1.25809 0.964015 0.634601
6240 0.364404 0.299394 0.257174
16491 2.73309 2.35297 2.0006
4430 0.375498 0.304953 0.27522
14480 0.914942 0.783194 0.703559
1416 0.388638 0.327469 0.316432
19706 2.34916 2.01453 1.58338
11265 1.25668 0.972285 0.657374
9857 0.759388 0.570491 0.3648
6441 0.359862 0.297881 0.246977
16692 3.05381 2.62211 2.20613
4631 0.375038 0.303165 0.278106
1617 0.388083 0.328219 0.317294
14681 0.971058 0.832884 0.748284
19907 2.47075 2.11615 1.65336
7446 0.385803 0.31446 0.224512
11466 1.19258 0.933002 0.641766
6642 0.357817 0.297465 0.236494
16893 3.33828 2.86526 2.39394
4832 0.375752 0.302397 0.277209
1818 0.388504 0.329849 0.318794
14882 1.04576 0.900053 0.808181
17496 3.63712 3.13497 2.60966
7647 0.397278 0.321198 0.226466
6843 0.359372 0.299118 0.229216
11667 1.12615 0.890642 0.625854
17094 3.51346 3.01749 2.5161
2421 0.387777 0.330423 0.316102
2019 0.388327 0.330707 0.318711
7848 0.416655 0.332733 0.23019
17697 3.57516 3.08691 2.56353
12471 0.879641 0.722231 0.56804
7044 0.364104 0.302415 0.224657
2622 0.388405 0.329826 0.31506
11868 1.06437 0.850378 0.617311
17295 3.60537 3.1005 2.58658
2220 0.387709 0.330848 0.31718
8049 0.438488 0.34615 0.235081
17898 3.42601 2.9617 2.4542
12672 0.857594 0.708311 0.569098
7245 0.374438 0.308096 0.223806
2823 0.389889 0.328723 0.310873
12069 0.99135 0.79993 0.595856
15085 1.3358 1.15482 1.0162
10 0.430941 0.353267 0.33635
8250 0.463454 0.361301 0.240494
18099 3.24266 2.8065 2.32262
12873 0.846307 0.702291 0.574381
5035 0.367511 0.294842 0.267414
3024 0.391368 0.327572 0.306023
15286 1.48129 1.28138 1.12771
12270 0.922906 0.751919 0.574272
211 0.424544 0.34799 0.331485
8451 0.493862 0.37996 0.248553
13074 0.826062 0.688443 0.57958
18300 2.9974 2.59474 2.14486
5236 0.369425 0.297432 0.268857
3225 0.39111 0.325747 0.300802
15487 1.65557 1.43142 1.25606
10060 0.840653 0.630156 0.391224
412 0.41507 0.340624 0.32487
8652 0.526759 0.400551 0.259006
18501 2.66646 2.30539 1.90423
5437 0.369733 0.29917 0.267457
10261 0.880929 0.664252 0.418836
15688 1.8376 1.5864 1.38394
3426 0.392102 0.325146 0.296507
13275 0.814653 0.682168 0.585275
613 0.405803 0.333712 0.318606
8853 0.564946 0.425036 0.272222
10462 0.920698 0.699406 0.448004
18702 2.45487 2.12447 1.75132
5638 0.364723 0.297495 0.258099
3627 0.393591 0.324958 0.292389
814 0.396343 0.327209 0.312764
13476 0.815165 0.686234 0.591838
15889 2.02948 1.7509 1.51377
9054 0.602991 0.450412 0.287042
10663 0.956532 0.732752 0.477618
18903 2.33474 2.02159 1.66094
5839 0.362416 0.297017 0.253275
3828 0.389647 0.319402 0.286083
1015 0.389731 0.323161 0.308769
13677 0.820233 0.693639 0.605214
16090 2.23568 1.9273 1.65061
9255 0.640838 0.477253 0.304439
10864 0.980323 0.756584 0.504961
6040 0.362125 0.297192 0.251561
19104 2.33846 2.02042 1.65018
4029 0.384081 0.312506 0.279236
1216 0.384911 0.320698 0.305702
13878 0.833372 0.707635 0.62347
16291 2.47786 2.13284 1.81038
9456 0.687167 0.511255 0.325709
11065 0.991771 0.77246 0.52968
6241 0.356936 0.29527 0.241076
4230 0.379479 0.307046 0.27296
1417 0.382377 0.320101 0.304624
19305 2.33841 2.02117 1.64154
14079 0.862585 0.735255 0.649946
16492 2.74165 2.35416 1.98572
9657 0.737865 0.549327 0.348526
11266 0.970926 0.766286 0.543446
6442 0.352742 0.293578 0.22968
4431 0.375598 0.302491 0.270611
19506 2.34336 2.02515 1.63072
14280 0.900162 0.769776 0.68129
1618 0.380953 0.320403 0.304392
9858 0.794043 0.591935 0.369566
6643 0.354258 0.293774 0.221432
16693 3.00119 2.57245 2.15988
4632 0.37287 0.29909 0.273042
11467 0.948043 0.754578 0.547198
19707 2.36914 2.03752 1.61137
14481 0.950305 0.814988 0.721583
1819 0.38205 0.322623 0.306255
7447 0.405906 0.322508 0.221683
6844 0.360562 0.296894 0.217685
16894 3.2226 2.7643 2.31482
4833 0.371207 0.297013 0.271783
11668 0.93484 0.748788 0.55282
19908 2.42842 2.08161 1.62633
2020 0.38388 0.325059 0.307543
14682 1.03228 0.887571 0.785872
7648 0.426036 0.33435 0.225702
7045 0.37075 0.302547 0.217559
17095 3.37292 2.89805 2.42639
2422 0.388587 0.328731 0.30716
17497 3.5544 3.06812 2.56559
11869 0.927005 0.746729 0.560229
2221 0.386428 0.327311 0.30683
14883 1.12146 0.967218 0.857765
7849 0.453007 0.350657 0.231921
2623 0.390312 0.329462 0.308574
17296 3.47904 2.9954 2.50967
17698 3.53081 3.05297 2.55001
11 0.427778 0.350625 0.332511
7246 0.386883 0.311666 0.219149
12070 0.907181 0.735915 0.563791
8050 0.47975 0.36734 0.239111
12472 0.852808 0.701184 0.565938
2824 0.396636 0.332176 0.308648
15086 1.48682 1.27749 1.11535
17899 3.38656 2.93135 2.44933
212 0.418621 0.343278 0.325212
12271 0.882465 0.721114 0.565648
5036 0.36813 0.299365 0.264611
8251 0.509276 0.385571 0.247577
12673 0.828489 0.68477 0.566976
3025 0.403479 0.335043 0.30805
15287 1.64796 1.41962 1.23488
18100 3.21378 2.78501 2.33014
413 0.408437 0.335069 0.317235
5237 0.366999 0.300006 0.260651
10061 0.808912 0.610389 0.384677
8452 0.539686 0.404612 0.257282
3226 0.404643 0.33455 0.305535
15488 1.8155 1.56643 1.35471
12874 0.810249 0.672711 0.569541
614 0.398476 0.327016 0.309479
18301 2.98799 2.58934 2.16968
5438 0.366058 0.300859 0.256023
10262 0.825734 0.626799 0.401634
8653 0.56832 0.423161 0.26777
3427 0.404517 0.33322 0.301907
15689 1.98251 1.71111 1.46982
13075 0.803297 0.670658 0.579854
815 0.389253 0.319618 0.302477
18502 2.7022 2.33699 1.96085
5639 0.362437 0.29936 0.248604
10463 0.840714 0.64411 0.421621
8854 0.600805 0.445084 0.279706
3628 0.402912 0.330614 0.295995
13276 0.802369 0.673574 0.590148
15890 2.13681 1.84416 1.57439
10664 0.846912 0.656805 0.442025
1016 0.381402 0.313653 0.296048
18703 2.5243 2.18318 1.82299
9055 0.635974 0.469473 0.292734
5840 0.359195 0.296978 0.240814
3829 0.396452 0.323015 0.288714
16091 2.3027 1.9869 1.68681
13477 0.807706 0.6814 0.597541
10865 0.847479 0.663709 0.462742
1217 0.375788 0.31017 0.290742
9256 0.674884 0.49779 0.308345
18904 2.42557 2.09824 1.739
4030 0.387883 0.313438 0.281115
6041 0.356713 0.29316 0.232393
16292 2.47259 2.13279 1.80295
13678 0.825651 0.699362 0.61146
11066 0.844615 0.66849 0.48248
1418 0.372391 0.308916 0.287721
9457 0.716727 0.529428 0.326974
19105 2.41718 2.08899 1.71715
4231 0.380823 0.306136 0.273908
6242 0.354936 0.291068 0.224776
16493 2.665 2.29749 1.93463
13879 0.851433 0.723839 0.630588
11267 0.84245 0.674702 0.501284
1619 0.371219 0.309801 0.287177
9658 0.760956 0.56423 0.348984
19306 2.38242 2.05973 1.68181
4432 0.374999 0.300402 0.269323
6443 0.354794 0.290391 0.218234
16694 2.87816 2.48007 2.08114
14080 0.884917 0.754944 0.657474
1820 0.373809 0.313276 0.28987
9859 0.802005 0.597891 0.369589
11468 0.848711 0.683131 0.517225
19507 2.33402 2.01728 1.63076
4633 0.371779 0.297516 0.270436
6644 0.359442 0.29232 0.215481
16895 3.10266 2.67407 2.23743
14281 0.935623 0.800733 0.697521
2021 0.378718 0.318378 0.294186
11669 0.858986 0.693292 0.531913
19708 2.30364 1.9829 1.56836
4834 0.369279 0.295713 0.269534
6845 0.367807 0.29686 0.214644
7448 0.431406 0.3343 0.222119
17096 3.27982 2.82702 2.36371
14482 1.00519 0.862674 0.752253
2423 0.391776 0.328464 0.299072
17297 3.40549 2.93579 2.45604
2222 0.38589 0.323954 0.296084
11870 0.866253 0.702354 0.542909
7046 0.381552 0.304846 0.215261
19909 2.32621 1.9921 1.54312
7649 0.459962 0.351345 0.22849
14683 1.10566 0.951232 0.831557
2624 0.393992 0.330121 0.302684
20100 2.20105 1.87893 1.29608
22713 7.11627 5.83793 3.70464
7247 0.403943 0.318027 0.217904
7850 0.490878 0.370098 0.236558
12071 0.862025 0.702198 0.551827
17498 3.46945 2.99602 2.50643
14884 1.21663 1.04934 0.920276
2825 0.402376 0.335024 0.306043
20301 2.30307 1.96774 1.34755
25125 12.3154 10.409 7.2137
8051 0.523495 0.390256 0.245843
12272 0.849148 0.695048 0.559555
22914 7.79169 6.3885 4.09987
17699 3.44115 2.97717 2.49445
12473 0.828829 0.681898 0.563827
3026 0.413047 0.341146 0.309393
20502 2.4208 2.06938 1.40355
8252 0.554122 0.409531 0.255986
25326 12.8835 10.9351 7.62502
23115 8.37526 6.87894 4.4722
27738 8.16132 6.35694 3.79028
12674 0.81229 0.671665 0.567883
17900 3.30286 2.86291 2.40784
3227 0.414522 0.341271 0.309006
20703 2.55372 2.18312 1.46272
8453 0.581668 0.427323 0.265983
25527 13.4062 11.4071 8.00809
27939 7.13483 5.49702 3.20524
23316 8.87115 7.3053 4.80067
12875 0.802584 0.666612 0.572284
18101 3.12039 2.70627 2.28548
3428 0.412978 0.339214 0.306451
20904 2.75347 2.3476 1.54404
8654 0.60349 0.442399 0.275297
25728 13.9502 11.8759 8.37745
23517 9.26655 7.6568 5.07307
28140 6.33763 4.82144 2.72887
18302 2.93542 2.54331 2.1563
13076 0.802423 0.669974 0.581857
3629 0.408736 0.334869 0.300376
21105 2.98504 2.53777 1.64213
25929 14.4407 12.2563 8.64379
8855 0.631088 0.462408 0.286149
28341 6.07193 4.57025 2.50704
18503 2.75662 2.38116 2.02423
13277 0.807273 0.67763 0.591909
23718 9.50239 7.84598 5.24695
3830 0.401713 0.327569 0.293673
21306 3.25871 2.76389 1.76702
26130 14.8693 12.5383 8.78864
9056 0.660632 0.484563 0.297454
28542 6.13143 4.56909 2.42366
18704 2.63103 2.27024 1.91444
13478 0.816949 0.689231 0.599874
21507 3.53574 2.99649 1.90064
4031 0.392002 0.317381 0.286014
23919 9.67795 7.97659 5.38152
26331 15.0905 12.6252 8.75776
9257 0.695694 0.511095 0.310267
28743 6.39365 4.72773 2.4307
18905 2.5198 2.17411 1.81364
13679 0.844737 0.715431 0.618873
21708 3.85973 3.26704 2.05831
24120 9.96119 8.23182 5.57303
26532 14.9453 12.4023 8.49646
4232 0.384669 0.310098 0.279583
9458 0.731138 0.539005 0.325999
28944 6.71969 4.94923 2.461
13880 0.885591 0.752349 0.646957
19106 2.39363 2.06623 1.71079
21909 4.29958 3.62665 2.27018
26733 14.1868 11.6811 7.87001
9659 0.766731 0.568951 0.346842
24321 10.3159 8.55418 5.80271
4433 0.378474 0.304263 0.274436
29145 7.06963 5.19707 2.4836
19307 2.28887 1.97614 1.61815
14081 0.932048 0.794149 0.683081
22110 4.91015 4.11087 2.56615
26934 12.992 10.5939 7.01315
9860 0.791365 0.592025 0.366227
4634 0.37515 0.301928 0.273396
29346 7.45051 5.4773 2.49191
19508 2.20269 1.90025 1.53134
24522 10.7214 8.92134 6.05951
14282 0.998817 0.852996 0.734868
27135 11.6645 9.40064 6.08935
22311 5.63306 4.67568 2.92248
30150 8.6264 6.31844 2.58668
4835 0.371736 0.300284 0.270473
29547 7.86273 5.77198 2.51
24723 11.1429 9.30869 6.36112
14483 1.08531 0.92839 0.802041
27336 10.476 8.35186 5.2581
19709 2.14327 1.84249 1.44808
30351 8.70417 6.38413 2.61749
22512 6.41278 5.28144 3.32296
29748 8.23614 6.0364 2.53121
32763 8.62257 6.42363 2.94733
24924 11.6439 9.7754 6.72691
14684 1.20667 1.03292 0.896397
27537 9.31 7.34018 4.49458
19910 2.1656 1.84948 1.40696
30552 8.83683 6.48683 2.66409
20101 2.1894 1.86436 1.29674
29949 8.48128 6.20977 2.55813
32964 8.34203 6.23955 2.92995
22714 7.02968 5.76519 3.61792
14885 1.34039 1.14901 1.00101
25126 12.2724 10.3774 7.34097
35175 6.55424 5.00795 2.32343
30753 8.96969 6.58505 2.69883
20302 2.30525 1.96415 1.35026
27739 7.03671 5.51423 3.47651
33165 8.16955 6.1157 2.91089
22915 7.55021 6.20144 3.91477
37788 6.71865 5.59275 2.55135
25327 12.8237 10.8653 7.75212
35376 5.93669 4.59002 2.12472
20503 2.4371 2.07796 1.41068
30954 9.07471 6.65509 2.69968
27940 6.33143 4.91615 3.02599
33366 8.10464 6.05744 2.89287
37989 7.51125 6.29669 2.88252
23116 8.12025 6.69289 4.27158
25528 13.3502 11.3173 8.14283
35577 5.19621 4.08744 1.9052
20704 2.58621 2.20624 1.47967
31155 9.1774 6.73198 2.72305
38190 8.13128 6.84917 3.1425
28141 5.75663 4.42511 2.6545
23317 8.66748 7.17082 4.6324
33567 8.03655 6.01883 2.87655
35778 4.45134 3.57875 1.68862
25729 13.8921 11.7618 8.48906
20905 2.76896 2.36005 1.57104
31356 9.24787 6.7873 2.74441
28342 5.42943 4.13115 2.41343
38391 8.83589 7.41615 3.48488
25930 14.3208 12.0963 8.7215
23518 9.20266 7.64257 5.0089
33768 7.98101 5.99847 2.86287
35979 4.10202 3.332 1.55659
21106 2.97599 2.53458 1.67628
31557 9.38661 6.89228 2.79009
26131 14.6453 12.3284 8.85178
38592 9.62951 8.02563 3.89034
28543 5.42061 4.08597 2.30849
23719 9.43811 7.82363 5.19014
33969 7.93589 5.99563 2.83764
36180 3.92047 3.20224 1.47316
21307 3.19893 2.72433 1.78846
31758 9.49136 6.9714 2.82588
26332 14.6161 12.2418 8.76266
38793 10.4715 8.65413 4.33499
23920 9.58473 7.91965 5.31776
28744 5.60992 4.19607 2.27977
36381 3.95251 3.23041 1.48325
34170 7.95801 6.02421 2.84095
21508 3.46147 2.94703 1.91261
31959 9.50309 6.9881 2.85238
26533 14.2119 11.826 8.39989
38994 11.273 9.24875 4.7683
28945 5.95811 4.44087 2.30587
24121 9.87078 8.17645 5.54314
36582 4.08461 3.33789 1.5293
21709 3.7876 3.21699 2.06295
34371 8.03898 6.07649 2.87156
32160 9.35966 6.90451 2.89338
26734 13.1346 10.8281 7.6053
39195 11.8145 9.66468 5.07784
29146 6.33659 4.71563 2.33563
36783 4.32274 3.53043 1.60956
24322 10.2347 8.5078 5.82563
21910 4.26219 3.59453 2.28159
32361 9.10645 6.74807 2.93919
34572 7.83855 5.92674 2.79591
39396 12.2786 10.031 5.35839
26935 11.9552 9.76129 6.73655
29347 6.76523 5.03009 2.37099
36984 4.5523 3.72498 1.69262
24523 10.6574 8.89164 6.15221
22111 4.92491 4.11419 2.59111
32562 8.87612 6.59391 2.94948
39597 12.6026 10.3092 5.58626
34773 7.50875 5.68733 2.6702
29548 7.21155 5.35178 2.42975
27136 10.6878 8.63728 5.83929
37185 4.81711 3.95267 1.79162
24724 11.0616 9.26632 6.4815
22312 5.67411 4.69781 2.94445
30151 8.2218 6.10272 2.66288
34974 7.06839 5.36977 2.50451
39798 12.8903 10.5555 5.77956
29749 7.62565 5.65081 2.49867
27337 9.29659 7.43563 4.9137
37386 5.23184 4.29753 1.94898
24925 11.572 9.73532 6.86073
22513 6.38806 5.25231 3.2879
30352 8.43729 6.27495 2.74235
39999 13.1526 10.7786 5.94104
32764 8.27919 6.17874 2.9659
27538 8.0719 6.38969 4.1248
29950 7.95144 5.8938 2.58021
20102 2.22094 1.88048 1.33326
22715 6.84353 5.63477 3.56323
37587 5.78828 4.77079 2.16846
30553 8.71241 6.47992 2.82827
32965 8.17613 6.1171 2.95111
40200 13.3752 10.9658 6.05601
25127 11.8884 10.0557 7.10063
35176 6.45216 4.87357 2.31781
20303 2.34494 1.98648 1.39004
27740 6.34783 4.99031 3.29435
30754 8.9577 6.66061 2.89681
22916 7.46455 6.17561 3.92039
33166 8.14564 6.08835 2.94751
37789 6.66315 5.55048 2.58965
25328 12.4912 10.5605 7.60564
35377 5.92471 4.52912 2.15019
27941 5.78973 4.51806 2.91487
20504 2.49091 2.11143 1.45737
23117 8.15627 6.7772 4.3242
33367 8.14683 6.07389 2.94797
30955 9.13699 6.78521 2.91585
37990 7.3813 6.17829 2.89875
25529 13.0583 11.0266 8.06796
35578 5.12005 4.00653 1.92731
28142 5.33796 4.1336 2.60498
23318 8.7306 7.27982 4.67597
20705 2.65723 2.25332 1.53657
33568 8.1139 6.05651 2.94402
31156 9.27832 6.88156 2.92766
38191 7.95488 6.67186 3.16326
35779 4.33066 3.49056 1.7123
25730 13.6569 11.5166 8.46551
28343 4.9502 3.80079 2.34295
20906 2.86294 2.42758 1.6434
33769 8.0832 6.04832 2.93833
23519 9.1074 7.61187 4.93384
31357 9.39963 6.962 2.93539
38392 8.72068 7.26643 3.54105
35980 4.03874 3.28706 1.62093
25931 14.0228 11.8005 8.68475
28544 4.88032 3.71983 2.22005
21107 3.09566 2.62389 1.76645
23720 9.33367 7.80436 5.09894
33970 8.08537 6.07236 2.93468
38593 9.56292 7.9042 3.96072
31558 9.47886 7.01127 2.94202
36181 3.87898 3.17198 1.56625
26132 14.1964 11.9141 8.76251
28745 5.00581 3.79233 2.16904
21308 3.3384 2.82959 1.8907
34171 8.12711 6.11082 2.9348
23921 9.51607 7.95639 5.24211
38794 10.4406 8.56112 4.38932
36382 3.86468 3.16016 1.56272
31759 9.48715 7.01387 2.95026
26333 14.0713 11.7673 8.63079
21509 3.61791 3.06137 2.01691
28946 5.33268 4.02926 2.18842
34372 8.13158 6.10734 2.9221
24122 9.74957 8.16383 5.43074
38995 11.1818 9.12131 4.75724
31960 9.37484 6.93645 2.95663
29147 5.71355 4.30943 2.22367
21710 3.96262 3.34067 2.167
26534 13.5245 11.2449 8.21635
36583 4.02757 3.2923 1.59538
34573 7.78322 5.8341 2.79383
24323 10.0192 8.40816 5.64365
39196 11.5817 9.43683 4.97056
32161 9.11403 6.76091 2.97319
29348 6.10206 4.59878 2.26899
21911 4.43686 3.71416 2.37333
36784 4.28303 3.49997 1.65157
26735 12.5414 10.3387 7.49499
34774 7.36455 5.51514 2.64178
24524 10.3251 8.68427 5.88404
39397 11.9138 9.71227 5.16273
32362 8.76835 6.52715 2.99252
29549 6.53596 4.91539 2.35771
22112 5.019 4.16972 2.63992
36985 4.46127 3.64927 1.71068
24725 10.666 8.98783 6.15956
26936 11.4382 9.35257 6.67562
39598 12.1482 9.92185 5.31646
34975 6.92991 5.20087 2.48161
32563 8.46186 6.30734 2.97741
29750 6.94227 5.21637 2.46016
22313 5.68612 4.69233 2.95627
37186 4.67819 3.83339 1.7925
24926 11.1644 9.42625 6.54909
39799 12.386 10.1289 5.46808
27137 10.1518 8.22471 5.75531
32765 7.35715 5.51355 2.78796
30152 7.67417 5.78306 2.6977
29951 7.36303 5.53366 2.58303
22514 6.26128 5.1496 3.24831
37387 5.11928 4.20459 1.96512
22716 6.70708 5.54991 3.56116
40000 12.6303 10.3381 5.61833
27338 8.56623 6.86453 4.70704
32966 7.44966 5.57137 2.77917
30353 7.98445 6.0313 2.81138
27741 6.07385 4.76768 3.23255
20103 2.26163 1.90689 1.38149
22917 7.41123 6.17476 3.9652
37588 5.74542 4.74418 2.21502
40201 12.8349 10.5133 5.72285
27539 7.30137 5.79157 3.8954
33167 7.594 5.66621 2.80332
27942 5.50727 4.29662 2.86529
30554 8.37389 6.32125 2.93021
20304 2.39588 2.02048 1.44635
23118 8.15114 6.82371 4.38472
35177 6.09099 4.59855 2.22537
37790 6.51614 5.41737 2.59742
25128 11.3632 9.60735 6.75411
28143 5.06153 3.92482 2.56162
33368 7.68961 5.72874 2.82387
30755 8.69761 6.56039 3.02107
20505 2.56365 2.1624 1.52896
23319 8.71746 7.31938 4.70974
35378 5.52951 4.24142 2.06059
37991 7.1818 5.98554 2.91013
25329 12.0215 10.1348 7.35499
28344 4.67319 3.59884 2.28741
33569 7.65658 5.71476 2.82042
30956 8.92479 6.72623 3.0689
20706 2.75845 2.32733 1.62434
23520 8.9713 7.54501 4.87308
38192 7.80396 6.50038 3.22622
25530 12.681 10.665 7.92374
35579 4.81415 3.78363 1.86545
28545 4.61112 3.53754 2.17501
33770 7.59708 5.68439 2.8091
31157 9.09491 6.82911 3.05892
20907 2.98483 2.51808 1.74246
23721 9.20547 7.76387 5.02551
38393 8.58691 7.09687 3.61984
25731 13.3194 11.1907 8.37799
28746 4.70896 3.60128 2.1277
35780 4.17058 3.36918 1.69051
31358 9.2296 6.89877 3.02763
33971 7.53424 5.65269 2.79258
21108 3.23307 2.72612 1.86869
23922 9.42906 7.9762 5.17858
38594 9.42371 7.72858 4.0208
28947 4.95991 3.78381 2.13808
25932 13.6028 11.4053 8.57462
31559 9.24735 6.8877 2.98725
35981 3.93815 3.20926 1.62277
34172 7.55804 5.67047 2.78381
38795 10.3539 8.43567 4.42212
24123 9.59992 8.12963 5.31003
21309 3.50957 2.95442 2.00623
26133 13.6469 11.4096 8.59351
29148 5.24248 3.99486 2.15707
31760 9.13533 6.79508 2.95402
36182 3.81427 3.12021 1.58735
34373 7.55864 5.66286 2.76017
38996 10.993 8.93047 4.70253
24324 9.74746 8.26254 5.42139
21510 3.81412 3.19965 2.13589
29349 5.54289 4.22162 2.18975
31961 8.9238 6.64266 2.93529
26334 13.4523 11.2104 8.42064
36383 3.78753 3.09754 1.58083
24525 9.9158 8.40961 5.54427
21711 4.16787 3.4806 2.27957
34574 7.29301 5.44619 2.64898
39197 11.3588 9.22905 4.86974
29550 5.87344 4.46991 2.27461
26535 12.994 10.776 8.05526
32162 8.61168 6.42292 2.91778
36584 3.95296 3.2314 1.61369
24726 10.1985 8.64678 5.75828
21912 4.59919 3.81741 2.45758
39398 11.6204 9.45454 5.00009
34775 6.96396 5.19346 2.52131
26736 12.2794 10.1169 7.50441
32363 8.20383 6.13374 2.89064
29751 6.19444 4.71438 2.36968
36785 4.18565 3.4205 1.66266
22113 5.09233 4.20744 2.6817
24927 10.6674 9.03544 6.14881
39599 11.8023 9.62101 5.10606
34976 6.592 4.92869 2.38325
32564 7.63548 5.72111 2.82967
26937 11.184 9.14833 6.68204
29952 6.54266 4.9821 2.47686
36986 4.34195 3.54882 1.71625
22314 5.63674 4.64262 2.94911
22717 6.71595 5.5798 3.651
39800 11.9676 9.76957 5.21562
32766 6.47326 4.88313 2.58032
30153 6.85579 5.23035 2.57937
27138 9.83238 7.97179 5.70749
27742 5.88452 4.62179 3.23593
22515 6.13095 5.05155 3.22981
37187 4.57703 3.74576 1.8078
22918 7.29507 6.09549 3.9744
40001 12.1125 9.89828 5.31572
32967 6.57703 4.93956 2.56663
30354 7.13594 5.45695 2.67776
27339 8.19284 6.56461 4.60559
27943 5.2731 4.11667 2.83455
20104 2.30626 1.94397 1.44046
37388 5.0174 4.11908 1.98553
23119 7.92846 6.65987 4.35724
40202 12.2346 10.0018 5.39265
33168 6.76439 5.06517 2.59864
30555 7.47982 5.72425 2.78843
27540 6.98468 5.53619 3.81416
28144 4.77556 3.70645 2.49053
20305 2.47521 2.08478 1.5364
37589 5.68779 4.69738 2.25802
33369 6.92569 5.17888 2.63305
23320 8.44234 7.12065 4.67531
30756 7.81688 5.97677 2.89383
37791 6.26399 5.17793 2.57567
28345 4.40291 3.39975 2.21545
25129 10.9199 9.20652 6.61614
20506 2.657 2.23695 1.63396
35178 5.55641 4.22418 2.08572
23521 8.74419 7.39898 4.87492
37992 6.87531 5.68824 2.90186
33570 6.93826 5.1977 2.6383
30957 8.09623 6.17774 2.97516
25330 11.5582 9.70152 7.23127
28546 4.3521 3.35561 2.10557
20707 2.87799 2.42221 1.74993
35379 4.97241 3.85713 1.92371
23722 9.03363 7.66002 5.03841
38193 7.53434 6.22483 3.27352
33771 6.86294 5.14893 2.61718
31158 8.07379 6.13784 2.92385
25531 12.1817 10.1909 7.78406
28747 4.42663 3.409 2.05578
35580 4.42805 3.51173 1.77003
20908 3.13164 2.63305 1.87761
23923 9.26121 7.86658 5.16607
38394 8.33005 6.83951 3.74713
33972 6.75029 5.06967 2.5827
31359 8.08933 6.11967 2.86796
25732 12.789 10.687 8.20702
28948 4.63445 3.56209 2.06235
35781 4.00038 3.23706 1.64596
21109 3.39972 2.85148 2.00244
24124 9.34944 7.95077 5.22787
38595 9.05121 7.39481 4.14007
31560 8.28075 6.23158 2.86674
34173 6.80344 5.10375 2.57473
29149 4.84754 3.723 2.07763
35982 3.8163 3.11318 1.58575
25933 13.049 10.8838 8.38783
24325 9.49375 8.07331 5.33905
21310 3.68045 3.07337 2.12317
38796 9.76573 7.94761 4.45592
34374 6.79266 5.08594 2.54149
31761 8.1581 6.12986 2.83228
29350 5.06888 3.89251 2.10758
24526 9.67368 8.22177 5.48664
36183 3.73197 3.05295 1.55688
21511 4.00332 3.32527 2.24507
38997 10.2609 8.3386 4.66594
26134 13.1359 10.9362 8.43694
34575 6.6675 4.97419 2.46638
31962 7.84252 5.89879 2.78313
29551 5.30034 4.07223 2.18063
24727 9.94665 8.44354 5.68971
36384 3.72093 3.04287 1.55131
21712 4.32566 3.57528 2.3653
34776 6.40462 4.77934 2.35781
26335 13.0544 10.8508 8.35705
32163 7.54987 5.6859 2.75654
39198 10.6705 8.67128 4.81964
29752 5.53185 4.25186 2.25777
24928 10.3525 8.7638 6.06032
36585 3.83953 3.13739 1.58717
21913 4.66976 3.83995 2.50353
34977 6.07767 4.55566 2.23704
26536 12.5668 10.4066 7.97837
32364 7.1943 5.42608 2.71524
39399 10.9853 8.93591 4.92048
22718 6.67604 5.54877 3.67198
36786 4.01811 3.28181 1.64274
29953 5.79427 4.45573 2.3429
22114 5.06429 4.16429 2.68981
32767 5.57811 4.25094 2.35111
26737 11.7359 9.65877 7.3385
32565 6.68841 5.05261 2.63485
39600 11.2414 9.15558 5.00235
22919 7.19652 6.01342 3.96531
36987 4.25062 3.47305 1.72543
22315 5.53037 4.55903 2.93733
27743 5.71946 4.4981 3.25163
32968 5.5601 4.2216 2.32237
26938 10.4598 8.52879 6.38789
30154 6.01198 4.6341 2.41315
39801 11.3805 9.27951 5.06857
23120 7.72063 6.49012 4.29887
37188 4.58962 3.75504 1.85907
22516 6.12344 5.06333 3.3027
27944 4.98735 3.89338 2.75819
33169 5.68739 4.30571 2.34356
27139 9.16498 7.3987 5.4477
30355 6.23558 4.81894 2.48685
23321 8.19953 6.92922 4.61336
37389 5.05191 4.14252 2.05159
20105 2.37778 2.01084 1.51755
40002 11.5123 9.39425 5.12944
28145 4.48571 3.48333 2.39974
33370 5.81642 4.39732 2.36942
27340 7.78169 6.21482 4.48885
30556 6.48085 5.01918 2.57077
23522 8.58225 7.28306 4.8666
37590 5.61688 4.62419 2.29166
20306 2.56861 2.16798 1.62988
40203 11.59 9.45678 5.18116
28346 4.13774 3.20243 2.13201
33571 5.92384 4.48055 2.39318
27541 6.73992 5.33629 3.79534
30757 6.78669 5.25147 2.67774
35179 4.6382 3.61708 1.85017
23723 8.87141 7.54061 5.02848
20507 2.77996 2.34124 1.7458
37792 6.0727 4.98317 2.57772
28547 4.07877 3.15734 2.0114
33772 5.85409 4.42676 2.35874
25130 10.449 8.76388 6.52834
30958 7.02542 5.42344 2.76467
35380 4.23848 3.36763 1.73462
23924 9.06924 7.71654 5.13123
20708 3.00531 2.5249 1.85978
33973 5.7548 4.34756 2.31108
25331 11.0715 9.24436 7.12566
37993 6.71645 5.50652 2.95478
28748 4.15385 3.21428 1.9604
31159 6.82199 5.25672 2.68503
24125 9.10871 7.75861 5.15639
20909 3.29032 2.75405 1.98376
35581 3.93671 3.17465 1.6438
25532 11.6929 9.73537 7.66024
34174 5.78551 4.35963 2.29161
38194 7.36447 6.02818 3.36702
28949 4.34161 3.35424 1.96729
31360 6.80224 5.21917 2.64109
24326 9.22767 7.8525 5.27347
35782 3.7294 3.03818 1.57704
21110 3.56937 2.97393 2.09455
25733 12.2516 10.1929 8.04262
38395 8.08648 6.59895 3.86426
34375 5.80896 4.36948 2.26722
29150 4.51099 3.48171 1.98812
31561 7.14329 5.44332 2.68982
24527 9.4212 8.00039 5.45785
35983 3.62099 2.96257 1.53657
21311 3.82974 3.17342 2.18627
25934 12.5066 10.3907 8.21173
38596 8.64118 7.04198 4.22347
34576 5.69446 4.28341 2.20071
29351 4.67667 3.6083 2.02071
31762 6.9624 5.3013 2.64858
36184 3.59172 2.94062 1.52237
24728 9.68761 8.20637 5.6819
21512 4.1691 3.4357 2.30199
26135 12.6307 10.4811 8.2768
38797 9.05651 7.37582 4.46758
29552 4.83963 3.73705 2.07645
34777 5.41045 4.09967 2.09404
36385 3.61876 2.96053 1.52746
31963 6.51641 4.97406 2.56672
24929 10.0408 8.46859 6.05124
21713 4.49315 3.68739 2.41898
26336 12.6036 10.4545 8.23724
38998 9.44219 7.68627 4.64209
29753 4.98085 3.84406 2.12728
34978 5.05018 3.87288 1.97148
36586 3.72902 3.04802 1.56857
22719 6.61065 5.47842 3.63696
32164 6.2755 4.79385 2.54408
21914 4.75844 3.89432 2.5299
26537 12.0602 9.97231 7.81084
39199 9.84532 8.01159 4.79154
29954 5.11819 3.9471 2.17438
32768 4.79522 3.7017 2.16098
36787 3.9159 3.19962 1.63659
22920 7.11154 5.92486 3.93187
32365 6.0332 4.60971 2.50139
26738 11.0583 9.08513 7.05751
22115 5.08788 4.17474 2.6982
39400 10.2555 8.34663 4.89394
27744 5.45352 4.28307 3.15351
32969 4.7772 3.68103 2.14384
36988 4.19769 3.43125 1.73846
32566 5.72799 4.3757 2.41072
26939 9.68607 7.86706 6.04693
23121 7.58542 6.36439 4.2356
22316 5.51334 4.54544 2.94362
39601 10.5659 8.6028 4.97433
27945 4.68982 3.65073 2.61928
33170 4.90036 3.76653 2.16923
37189 4.58923 3.75475 1.896
30155 5.2213 4.03833 2.20008
27140 8.44428 6.78027 5.14009
23322 8.04291 6.78854 4.53899
39802 10.7274 8.74058 5.02907
22517 6.11402 5.05906 3.33354
28146 4.16764 3.22991 2.24572
33371 5.03047 3.85917 2.1979
30356 5.33189 4.13473 2.23099
37390 5.05315 4.13879 2.09153
27341 7.3715 5.86622 4.36886
23523 8.4662 7.17743 4.82625
40003 10.834 8.8294 5.08205
20106 2.46487 2.09617 1.60568
28347 3.8161 2.95281 1.98177
33572 5.13027 3.9324 2.21939
30557 5.4136 4.20417 2.26261
37591 5.54657 4.54754 2.31808
27542 6.51567 5.15471 3.78492
23724 8.71239 7.39791 4.9764
40204 10.9249 8.90127 5.13542
28548 3.72536 2.88517 1.87133
20307 2.67401 2.26599 1.72661
33773 5.10234 3.90217 2.18889
30758 5.55052 4.31027 2.31414
35180 3.86379 3.10667 1.65521
25131 10.0408 8.35212 6.53864
37793 6.17585 5.03061 2.68172
23925 8.85728 7.52869 5.0625
20508 2.90105 2.44682 1.84404
33974 5.03318 3.84025 2.1434
35381 3.65101 2.97373 1.58479
30959 5.72779 4.44345 2.37578
25332 10.6099 8.80487 7.07361
28749 3.75872 2.91251 1.83277
37994 6.90359 5.60749 3.09989
24126 8.87813 7.55438 5.0917
20709 3.13267 2.6279 1.94877
34175 5.03524 3.82803 2.11044
28950 3.86595 2.99577 1.83738
35582 3.52845 2.89021 1.53926
31160 5.73664 4.44539 2.36943
25533 11.2161 9.31032 7.5588
38195 7.52783 6.10422 3.49004
24327 8.97126 7.61396 5.23112
20910 3.43955 2.86413 2.05522
34376 4.99588 3.7971 2.06385
29151 3.98847 3.09441 1.86753
31361 5.77073 4.46161 2.37453
38396 8.08275 6.54819 3.8637
24528 9.11574 7.7054 5.42849
25734 11.8002 9.81658 7.94746
21111 3.70499 3.06561 2.13607
35783 3.46045 2.83964 1.50887
34577 4.90584 3.74149 2.00261
29352 4.12679 3.20416 1.91008
31562 5.92408 4.56297 2.4211
38597 8.53042 6.92201 4.17129
25935 12.1197 10.0795 8.1169
24729 9.34766 7.86094 5.70618
21312 3.94109 3.24199 2.1969
35984 3.42278 2.80846 1.48794
34778 4.55902 3.53028 1.88051
29553 4.29845 3.33712 1.96987
31763 5.66698 4.37057 2.37408
38798 8.91347 7.24543 4.42394
26136 12.1778 10.1122 8.09787
24930 9.66129 8.07921 6.08676
36185 3.44235 2.82187 1.48872
21513 4.28983 3.51477 2.31126
34979 4.18105 3.30088 1.75504
29754 4.44686 3.44832 2.02656
31964 5.27392 4.08094 2.29759
38999 9.25763 7.53495 4.60501
26337 11.8616 9.82164 7.8147
22720 6.54787 5.41249 3.61059
36386 3.50419 2.86938 1.50685
32769 4.12059 3.23008 2.00197
29955 4.59114 3.55521 2.07576
21714 4.63361 3.78802 2.43648
32165 5.10509 3.9528 2.27263
26538 11.1068 9.15025 7.23557
39200 9.5666 7.79095 4.74193
22921 7.0434 5.84803 3.90684
32970 4.1557 3.257 2.00973
36587 3.63045 2.9702 1.55376
32366 4.97905 3.85363 2.24119
27745 5.1175 4.01378 2.99606
21915 4.85467 3.96989 2.53939
26739 10.0909 8.25273 6.47767
23122 7.5052 6.27582 4.19842
39401 9.82692 8.00086 4.80928
33171 4.29495 3.36 2.04556
32567 4.87316 3.76694 2.19604
36788 3.85168 3.1508 1.63633
27946 4.35445 3.38168 2.44354
22116 5.16995 4.24173 2.71699
26940 9.0281 7.31878 5.69004
23323 7.92795 6.66953 4.4765
39602 10.0486 8.18085 4.87459
33372 4.39942 3.43586 2.07407
30156 4.71029 3.65115 2.09676
36989 4.15796 3.40249 1.75034
28147 3.8493 2.97766 2.08112
27141 7.95071 6.38538 4.91418
22317 5.56428 4.58267 2.95965
39803 10.206 8.31039 4.93462
23524 8.31611 7.02973 4.74127
33573 4.49174 3.50006 2.09604
30357 4.76453 3.69936 2.10629
37190 4.57903 3.74805 1.91596
28348 3.50873 2.71215 1.83671
22518 6.09209 5.02854 3.31481
27342 6.96678 5.54554 4.21979
23725 8.5209 7.2154 4.88288
33774 4.5211 3.50974 2.08275
40004 10.3218 8.40007 4.9935
30558 4.74954 3.69436 2.10831
28549 3.3962 2.62737 1.74327
37391 5.05291 4.13466 2.11495
27543 6.17818 4.88536 3.6652
20107 2.54981 2.17666 1.68336
23926 8.64602 7.32663 4.98796
40205 10.4104 8.46621 5.05528
33975 4.53794 3.5092 2.05949
30759 4.79053 3.72937 2.11832
37592 5.58096 4.55671 2.37051
28750 3.36761 2.60908 1.70776
25132 9.85128 8.15885 6.52809
20308 2.72742 2.31248 1.76973
24127 8.68438 7.35587 5.06777
30960 4.85433 3.7809 2.13541
37794 6.26459 5.079 2.78207
28951 3.39327 2.63434 1.71092
35181 3.58562 2.91846 1.59912
34176 4.54614 3.5032 2.02683
25333 10.3923 8.60707 7.01086
20509 2.93273 2.46895 1.8568
24328 8.76375 7.39636 5.21821
31161 4.91837 3.8312 2.15475
37995 7.05353 5.69419 3.22515
35382 3.4424 2.8239 1.53936
29152 3.47054 2.70584 1.75076
20710 3.1636 2.64528 1.94374
25534 10.9535 9.08628 7.45002
24529 8.89102 7.4659 5.4227
34377 4.46143 3.44768 1.96421
38196 7.601 6.13178 3.55191
31362 4.92812 3.84007 2.17594
35583 3.3604 2.76427 1.49503
29353 3.58996 2.80435 1.8041
20911 3.41696 2.8351 2.01515
25735 11.4917 9.55567 7.81752
34578 4.30018 3.34955 1.87999
24730 9.12429 7.61949 5.71042
38397 8.05287 6.50077 3.83741
31563 4.85517 3.78677 2.1879
35784 3.3029 2.71877 1.46368
29554 3.76936 2.94109 1.87252
25936 11.7345 9.75638 7.93455
34779 4.03295 3.19065 1.7698
21112 3.68953 3.03778 2.09147
38598 8.46194 6.85379 4.11679
24931 9.44887 7.85291 6.08938
31764 4.55226 3.56388 2.12636
35985 3.26626 2.68826 1.44251
29755 3.99429 3.11256 1.95964
26137 11.688 9.70047 7.83753
34980 3.77608 3.0364 1.66996
38799 8.8364 7.17919 4.36521
21313 3.96955 3.24625 2.17818
36186 3.30658 2.71871 1.4535
31965 4.26999 3.35489 2.06171
29956 4.19473 3.26308 2.0314
22721 6.47057 5.33557 3.58022
26338 11.2763 9.32331 7.48053
32770 3.77526 2.98125 1.92482
39000 9.16204 7.46181 4.55106
21514 4.30103 3.50672 2.30798
36387 3.39174 2.78492 1.48368
32166 4.13443 3.25127 2.02256
27746 4.69591 3.68547 2.76974
22922 6.97457 5.77283 3.8837
26539 10.4895 8.62535 6.88964
32971 3.86736 3.05088 1.96224
39201 9.3763 7.64326 4.66246
21715 4.62266 3.76609 2.44483
32367 4.10626 3.22482 2.00893
36588 3.52685 2.8917 1.53554
27947 3.95253 3.0734 2.22378
23123 7.43596 6.19584 4.16968
26740 9.55141 7.80117 6.20041
33172 3.98458 3.13994 2.0037
32568 4.12664 3.23433 2.00618
21916 4.89878 3.9975 2.57351
36789 3.8125 3.12555 1.64518
39402 9.47113 7.71649 4.69431
28148 3.56741 2.75942 1.93558
26941 8.59991 6.97679 5.49484
23324 7.81227 6.54599 4.41295
33373 4.09478 3.22139 2.03904
30157 4.36843 3.38814 2.06729
22117 5.19673 4.25337 2.7473
36990 4.15151 3.40408 1.77484
28349 3.32152 2.56269 1.7563
39603 9.60503 7.82132 4.74689
27142 7.6191 6.13359 4.79781
23525 8.13533 6.84888 4.63457
33574 4.18406 3.2859 2.06439
22318 5.55151 4.5592 2.97363
30358 4.45925 3.46022 2.08975
37191 4.54234 3.72322 1.92808
28550 3.1481 2.42809 1.6441
23726 8.32969 7.02666 4.79165
27343 6.66345 5.31696 4.13271
39804 9.75725 7.94052 4.81081
33775 4.2327 3.31738 2.06381
37392 5.00045 4.09118 2.12707
30559 4.49116 3.49411 2.1021
22519 6.04097 4.97557 3.29638
28751 3.11061 2.40215 1.61275
23927 8.45804 7.13355 4.93646
33976 4.24583 3.32161 2.03872
40005 9.91556 8.05618 4.87837
27544 5.89671 4.66749 3.56986
28952 3.14642 2.43409 1.62629
37593 5.58536 4.54903 2.41839
30760 4.5009 3.50563 2.09331
20108 2.59698 2.2218 1.72687
34177 4.20841 3.29011 1.98883
24128 8.52943 7.17487 5.08416
40206 10.0649 8.17147 4.9527
25133 9.81495 8.11584 6.52077
29153 3.2777 2.54158 1.6912
35182 3.35457 2.75224 1.5583
30961 4.49411 3.50524 2.08598
20309 2.73952 2.3193 1.76976
24329 8.59261 7.18899 5.25132
34378 4.07447 3.20113 1.90366
35383 3.27632 2.69724 1.51278
29354 3.43484 2.66717 1.76309
25334 10.3751 8.60095 6.96996
37795 6.32884 5.12247 2.87662
31162 4.4397 3.47218 2.08764
20510 2.92017 2.44858 1.82262
24530 8.71554 7.25384 5.45034
34579 3.89889 3.08932 1.80772
35584 3.22061 2.6551 1.47184
29555 3.62879 2.8194 1.8461
25535 10.8845 9.03662 7.36198
31363 4.32022 3.38992 2.07251
20711 3.14342 2.61455 1.88971
24731 8.9535 7.42213 5.7086
37996 7.10441 5.72774 3.30585
34780 3.66516 2.9464 1.69782
35785 3.16657 2.61248 1.43738
25736 11.2926 9.37943 7.6618
29756 3.86433 3.00508 1.95672
31564 4.16821 3.2823 2.04592
20912 3.34545 2.76273 1.93638
24932 9.33862 7.72445 6.08615
34981 3.47846 2.83181 1.61262
38197 7.56547 6.10883 3.5751
35986 3.14738 2.59713 1.42141
25937 11.3326 9.40409 7.66069
29957 4.08417 3.17511 2.05381
31765 3.92208 3.10288 1.97601
21113 3.59145 2.94476 2.01002
22722 6.34184 5.21692 3.53165
32771 3.574 2.83748 1.89955
36187 3.19358 2.63367 1.43592
38398 7.97658 6.45922 3.82624
31966 3.72514 2.95761 1.91197
27747 4.35547 3.42658 2.58781
26138 11.2036 9.28145 7.53196
21314 3.91289 3.18531 2.13058
22923 6.84257 5.65525 3.83728
32972 3.69925 2.93212 1.9552
36388 3.2951 2.71352 1.47304
38599 8.36126 6.80026 4.07638
32167 3.63021 2.88501 1.86977
27948 3.59795 2.80426 2.02666
26339 10.9252 9.02825 7.2991
21515 4.21277 3.42232 2.27456
23124 7.28701 6.05727 4.1147
33173 3.81735 3.02229 2.00542
38800 8.70049 7.09735 4.28678
28149 3.30002 2.55857 1.80171
32368 3.6315 2.88047 1.86689
36589 3.45229 2.83797 1.53329
23325 7.68392 6.41947 4.37181
21716 4.52721 3.67867 2.43004
26540 10.2604 8.44596 6.82542
33374 3.9308 3.10753 2.04874
