0 0.262106 0.217291 0.202888
15075 1.0728 0.896084 0.823351
17487 2.51894 2.15412 1.94794
10050 0.496309 0.391098 0.310542
7437 0.381818 0.308021 0.255749
5025 0.369791 0.315398 0.300374
12462 1.79326 1.40334 1.02241
2412 0.410142 0.341775 0.329891
15276 1.08224 0.9083 0.853493
201 0.270205 0.223928 0.210934
10251 0.521499 0.41189 0.325361
7638 0.393101 0.316148 0.26074
17688 2.56369 2.19448 1.98281
12663 1.73126 1.36213 1.00171
2613 0.396962 0.329893 0.317219
5226 0.361841 0.307607 0.289457
15477 1.12284 0.946785 0.900135
402 0.281436 0.233525 0.221212
10452 0.56382 0.446946 0.35282
7839 0.404756 0.325016 0.26647
17889 2.54333 2.17889 1.96223
12864 1.64515 1.3028 0.962781
5427 0.352778 0.298653 0.277155
2814 0.381481 0.315169 0.301848
15678 1.17891 0.998664 0.955965
603 0.297897 0.24816 0.235385
10653 0.656032 0.520211 0.410676
8040 0.415979 0.334345 0.272527
18090 2.42997 2.08061 1.84398
13065 1.5396 1.22848 0.911356
3015 0.368006 0.3022 0.288689
5628 0.342337 0.288883 0.264464
15879 1.25099 1.0649 1.02225
804 0.318683 0.266938 0.252835
10854 0.768682 0.609119 0.479491
8241 0.43008 0.344645 0.279511
18291 2.32477 1.98986 1.73074
13266 1.40001 1.12687 0.847672
3216 0.362588 0.297074 0.284778
5829 0.333775 0.280521 0.252992
16080 1.35043 1.15395 1.10245
1005 0.340334 0.285287 0.271423
11055 0.897443 0.710287 0.555772
8442 0.446111 0.355424 0.287081
18492 2.22971 1.90858 1.62503
13467 1.27847 1.03737 0.797242
6030 0.329854 0.275631 0.244723
3417 0.361449 0.296485 0.285671
16281 1.47697 1.26451 1.19875
1206 0.362926 0.303613 0.290657
11256 1.04854 0.827595 0.640147
8643 0.455359 0.362205 0.292553
18693 2.12296 1.81639 1.49772
13668 1.18876 0.970223 0.766619
6231 0.333589 0.277098 0.244852
3618 0.36552 0.301579 0.292385
16482 1.66693 1.42348 1.34079
11457 1.21666 0.957126 0.730664
1407 0.389374 0.323439 0.311459
8844 0.462025 0.367054 0.297065
13869 1.12924 0.924663 0.742682
18894 2.03246 1.73746 1.38032
6432 0.342417 0.28266 0.249637
3819 0.369448 0.307138 0.298036
16683 1.85523 1.58052 1.47913
11658 1.40171 1.09841 0.825958
1608 0.410714 0.339336 0.328307
9045 0.466857 0.369865 0.300866
14070 1.0877 0.893447 0.729663
19095 1.97291 1.68434 1.28703
6633 0.35352 0.289213 0.250679
4020 0.373376 0.31306 0.303167
16884 2.03298 1.72956 1.60651
11859 1.58984 1.24178 0.919305
9246 0.468608 0.370239 0.301504
1809 0.418321 0.345862 0.335377
14271 1.068 0.881478 0.738425
19296 1.95899 1.66991 1.23771
6834 0.362757 0.29482 0.250942
4221 0.376238 0.317738 0.307067
17085 2.21551 1.88994 1.73168
12060 1.76015 1.37184 1.00126
9447 0.469063 0.369727 0.300416
2010 0.421152 0.349142 0.338662
14472 1.06428 0.881577 0.758679
19497 1.97865 1.68521 1.21623
12261 1.80512 1.40845 1.02406
7035 0.365567 0.297004 0.250291
17286 2.38442 2.03846 1.84902
4422 0.378434 0.321564 0.310403
9648 0.476977 0.376374 0.304641
2211 0.419037 0.349047 0.337921
14673 1.06755 0.886987 0.783683
19698 2.04622 1.74404 1.22947
10051 0.514701 0.401507 0.314105
4623 0.378582 0.322914 0.311643
15076 1.04886 0.886542 0.833265
9849 0.486481 0.384096 0.308797
7236 0.37204 0.301437 0.251981
1 0.294198 0.244713 0.232773
14874 1.0691 0.890135 0.801439
19899 2.12016 1.80846 1.25768
10252 0.549227 0.429282 0.334619
4824 0.375841 0.321004 0.308602
15277 1.07263 0.90874 0.86996
7438 0.396773 0.317001 0.259185
5026 0.381367 0.328496 0.307932
12463 1.93366 1.51448 1.12135
202 0.305242 0.253061 0.242216
17488 2.53376 2.16004 1.95676
10453 0.603174 0.47288 0.368588
2413 0.392802 0.327348 0.31562
15478 1.11748 0.949079 0.917614
7639 0.408988 0.326398 0.266151
12664 1.77566 1.40214 1.07837
5227 0.371639 0.31853 0.292004
403 0.316645 0.262213 0.251005
10654 0.74247 0.580894 0.448329
17689 2.60112 2.21864 2.00862
15679 1.17739 1.00238 0.971837
2614 0.387186 0.322136 0.310495
7840 0.422014 0.336562 0.274005
12865 1.61655 1.28766 1.01193
5428 0.362417 0.308677 0.27689
604 0.329971 0.273503 0.261051
17890 2.61328 2.22914 2.009
15880 1.25644 1.07241 1.03192
10855 0.917464 0.715394 0.546117
2815 0.380667 0.315646 0.304211
8041 0.432412 0.345285 0.280238
5629 0.352307 0.298443 0.263748
13066 1.45979 1.17375 0.928759
805 0.344767 0.286907 0.272087
16081 1.35908 1.16311 1.1031
18091 2.49042 2.12226 1.86285
3016 0.3747 0.309573 0.298543
8242 0.44404 0.353948 0.286492
11056 1.11608 0.866611 0.654342
5830 0.344525 0.289951 0.253034
13267 1.31516 1.06733 0.851044
1006 0.359799 0.299368 0.284034
18292 2.36168 2.01256 1.72175
16282 1.48595 1.27335 1.18989
3217 0.373854 0.308958 0.298904
8443 0.457463 0.362744 0.292921
6031 0.344142 0.286874 0.247845
11257 1.32376 1.02443 0.763893
13468 1.19759 0.981043 0.792798
1207 0.374552 0.310767 0.29643
16483 1.66596 1.42157 1.32296
18493 2.23831 1.90894 1.59401
3418 0.375682 0.311327 0.3022
8644 0.463513 0.366867 0.296028
6232 0.349879 0.288864 0.248306
11458 1.53639 1.18643 0.874128
1408 0.387903 0.320381 0.306975
13669 1.12442 0.928245 0.767009
16684 1.86059 1.58161 1.46671
18694 2.10928 1.79743 1.44788
3619 0.381485 0.318318 0.309643
8845 0.466388 0.368758 0.297554
13870 1.07819 0.894545 0.752943
11659 1.75347 1.35368 0.984983
6433 0.360845 0.295315 0.253464
3820 0.387104 0.325496 0.316702
1609 0.398017 0.327629 0.314975
18895 2.00539 1.70661 1.32445
9046 0.468089 0.369202 0.298121
16885 2.06619 1.75216 1.61728
11860 1.93815 1.49775 1.07845
14071 1.04768 0.872648 0.747354
6634 0.37219 0.301672 0.255704
4021 0.392154 0.332452 0.323109
1810 0.399518 0.329696 0.317425
19096 1.94503 1.65262 1.2428
17086 2.26191 1.92207 1.76006
9247 0.467556 0.367495 0.296077
12061 2.06073 1.59641 1.1409
14272 1.03645 0.866383 0.754782
4222 0.396312 0.33858 0.329308
6835 0.381646 0.306737 0.25621
2011 0.398502 0.330129 0.318088
19297 1.93834 1.64609 1.21033
9448 0.465835 0.364491 0.292162
17287 2.42626 2.06634 1.87953
12262 2.03341 1.58269 1.14478
14473 1.02798 0.863568 0.769377
7036 0.383967 0.30772 0.254791
4423 0.39909 0.343302 0.334146
19498 1.96189 1.66678 1.2034
9649 0.476945 0.37257 0.296633
10052 0.54709 0.422736 0.323894
15077 1.03522 0.883855 0.833238
14674 1.02284 0.86369 0.788345
2212 0.396761 0.330139 0.318273
7237 0.38882 0.310945 0.255641
4624 0.396933 0.342643 0.331789
19699 2.0198 1.71879 1.22144
9850 0.493692 0.385365 0.304458
15278 1.06851 0.91168 0.869453
10253 0.599027 0.463754 0.35442
14875 1.03256 0.872211 0.807523
2 0.346931 0.290136 0.279639
19900 2.09716 1.78562 1.25423
4825 0.391617 0.338415 0.324154
5027 0.386993 0.334885 0.311604
7439 0.413892 0.328287 0.26445
15479 1.11353 0.953382 0.906145
203 0.35726 0.297014 0.287003
10454 0.676331 0.524479 0.399932
12464 2.03928 1.60497 1.23734
17489 2.67316 2.28448 2.05795
2414 0.377246 0.314318 0.302525
5228 0.381051 0.327493 0.297921
7640 0.425729 0.337791 0.271675
15680 1.17591 1.01084 0.95169
404 0.366751 0.303621 0.292594
10655 0.853267 0.66006 0.496189
12665 1.8374 1.45837 1.17277
17690 2.71106 2.3156 2.07433
2615 0.379284 0.315879 0.3048
5429 0.378079 0.322168 0.287804
7841 0.439797 0.34842 0.280535
15881 1.28002 1.10108 1.0276
605 0.375143 0.309659 0.297015
10856 1.07342 0.827453 0.613676
12866 1.63706 1.312 1.08423
17891 2.69175 2.29607 2.03606
5630 0.373371 0.315539 0.277994
2816 0.380359 0.316479 0.306127
8042 0.447744 0.355062 0.286275
806 0.377564 0.311694 0.296536
16082 1.40831 1.21028 1.12102
11057 1.32709 1.01825 0.746159
13067 1.44082 1.16792 0.974173
18092 2.59361 2.20877 1.89962
5831 0.369266 0.30929 0.269379
3017 0.380667 0.316398 0.306753
8243 0.454531 0.360446 0.291004
1007 0.379643 0.313105 0.296851
16283 1.55673 1.33497 1.22941
11258 1.57578 1.20609 0.874337
13268 1.28082 1.04883 0.880862
18293 2.49131 2.11934 1.76306
6032 0.372425 0.308428 0.267223
3218 0.382572 0.318523 0.309468
1208 0.382424 0.314574 0.299547
8444 0.461114 0.364793 0.294857
16484 1.72418 1.47286 1.35227
11459 1.8184 1.39085 0.999479
13469 1.15473 0.955107 0.809234
18494 2.39081 2.03259 1.63489
6233 0.377767 0.309483 0.26635
3419 0.385369 0.321897 0.313201
1409 0.382989 0.314778 0.300466
8645 0.46361 0.366099 0.295622
11660 2.04829 1.57098 1.12658
16685 1.92401 1.6393 1.50179
13670 1.08238 0.90291 0.775832
18695 2.2743 1.93134 1.50584
6434 0.383143 0.311201 0.264558
3620 0.390011 0.327764 0.318712
8846 0.463895 0.365664 0.294373
1610 0.381471 0.313858 0.299783
11861 2.22576 1.71418 1.23294
16886 2.1638 1.8422 1.68454
13871 1.02604 0.862976 0.752398
18896 2.16606 1.8368 1.39485
6635 0.387709 0.311647 0.260265
3821 0.39428 0.333602 0.324037
9047 0.463602 0.364536 0.29135
1811 0.378 0.312262 0.298392
12062 2.30701 1.7877 1.29872
17087 2.38178 2.03064 1.84882
14072 0.984414 0.834392 0.737921
19097 2.07081 1.75326 1.3099
6836 0.391874 0.311678 0.255406
4022 0.397393 0.338799 0.32869
12263 2.21476 1.72866 1.28774
9248 0.46293 0.362495 0.287314
2012 0.374746 0.310989 0.29742
19298 2.02047 1.70939 1.26107
14273 0.97912 0.833212 0.743558
7037 0.399472 0.316086 0.257313
17288 2.56505 2.19031 1.98427
4223 0.399695 0.343448 0.33333
10053 0.607213 0.465977 0.346488
9449 0.462627 0.359751 0.282508
2213 0.375539 0.312476 0.299777
14474 0.980823 0.837578 0.758602
7238 0.407518 0.321952 0.260884
19499 2.00603 1.69688 1.2376
15078 1.02595 0.883868 0.825964
4424 0.401164 0.347348 0.337405
10254 0.69637 0.534715 0.394918
9650 0.480186 0.371657 0.288956
3 0.392339 0.328494 0.318062
14675 0.987206 0.845364 0.780224
5028 0.390133 0.337876 0.313332
4625 0.398987 0.346686 0.334373
19700 2.0449 1.73104 1.24948
10455 0.822359 0.631398 0.46257
15279 1.06696 0.916614 0.860082
9851 0.508377 0.392483 0.302486
204 0.393848 0.32789 0.316809
14876 1.00801 0.862053 0.804343
5229 0.388806 0.333801 0.303535
4826 0.394891 0.343399 0.32712
19901 2.11952 1.79458 1.28394
15480 1.11428 0.961893 0.888817
7440 0.424987 0.336792 0.273918
10656 1.01235 0.775789 0.562615
405 0.395897 0.328358 0.316222
12465 2.10545 1.66964 1.36047
5430 0.391732 0.332988 0.298799
15681 1.18059 1.02526 0.928946
17490 2.85265 2.44707 2.17483
2415 0.376071 0.312244 0.300064
7641 0.431667 0.342616 0.278633
10857 1.24055 0.948464 0.681523
606 0.397058 0.328573 0.315365
12666 1.89813 1.51561 1.26927
5631 0.392453 0.330395 0.293058
15882 1.30682 1.13413 1.02034
17691 2.86803 2.4559 2.15589
2616 0.380055 0.316172 0.304792
7842 0.438033 0.347327 0.282928
807 0.390719 0.323743 0.309535
11058 1.5087 1.15027 0.818884
5832 0.39192 0.326749 0.286904
12867 1.68385 1.35669 1.15907
16083 1.46659 1.268 1.14144
17892 2.8209 2.40943 2.07821
2817 0.383511 0.319744 0.309096
8043 0.44261 0.350705 0.284247
1008 0.383527 0.318259 0.303723
6033 0.395387 0.325821 0.284988
13068 1.46387 1.19447 1.03141
16284 1.65018 1.42011 1.2823
11259 1.77206 1.35009 0.954265
18093 2.74255 2.3373 1.95605
8244 0.446333 0.3532 0.284244
3018 0.385953 0.32244 0.312358
1209 0.379333 0.314485 0.300844
6234 0.3991 0.325364 0.283131
16485 1.81812 1.5604 1.4052
11460 2.02526 1.54483 1.08793
13269 1.27764 1.05422 0.918608
18294 2.65092 2.25461 1.82636
8445 0.448559 0.354037 0.28324
3219 0.388252 0.325243 0.315435
1410 0.375329 0.310995 0.297763
6435 0.401659 0.325214 0.279579
16686 2.02533 1.73683 1.56027
18495 2.54638 2.16165 1.69456
11661 2.25459 1.72854 1.23587
13470 1.1289 0.941708 0.827721
8646 0.448236 0.352143 0.279171
3420 0.390321 0.328008 0.318188
1611 0.371756 0.308015 0.294412
6636 0.402785 0.323341 0.273193
16887 2.29676 1.97093 1.77028
18696 2.42333 2.05408 1.57452
11862 2.42861 1.87416 1.37125
13671 1.04864 0.882375 0.781454
8847 0.446236 0.348351 0.272893
3621 0.392581 0.33144 0.321053
1812 0.369677 0.306466 0.292682
6837 0.403128 0.320303 0.264605
17088 2.53744 2.17779 1.95559
18897 2.29655 1.9436 1.46608
12063 2.48198 1.93279 1.46485
13872 0.976467 0.831174 0.743251
9048 0.447367 0.348061 0.27018
3822 0.394234 0.334604 0.323512
2013 0.369053 0.306169 0.292411
7038 0.410559 0.324499 0.265829
17289 2.73587 2.34778 2.10331
19098 2.17657 1.83912 1.37805
12264 2.34506 1.84221 1.44598
9249 0.452319 0.350702 0.269808
4023 0.394464 0.337161 0.325484
14073 0.916995 0.790691 0.71414
2214 0.372004 0.308725 0.295668
7239 0.419122 0.330724 0.269862
15079 1.02074 0.8853 0.800025
19299 2.09406 1.76734 1.31539
9450 0.464632 0.358076 0.272034
10054 0.66613 0.509485 0.367119
4224 0.394545 0.33985 0.327848
14274 0.918021 0.795441 0.720093
4 0.432468 0.36099 0.349346
15280 1.06676 0.924561 0.83227
19500 2.05109 1.72976 1.27855
5029 0.3936 0.337034 0.315036
9651 0.49564 0.380622 0.286518
10255 0.77912 0.595534 0.426235
4425 0.394731 0.342858 0.330775
14475 0.933313 0.809831 0.73826
205 0.419542 0.349093 0.335572
19701 2.07903 1.75313 1.2872
15481 1.12791 0.981945 0.875731
5230 0.396012 0.335788 0.309984
9852 0.542195 0.415731 0.310838
10456 0.939929 0.71765 0.509175
4626 0.394202 0.343625 0.329196
14676 0.957548 0.829624 0.7659
406 0.411111 0.341598 0.327236
19902 2.15375 1.81601 1.32484
5431 0.401037 0.33745 0.308037
15682 1.20943 1.05862 0.934175
7441 0.429939 0.342166 0.284101
10657 1.14611 0.872978 0.614214
4827 0.393342 0.342933 0.324747
607 0.40592 0.337388 0.323186
14877 0.989566 0.855038 0.794905
17491 3.06981 2.64591 2.28313
5632 0.405137 0.33844 0.305964
15883 1.34096 1.17337 1.02755
10858 1.38335 1.05111 0.734604
7642 0.431424 0.34409 0.285124
2416 0.376778 0.3129 0.300665
808 0.395118 0.329551 0.316311
12466 2.12327 1.67188 1.3162
17692 3.10226 2.66489 2.25345
5833 0.407697 0.338205 0.303489
16084 1.52727 1.33317 1.16355
7843 0.426995 0.340916 0.281909
11059 1.65804 1.25783 0.875446
2617 0.380131 0.316888 0.305048
1009 0.382973 0.320794 0.308817
12667 1.83551 1.4607 1.17291
17893 3.06915 2.6278 2.16549
6034 0.408002 0.335131 0.298738
16285 1.76111 1.53291 1.3365
8044 0.427365 0.340547 0.277366
2818 0.38263 0.320289 0.308697
11260 1.93351 1.46743 1.01955
1210 0.375382 0.314504 0.303051
12868 1.58838 1.2788 1.04791
18094 2.98329 2.5476 2.05233
6235 0.407869 0.331689 0.293918
16486 1.97248 1.71628 1.49044
8245 0.429604 0.341114 0.272326
3019 0.383872 0.322225 0.310671
11461 2.19532 1.67039 1.16176
13069 1.41704 1.15178 0.964802
1411 0.369679 0.309381 0.298002
18295 2.84313 2.42209 1.91834
6436 0.412433 0.334264 0.29587
16687 2.20736 1.9211 1.66326
8446 0.430494 0.340342 0.267606
3220 0.384183 0.323198 0.311567
11662 2.4007 1.83421 1.28998
13270 1.21612 1.0003 0.847492
1612 0.367064 0.306375 0.294226
18496 2.65578 2.25738 1.76953
6637 0.415392 0.335056 0.293527
8647 0.430121 0.337642 0.260811
16888 2.49413 2.17148 1.87759
3421 0.383688 0.323344 0.311627
11863 2.5414 1.95138 1.39624
13471 1.03522 0.86374 0.739213
1813 0.366578 0.305153 0.292443
18697 2.4624 2.08849 1.62232
6838 0.415004 0.331897 0.282993
8848 0.429647 0.333769 0.252553
17089 2.73878 2.37756 2.06959
3622 0.382895 0.323576 0.31126
12064 2.55588 1.97788 1.46281
13672 0.96915 0.815689 0.711857
2014 0.368546 0.30607 0.293101
18898 2.29673 1.94397 1.49642
7039 0.418887 0.333375 0.279927
9049 0.435305 0.336608 0.251987
17290 2.94174 2.5444 2.22197
3823 0.382096 0.324028 0.310865
12265 2.40124 1.87284 1.42777
13873 0.922921 0.783646 0.692026
2215 0.37235 0.309 0.296291
19099 2.18117 1.84308 1.40605
7240 0.424487 0.3371 0.280754
15080 1.0194 0.886335 0.787656
9250 0.44708 0.344724 0.256094
10055 0.721435 0.552034 0.384607
14074 0.892213 0.764333 0.678219
4024 0.381448 0.325142 0.310956
5 0.440889 0.368239 0.357578
19300 2.10897 1.78 1.34828
5030 0.395573 0.334102 0.312637
15281 1.07424 0.935633 0.824286
9451 0.472764 0.363088 0.266396
10256 0.848698 0.647307 0.448466
206 0.42212 0.352348 0.340878
19501 2.07697 1.75171 1.31797
4225 0.381459 0.326984 0.311874
14275 0.905159 0.780392 0.696098
5231 0.400845 0.33555 0.312294
9652 0.516636 0.395776 0.288
15482 1.15392 1.00936 0.885532
10457 1.0259 0.780725 0.537456
407 0.40832 0.340877 0.329325
14476 0.926727 0.80207 0.721539
5432 0.406693 0.338584 0.31213
4426 0.382687 0.330089 0.314419
19702 2.11466 1.78339 1.33294
15683 1.25783 1.10544 0.967402
9853 0.578099 0.44233 0.320465
10658 1.24593 0.945021 0.64603
608 0.40066 0.334832 0.323823
14677 0.949903 0.823065 0.748971
5633 0.411645 0.341091 0.311697
4627 0.385978 0.333688 0.31685
15884 1.40616 1.23751 1.07393
19903 2.19508 1.85089 1.37693
7442 0.40935 0.330657 0.278574
10859 1.50053 1.13434 0.771169
809 0.392634 0.328695 0.318399
14878 0.982517 0.851961 0.773999
5834 0.414502 0.341847 0.310543
4828 0.39123 0.337669 0.319159
16085 1.61553 1.42076 1.22548
17492 3.36003 2.90394 2.4281
7643 0.404614 0.330113 0.270817
1010 0.384944 0.32284 0.313341
12467 2.08933 1.62852 1.20166
11060 1.78269 1.34643 0.917269
6035 0.413442 0.338425 0.305605
2417 0.380397 0.317918 0.306418
16286 1.88552 1.65489 1.42274
7844 0.398376 0.327068 0.261482
17693 3.38758 2.91622 2.39693
1211 0.38082 0.318961 0.30986
11261 2.06166 1.55916 1.06705
12668 1.72655 1.36575 1.02216
6236 0.410298 0.33292 0.299051
2618 0.380148 0.319126 0.306935
16487 2.14053 1.87768 1.6077
8045 0.397529 0.326069 0.254315
17894 3.32636 2.85389 2.30113
1412 0.378338 0.316086 0.30719
11462 2.32033 1.76197 1.21399
12869 1.42788 1.14847 0.879099
6437 0.410403 0.332096 0.298103
2819 0.378956 0.319512 0.306543
16688 2.40922 2.11271 1.80042
8246 0.40124 0.326751 0.249845
18095 3.18474 2.72409 2.16905
1613 0.377144 0.314359 0.305165
11663 2.48174 1.88922 1.30261
13070 1.32132 1.06919 0.852104
6638 0.410081 0.331024 0.295413
3020 0.377031 0.318243 0.304539
16889 2.70291 2.36913 2.00815
8447 0.405977 0.327486 0.247005
18296 2.97916 2.54087 2.00971
1814 0.376865 0.313595 0.304
13271 1.13328 0.927814 0.752282
6839 0.408726 0.328472 0.287578
11864 2.56605 1.9582 1.35313
3221 0.374614 0.316275 0.302013
17090 2.97287 2.59516 2.20199
8648 0.41347 0.329922 0.245555
18497 2.71881 2.31242 1.82723
2015 0.377828 0.314304 0.303987
13472 0.941394 0.783884 0.642969
7040 0.409542 0.328233 0.284178
12065 2.53352 1.94379 1.36983
17291 3.20503 2.78387 2.35941
8849 0.425705 0.335981 0.24631
18698 2.4766 2.10309 1.65566
2216 0.379168 0.315867 0.304953
3422 0.37176 0.31378 0.2996
13673 0.895214 0.752049 0.639148
7241 0.411325 0.329479 0.283568
12266 2.37428 1.83374 1.32048
15081 1.02258 0.885493 0.801218
9050 0.441089 0.345476 0.250489
18899 2.28509 1.9379 1.51603
6 0.42549 0.356173 0.346756
3623 0.369168 0.311777 0.297206
13874 0.878171 0.74228 0.643251
5031 0.396278 0.328901 0.303872
10056 0.780634 0.593365 0.398386
15282 1.09365 0.950894 0.851906
9251 0.46103 0.358942 0.257846
19100 2.17365 1.84082 1.42664
207 0.410892 0.344478 0.336207
14075 0.877296 0.745188 0.648358
5232 0.402492 0.332688 0.307728
10257 0.916744 0.693205 0.460666
3824 0.367114 0.310462 0.29497
9452 0.495731 0.384146 0.273183
19301 2.11088 1.78734 1.37472
15483 1.19722 1.04614 0.931606
408 0.398886 0.334892 0.327721
14276 0.898316 0.768565 0.676604
5433 0.407811 0.336071 0.309275
4025 0.367257 0.311346 0.294467
10458 1.09655 0.82726 0.54401
19502 2.09113 1.77103 1.35272
9653 0.546624 0.421715 0.297456
15684 1.33109 1.16896 1.03692
609 0.392081 0.329449 0.322484
14477 0.922377 0.793946 0.707978
5634 0.411856 0.338443 0.309487
4226 0.368755 0.313499 0.295189
10659 1.32477 0.997106 0.649173
19703 2.142 1.81461 1.3775
15885 1.51347 1.33494 1.17204
9854 0.619967 0.476272 0.33385
810 0.387448 0.325582 0.31855
14678 0.944257 0.815807 0.735445
5835 0.412604 0.337951 0.307908
4427 0.372182 0.317453 0.298195
10860 1.60539 1.20562 0.778922
19904 2.242 1.89832 1.43612
16086 1.74195 1.53842 1.33994
7443 0.386863 0.317602 0.268601
14879 0.977223 0.847183 0.760209
1011 0.385944 0.323987 0.316622
6036 0.411269 0.335212 0.304672
4628 0.378447 0.322995 0.303069
11061 1.86699 1.40215 0.913635
17493 3.6967 3.19745 2.59794
16287 2.02422 1.78469 1.54719
7644 0.378623 0.315928 0.25432
1212 0.385597 0.323019 0.315623
12468 1.85476 1.45253 1.03266
6237 0.408009 0.330373 0.299868
4829 0.388649 0.330727 0.310515
11262 2.08795 1.57211 1.03679
16488 2.32277 2.04262 1.76044
17694 3.70286 3.19161 2.57477
7845 0.375497 0.315591 0.242694
6438 0.402227 0.324817 0.293702
1413 0.38604 0.322608 0.315422
11463 2.21159 1.67827 1.12356
2418 0.384906 0.324195 0.313149
12669 1.52071 1.2082 0.878252
16689 2.62439 2.30282 1.9689
17895 3.57016 3.06849 2.46662
8046 0.377968 0.316803 0.235852
6639 0.396178 0.319708 0.28713
1614 0.385893 0.322255 0.314924
11664 2.2568 1.72217 1.16239
2619 0.382925 0.32346 0.311288
12870 1.21751 0.985539 0.740263
8247 0.386107 0.319728 0.233988
18096 3.33861 2.86022 2.29594
16890 2.92324 2.56127 2.16347
1815 0.385731 0.322264 0.314496
6840 0.39422 0.318586 0.283014
2820 0.379815 0.321601 0.30805
13071 1.11843 0.911635 0.707929
11865 2.24331 1.71993 1.16797
8448 0.398101 0.324767 0.23506
18297 3.05566 2.60893 2.09211
17091 3.2318 2.82115 2.35096
2016 0.385869 0.323081 0.314182
7041 0.393591 0.318488 0.280769
3021 0.376409 0.318685 0.303317
13272 1.00684 0.827863 0.657362
12066 2.17699 1.6802 1.15601
18498 2.73679 2.32892 1.86492
17292 3.51217 3.05258 2.5112
8649 0.414425 0.333042 0.23861
2217 0.38575 0.323896 0.313831
7242 0.393775 0.318911 0.279827
3222 0.37274 0.315258 0.298189
13473 0.899348 0.747627 0.60582
12267 2.05378 1.59617 1.11479
18699 2.4707 2.10235 1.67592
15082 1.06706 0.922282 0.835309
8850 0.438995 0.348152 0.246478
5032 0.390396 0.318514 0.291626
7 0.415614 0.348005 0.337889
3423 0.368718 0.311347 0.294358
13674 0.872405 0.731065 0.61236
10057 0.835607 0.629637 0.408386
18900 2.26758 1.93014 1.52859
15283 1.16257 1.00923 0.908518
3624 0.365693 0.308107 0.290895
9051 0.463994 0.364066 0.255072
208 0.408007 0.342055 0.333088
13875 0.866777 0.731247 0.627421
5233 0.397381 0.324381 0.298065
10258 0.973869 0.729389 0.465589
19101 2.15949 1.83638 1.44297
15484 1.28689 1.12198 1.00617
3825 0.364806 0.306327 0.287945
9252 0.491853 0.382543 0.265423
14076 0.874439 0.741689 0.644159
5434 0.40029 0.32653 0.299341
409 0.401412 0.336817 0.328948
10459 1.14506 0.856263 0.538488
19302 2.10675 1.79382 1.3986
15685 1.43975 1.26034 1.12746
4026 0.366102 0.306816 0.28711
9453 0.530424 0.410356 0.282991
610 0.395954 0.332465 0.32482
14277 0.889583 0.758686 0.67172
5635 0.399987 0.325804 0.297234
15886 1.64331 1.44409 1.28151
10660 1.36105 1.01737 0.632798
19503 2.10083 1.79185 1.3868
4227 0.368961 0.308869 0.287809
9654 0.585067 0.450322 0.308513
811 0.391462 0.328931 0.321305
14478 0.908945 0.778844 0.70078
5836 0.398887 0.324446 0.295435
16087 1.8858 1.65848 1.4598
10861 1.64908 1.23285 0.762076
4428 0.373476 0.312687 0.290696
19704 2.16885 1.85063 1.42396
9855 0.668368 0.511349 0.347122
1012 0.38927 0.327419 0.319685
14679 0.934341 0.803281 0.727593
16288 2.17395 1.90686 1.66466
6037 0.396904 0.322117 0.293068
11062 1.86926 1.39945 0.876993
4629 0.379624 0.317534 0.29457
19905 2.29462 1.95563 1.50058
1213 0.388238 0.326836 0.319183
7444 0.376408 0.313155 0.247889
14880 0.972363 0.838906 0.760986
16489 2.5076 2.19121 1.88806
6238 0.394008 0.318625 0.289855
11263 2.0132 1.51283 0.966169
4830 0.388697 0.32397 0.299649
17494 3.75387 3.23857 2.64124
7645 0.374198 0.313456 0.241222
1414 0.388794 0.327432 0.320103
16690 2.85376 2.4858 2.1128
12469 1.52267 1.20532 0.845733
6439 0.388132 0.314581 0.282892
11464 1.99444 1.51538 0.98702
2419 0.389522 0.331316 0.320128
17695 3.69675 3.18612 2.588
7846 0.379785 0.316593 0.2374
1615 0.389423 0.328478 0.320892
12670 1.28261 1.02865 0.743995
16891 3.1974 2.77888 2.32901
6640 0.381151 0.311052 0.273677
11665 1.93091 1.48164 0.982708
17896 3.53801 3.04787 2.47135
2620 0.386931 0.328894 0.316781
8047 0.38955 0.321653 0.235766
1816 0.390173 0.329889 0.321572
12871 1.03775 0.847844 0.63981
17092 3.47225 3.00969 2.49489
6841 0.376762 0.310224 0.264481
11866 1.83477 1.41978 0.957747
2821 0.383047 0.325207 0.311429
18097 3.30639 2.8441 2.303
2017 0.390831 0.331485 0.32203
8248 0.403589 0.329147 0.236533
13072 0.955913 0.78668 0.610957
7042 0.374852 0.310573 0.25697
17293 3.67843 3.17989 2.61259
12067 1.74112 1.35906 0.926623
3022 0.378904 0.321138 0.304573
18298 3.02433 2.59612 2.09803
2218 0.391032 0.332574 0.321984
8449 0.422616 0.340268 0.240438
13273 0.901785 0.746608 0.594746
15083 1.13585 0.981507 0.880922
7243 0.377707 0.312543 0.25387
12268 1.63533 1.28676 0.887768
3223 0.374706 0.316922 0.297154
18499 2.69755 2.31054 1.862
8 0.408157 0.341405 0.330125
8650 0.445684 0.354342 0.246525
13474 0.862722 0.718743 0.58688
15284 1.25893 1.09162 0.979585
5033 0.378326 0.303773 0.27742
3424 0.370402 0.312378 0.29206
18700 2.44452 2.09619 1.68603
10058 0.85294 0.638956 0.40277
209 0.407334 0.340681 0.329923
8851 0.47603 0.373362 0.255543
13675 0.849151 0.712365 0.600288
15485 1.4014 1.21869 1.09368
5234 0.386734 0.311728 0.28485
3625 0.367353 0.308516 0.287805
18901 2.25329 1.93383 1.55168
10259 0.965115 0.721122 0.450247
410 0.405776 0.339318 0.32937
9052 0.507591 0.393702 0.266099
13876 0.850149 0.717746 0.619919
15686 1.56529 1.36452 1.22393
5435 0.388311 0.313602 0.285896
3826 0.367305 0.306179 0.284014
19102 2.15208 1.84302 1.47277
10460 1.09846 0.821597 0.511146
611 0.401489 0.33593 0.326392
9253 0.540333 0.415633 0.278727
14077 0.866179 0.735221 0.644137
15887 1.78498 1.5593 1.39141
5636 0.383098 0.309389 0.280611
4027 0.368652 0.305485 0.281879
19303 2.12615 1.82273 1.44521
10661 1.25525 0.941151 0.586101
9454 0.577733 0.44255 0.296233
812 0.396076 0.331894 0.322677
14278 0.883409 0.753035 0.670741
16088 2.03257 1.77486 1.57145
5837 0.380741 0.307711 0.278746
19504 2.15582 1.85013 1.45353
4228 0.371315 0.306481 0.281496
10862 1.44241 1.08547 0.680234
9655 0.629926 0.480707 0.320671
14479 0.90639 0.775328 0.69923
1013 0.392361 0.329723 0.320675
16289 2.31949 2.01806 1.7664
6038 0.379221 0.306754 0.277761
4429 0.37487 0.308602 0.283563
19705 2.26079 1.9349 1.50651
11063 1.56481 1.18286 0.754545
9856 0.719032 0.545522 0.359406
14680 0.944931 0.81053 0.733029
1214 0.389798 0.328586 0.319758
6239 0.376727 0.304961 0.275066
16490 2.66728 2.31128 1.98526
4630 0.378931 0.311137 0.286539
19906 2.39573 2.04823 1.58884
7445 0.374254 0.311775 0.230539
14881 0.998675 0.859712 0.778846
1415 0.389735 0.329294 0.320762
6440 0.372644 0.303732 0.268523
11264 1.61917 1.23152 0.803098
16691 3.04521 2.62979 2.21887
4831 0.384589 0.314572 0.288487
17495 3.71532 3.19662 2.63952
7646 0.379557 0.31506 0.230916
1616 0.390071 0.330457 0.321761
12470 1.08068 0.873688 0.650393
6641 0.36733 0.303194 0.258116
11465 1.55478 1.19599 0.792968
16892 3.42005 2.94706 2.45426
17696 3.60719 3.10865 2.55974
2420 0.389651 0.332342 0.320115
7847 0.392969 0.322189 0.232971
12671 0.994677 0.812495 0.621166
1817 0.39084 0.332114 0.322756
6842 0.36311 0.303272 0.245849
11666 1.46567 1.1404 0.772516
17093 3.64434 3.13521 2.59823
2621 0.388324 0.330303 0.317333
17897 3.4392 2.96952 2.43755
8048 0.409823 0.331441 0.23568
2018 0.39104 0.333236 0.322752
12872 0.916617 0.756803 0.595133
7043 0.361932 0.304468 0.23543
11867 1.36613 1.07419 0.749405
17294 3.74872 3.22209 2.66666
2822 0.386443 0.327176 0.31176
18098 3.23597 2.79542 2.28631
8249 0.430009 0.34331 0.238782
2219 0.390736 0.333724 0.32193
13073 0.871187 0.722711 0.587076
7244 0.368528 0.308324 0.231871
12068 1.25716 0.998513 0.710586
15084 1.22444 1.05941 0.941101
3023 0.384364 0.323943 0.305332
18299 2.97807 2.57173 2.09544
9 0.418771 0.346594 0.332517
8450 0.455287 0.358886 0.244831
5034 0.371208 0.296855 0.270588
12269 1.15604 0.927189 0.673004
13274 0.843517 0.703286 0.584756
3224 0.382036 0.320733 0.298454
15285 1.35978 1.17832 1.04812
18500 2.65917 2.29387 1.86214
210 0.416557 0.344604 0.330913
8651 0.484923 0.377547 0.25339
5235 0.377 0.30275 0.275837
10059 0.858209 0.64072 0.39588
13475 0.831778 0.697627 0.587515
15486 1.51762 1.31565 1.16921
3425 0.381053 0.318635 0.293641
18701 2.4261 2.09633 1.70214
411 0.411703 0.340682 0.327745
8852 0.519108 0.399211 0.264178
5436 0.378415 0.305189 0.276345
10260 0.935752 0.699812 0.432454
13676 0.824469 0.695178 0.600933
15687 1.69877 1.4721 1.30355
3626 0.380943 0.317091 0.289665
612 0.405231 0.335894 0.323569
18902 2.26034 1.95483 1.58854
9053 0.555198 0.42272 0.277013
5637 0.372362 0.301671 0.268289
10461 1.0266 0.770941 0.480454
13877 0.828649 0.702099 0.620247
15888 1.911 1.65654 1.45519
3827 0.379194 0.313265 0.284418
813 0.397823 0.330873 0.3191
19103 2.18388 1.88271 1.52738
9254 0.59189 0.447865 0.292555
5838 0.370253 0.300927 0.265941
10662 1.12102 0.84638 0.534259
16089 2.14675 1.85947 1.61798
4028 0.37724 0.30949 0.279402
1014 0.393086 0.32837 0.31687
14078 0.853338 0.726071 0.646822
19304 2.18189 1.88169 1.51498
9455 0.633876 0.478214 0.31197
6039 0.369554 0.301275 0.265494
10863 1.21177 0.921241 0.592565
16290 2.41885 2.08958 1.79859
4229 0.376175 0.307053 0.275356
14279 0.879878 0.751135 0.672727
1215 0.38979 0.327165 0.315838
19505 2.23266 1.92535 1.53358
11064 1.25698 0.963255 0.634267
9656 0.684749 0.515687 0.335109
6240 0.364568 0.299458 0.257429
16491 2.73554 2.35494 2.00202
4430 0.375469 0.304973 0.275354
14480 0.914582 0.782876 0.703259
1416 0.388638 0.327455 0.316406
19706 2.34982 2.01512 1.58388
11265 1.25659 0.972222 0.657352
9857 0.759944 0.570919 0.36506
6441 0.359956 0.297915 0.24726
16692 3.05582 2.62371 2.20733
4631 0.375017 0.303118 0.278111
1617 0.388086 0.328231 0.317306
14681 0.972006 0.833723 0.748918
19907 2.4711 2.11649 1.65364
7446 0.385721 0.314417 0.224508
11466 1.19305 0.933282 0.64188
6642 0.357866 0.297502 0.236551
16893 3.33817 2.86513 2.39381
4832 0.375721 0.302355 0.277174
1818 0.388468 0.329814 0.318727
7647 0.397617 0.32134 0.226428
17496 3.63818 3.13578 2.61011
14882 1.04613 0.900379 0.808423
11667 1.12523 0.88999 0.625573
6843 0.359392 0.29914 0.229118
17094 3.51135 3.01563 2.51494
2421 0.387781 0.330427 0.316115
2019 0.388314 0.330697 0.318686
7848 0.416456 0.332642 0.230199
17697 3.57582 3.08746 2.56401
12471 0.879965 0.722485 0.568056
7044 0.364127 0.302411 0.224585
2622 0.388401 0.329834 0.315071
11868 1.06484 0.850778 0.61762
17295 3.60624 3.10123 2.58707
2220 0.387684 0.330817 0.3171
8049 0.438575 0.346197 0.23509
17898 3.42437 2.96039 2.45353
12672 0.857597 0.708343 0.569165
7245 0.374403 0.308099 0.223858
2823 0.389949 0.328744 0.310837
15085 1.33341 1.15275 1.01439
12069 0.990968 0.799637 0.595692
10 0.430945 0.353253 0.336319
8250 0.46379 0.361507 0.240576
18099 3.24383 2.80755 2.32377
12873 0.845929 0.701979 0.57432
5035 0.36751 0.294851 0.267417
3024 0.39139 0.327584 0.306018
15286 1.48071 1.28094 1.1275
12270 0.922186 0.751417 0.574126
211 0.424541 0.348001 0.33152
18300 2.997 2.59442 2.14479
8451 0.493688 0.37989 0.248577
13074 0.826169 0.688508 0.579527
5236 0.369382 0.2974 0.2688
3225 0.391128 0.325749 0.300779
15487 1.65025 1.42689 1.25243
10060 0.841057 0.630503 0.391482
412 0.415176 0.340698 0.324926
8652 0.527617 0.401088 0.259283
10261 0.880592 0.663927 0.41851
18501 2.66652 2.30537 1.90359
5437 0.369746 0.299167 0.267493
3426 0.392137 0.325161 0.296483
15688 1.83679 1.58572 1.38343
613 0.405643 0.333596 0.318491
13275 0.814645 0.68218 0.585303
8853 0.564663 0.424922 0.27226
10462 0.920345 0.699147 0.44785
18702 2.45537 2.1249 1.75171
5638 0.36467 0.29747 0.25801
3627 0.393573 0.324958 0.292416
814 0.396283 0.327138 0.312666
13476 0.815138 0.686213 0.591839
15889 2.03049 1.75175 1.51425
9054 0.602566 0.450166 0.286967
10663 0.956791 0.732864 0.477552
18903 2.33506 2.02188 1.66127
5839 0.362436 0.29702 0.253342
3828 0.389643 0.319439 0.286127
1015 0.389615 0.323045 0.308614
13677 0.820291 0.693702 0.605302
16090 2.23824 1.92947 1.65221
9255 0.641433 0.477654 0.304646
10864 0.982954 0.758455 0.505959
6040 0.362224 0.297269 0.251874
19104 2.33771 2.01975 1.64957
4029 0.384141 0.312531 0.279264
1216 0.384933 0.320725 0.305741
13878 0.833839 0.708086 0.623893
16291 2.47757 2.13259 1.8102
9456 0.687238 0.511294 0.325713
11065 0.989457 0.770791 0.528771
6241 0.356972 0.295311 0.241244
4230 0.379493 0.307081 0.27298
19305 2.33726 2.02013 1.64063
14079 0.86262 0.735287 0.649954
1417 0.382336 0.320065 0.304569
16492 2.7416 2.35419 1.98557
9657 0.737613 0.549157 0.348465
11266 0.970837 0.766205 0.543386
6442 0.352762 0.293572 0.229697
4431 0.375597 0.302488 0.270603
19506 2.34246 2.02439 1.63014
14280 0.90035 0.769945 0.681387
1618 0.380943 0.320405 0.304383
9858 0.793639 0.591639 0.369451
6643 0.354295 0.293762 0.221374
16693 3.00347 2.5745 2.16148
4632 0.372869 0.299085 0.273004
11467 0.95051 0.756405 0.548216
19707 2.36958 2.03782 1.61136
14481 0.950627 0.815277 0.721759
1819 0.382069 0.322648 0.306285
7447 0.405757 0.322477 0.221742
6844 0.360485 0.296837 0.217673
16894 3.22055 2.76261 2.31342
4833 0.371222 0.297032 0.271819
19908 2.4279 2.0812 1.62604
11668 0.934744 0.748697 0.552699
2020 0.383911 0.325097 0.307575
14682 1.03181 0.887153 0.785558
7648 0.426734 0.334726 0.225785
7045 0.370733 0.302521 0.217546
17095 3.37268 2.8978 2.42618
2422 0.388576 0.328751 0.307268
17497 3.55397 3.06767 2.56526
11869 0.926752 0.746584 0.560252
2221 0.386456 0.327351 0.306898
7849 0.452419 0.350343 0.231842
14883 1.12183 0.96754 0.85796
2623 0.390308 0.329477 0.308667
17296 3.47802 2.99458 2.50895
17698 3.52688 3.04965 2.5474
11 0.427676 0.350543 0.332429
12070 0.907375 0.736059 0.563851
7246 0.386915 0.311675 0.219143
8050 0.480474 0.367752 0.239258
12472 0.85255 0.700987 0.565941
2824 0.396623 0.332173 0.308637
15086 1.48497 1.27597 1.11411
17899 3.38449 2.9296 2.44791
212 0.418508 0.343189 0.325106
5036 0.368148 0.299383 0.264626
12271 0.881929 0.720712 0.565579
8251 0.509831 0.385883 0.247708
12673 0.828416 0.684698 0.566961
3025 0.403561 0.335086 0.308044
15287 1.64715 1.41891 1.23428
413 0.408435 0.335068 0.317241
18100 3.21377 2.785 2.33013
5237 0.366981 0.300056 0.260547
10061 0.809025 0.610399 0.384563
8452 0.539509 0.404495 0.257214
3226 0.404617 0.334536 0.305532
15488 1.81509 1.56608 1.35447
12874 0.810738 0.673076 0.569498
614 0.398514 0.32705 0.309527
18301 2.98978 2.59091 2.17097
5438 0.366059 0.300845 0.25604
10262 0.825972 0.627022 0.40185
8653 0.568062 0.423012 0.267703
3427 0.404351 0.333106 0.301818
15689 1.98183 1.71051 1.46926
13075 0.803507 0.670853 0.579939
18502 2.70285 2.33756 1.9613
815 0.389244 0.319609 0.302456
5639 0.362377 0.299369 0.248429
10463 0.839668 0.643337 0.42118
8854 0.600494 0.444894 0.279619
3628 0.402866 0.330589 0.295982
13276 0.802401 0.673648 0.590262
15890 2.13968 1.84664 1.57633
10664 0.847504 0.657198 0.442145
1016 0.38137 0.313614 0.295989
18703 2.52646 2.18498 1.82473
9055 0.635769 0.469374 0.292739
3829 0.396493 0.323092 0.288777
5840 0.359199 0.296994 0.240817
16091 2.30039 1.98492 1.68523
13477 0.807595 0.681284 0.597479
10865 0.848006 0.664063 0.462851
1217 0.375803 0.310171 0.290739
9256 0.674777 0.497678 0.308214
18904 2.42703 2.09943 1.74017
4030 0.387866 0.313406 0.28109
6041 0.356804 0.293234 0.232715
16292 2.47096 2.13143 1.80186
13678 0.825867 0.699564 0.611603
11066 0.845058 0.668833 0.482677
1418 0.372435 0.308941 0.287778
9457 0.716615 0.529344 0.326934
19105 2.41741 2.0892 1.71737
4231 0.380812 0.306131 0.273896
6242 0.354921 0.29106 0.22475
16493 2.66487 2.29733 1.93451
13879 0.851905 0.724276 0.630952
11267 0.841991 0.674405 0.501285
1619 0.371166 0.309733 0.287085
9658 0.760903 0.564205 0.349022
19306 2.38196 2.05933 1.68145
4432 0.375036 0.300431 0.269328
6443 0.354804 0.290411 0.218239
16694 2.87736 2.47926 2.08045
1820 0.373899 0.313382 0.29005
14080 0.885385 0.755372 0.657846
11468 0.848858 0.683281 0.517506
19507 2.33598 2.01903 1.6323
4633 0.371792 0.297527 0.270423
9859 0.801646 0.597603 0.369449
6644 0.359434 0.292363 0.215514
16895 3.10227 2.67371 2.23714
14281 0.935071 0.800267 0.69722
11669 0.859089 0.693401 0.532041
19708 2.30173 1.98129 1.56718
2021 0.378675 0.318314 0.294041
4834 0.369273 0.295684 0.269539
6845 0.368002 0.296928 0.214654
17096 3.27909 2.82637 2.36314
7448 0.430836 0.333996 0.222009
14482 1.00354 0.861252 0.751076
2423 0.391735 0.328454 0.299131
17297 3.40479 2.93524 2.45562
2222 0.385867 0.323962 0.296164
7046 0.381653 0.304881 0.215274
7649 0.459917 0.351321 0.228497
11870 0.865988 0.702114 0.542742
14683 1.10657 0.951996 0.832156
19909 2.32461 1.99088 1.54253
2624 0.394028 0.330127 0.302595
20100 2.20088 1.87874 1.29602
7247 0.403994 0.318061 0.217914
22713 7.12253 5.84302 3.70834
7850 0.490859 0.370104 0.236538
12071 0.861968 0.702145 0.551767
17498 3.47014 2.99661 2.5069
14884 1.21691 1.04953 0.920375
20301 2.30393 1.96842 1.34798
2825 0.402346 0.335007 0.30605
25125 12.3148 10.4084 7.21227
8051 0.523478 0.39025 0.245837
12272 0.848961 0.694863 0.559414
22914 7.79302 6.38951 4.10113
12473 0.82896 0.681996 0.56383
17699 3.44037 2.97651 2.49393
3026 0.412994 0.341108 0.309381
20502 2.4212 2.0698 1.4038
25326 12.8841 10.9356 7.62735
8252 0.554151 0.409554 0.256006
23115 8.37452 6.87849 4.47143
27738 8.17172 6.36537 3.79522
12674 0.812324 0.671669 0.567868
17900 3.30175 2.86196 2.40709
3227 0.41452 0.34127 0.309008
20703 2.55659 2.18555 1.46394
8453 0.581978 0.427525 0.266093
25527 13.4093 11.4103 8.0082
23316 8.87544 7.30904 4.80361
12875 0.802549 0.666614 0.572324
27939 7.13379 5.49507 3.20119
18101 3.12421 2.70957 2.28804
3428 0.412972 0.339217 0.306468
20904 2.75424 2.34823 1.54437
25728 13.9529 11.8779 8.38014
8654 0.603773 0.442591 0.27541
23517 9.26754 7.65763 5.07379
28140 6.32884 4.81531 2.72758
13076 0.802451 0.670019 0.581925
18302 2.93685 2.54461 2.15728
3629 0.408769 0.334901 0.300421
21105 2.9866 2.53904 1.64268
25929 14.4449 12.2589 8.64572
8855 0.630596 0.462047 0.285978
28341 6.06556 4.56497 2.5038
18503 2.75655 2.38108 2.02421
13277 0.807237 0.677584 0.591875
23718 9.50211 7.84559 5.2468
3830 0.401632 0.327484 0.293604
21306 3.25731 2.76262 1.76599
26130 14.8649 12.5354 8.78815
9056 0.660912 0.484774 0.29755
28542 6.13168 4.5691 2.42341
18704 2.63163 2.27077 1.91492
13478 0.816941 0.689243 0.59993
21507 3.53663 2.99708 1.90058
23919 9.67847 7.97703 5.38188
26331 15.0834 12.6194 8.75767
4031 0.392113 0.317501 0.286117
9257 0.695879 0.511225 0.310343
28743 6.40108 4.73285 2.43211
18905 2.52053 2.17475 1.81423
13679 0.845245 0.715886 0.619207
21708 3.85892 3.26637 2.05795
24120 9.96231 8.23298 5.57395
26532 14.9497 12.407 8.5014
4232 0.384623 0.310053 0.279536
9458 0.731479 0.539274 0.326181
28944 6.72238 4.95106 2.4609
19106 2.39554 2.06787 1.71233
13880 0.885141 0.751968 0.646732
21909 4.30142 3.62812 2.27088
26733 14.1963 11.689 7.87308
9659 0.766903 0.569069 0.346931
4433 0.378488 0.304266 0.274419
29145 7.06648 5.19499 2.4825
24321 10.3125 8.55111 5.80054
19307 2.2895 1.97669 1.61876
14081 0.931996 0.794116 0.683097
22110 4.90793 4.10906 2.56528
26934 12.9949 10.5956 7.01183
9860 0.790966 0.591771 0.366126
4634 0.375111 0.301909 0.273385
29346 7.4489 5.47627 2.49138
24522 10.7186 8.91902 6.05885
19508 2.20092 1.89867 1.53004
14282 0.9987 0.852899 0.734785
27135 11.6371 9.37754 6.07585
22311 5.62574 4.66997 2.91879
30150 8.62503 6.31748 2.58659
4835 0.371787 0.30034 0.270518
29547 7.86284 5.77195 2.51031
24723 11.1388 9.30512 6.35996
14483 1.08517 0.928231 0.801798
27336 10.4684 8.34582 5.25547
19709 2.14323 1.84241 1.44779
30351 8.7046 6.38505 2.61913
22512 6.39688 5.26905 3.31463
29748 8.24329 6.04095 2.53194
32763 8.62376 6.42439 2.94811
24924 11.6448 9.77627 6.72793
14684 1.20638 1.03267 0.896156
27537 9.31368 7.34288 4.49519
19910 2.16877 1.85211 1.40888
30552 8.83666 6.48687 2.6645
20101 2.18948 1.86435 1.29693
29949 8.47725 6.20699 2.55773
32964 8.34244 6.23976 2.92949
22714 7.02331 5.75998 3.61434
14885 1.34037 1.14903 1.00106
25126 12.2669 10.3725 7.33724
35175 6.5517 5.00692 2.3223
20302 2.3058 1.96456 1.35059
30753 8.97065 6.58609 2.70004
27739 7.04684 5.52175 3.47927
33165 8.17135 6.11713 2.91168
22915 7.55434 6.20478 3.91719
37788 6.72171 5.59576 2.55349
25327 12.8256 10.8668 7.75507
35376 5.93617 4.58951 2.12456
20503 2.43733 2.07813 1.41082
30954 9.07849 6.65852 2.70262
27940 6.3274 4.91279 3.02367
23116 8.11909 6.69159 4.2709
37989 7.51394 6.29907 2.88356
33366 8.10816 6.05981 2.89475
25528 13.3494 11.3158 8.14488
35577 5.20188 4.091 1.90724
20704 2.58549 2.20566 1.47929
31155 9.17109 6.7265 2.71908
38190 8.12611 6.84445 3.14049
23317 8.67243 7.17484 4.63592
28141 5.76199 4.4291 2.65616
25729 13.885 11.7562 8.48447
35778 4.4524 3.57939 1.68953
33567 8.03903 6.02065 2.87813
20905 2.77055 2.36135 1.57205
31356 9.25425 6.79278 2.74821
25930 14.3237 12.0986 8.72242
38391 8.84924 7.42733 3.49028
28342 5.42707 4.12976 2.41368
23518 9.20002 7.64057 5.00693
35979 4.10545 3.33446 1.55733
33768 7.9793 5.99751 2.86205
21106 2.97591 2.53451 1.67619
31557 9.38563 6.89122 2.78892
26131 14.643 12.3256 8.85226
38592 9.63066 8.02607 3.8914
28543 5.4254 4.08918 2.30918
23719 9.44013 7.8245 5.19186
36180 3.9203 3.20216 1.47313
33969 7.93916 5.99754 2.83922
21307 3.20107 2.72614 1.78961
31758 9.49481 6.97449 2.82856
26332 14.6223 12.2468 8.76305
38793 10.4729 8.65443 4.33637
23920 9.5835 7.91834 5.31668
28744 5.61261 4.19786 2.28041
36381 3.95073 3.22901 1.48418
21508 3.46054 2.94624 1.91238
34170 7.95996 6.02539 2.84186
31959 9.50395 6.98907 2.85377
26533 14.1887 11.8058 8.38919
38994 11.2791 9.25394 4.77124
28945 5.96318 4.44431 2.30664
36582 4.08399 3.3374 1.52962
24121 9.87004 8.17591 5.54259
21709 3.7855 3.21528 2.06233
32160 9.36152 6.90545 2.89208
34371 8.0394 6.07676 2.87171
39195 11.8149 9.66482 5.07824
26734 13.134 10.8277 7.60581
29146 6.34815 4.72319 2.33773
36783 4.32019 3.52829 1.6082
24322 10.2377 8.51028 5.8279
21910 4.26677 3.59807 2.28385
32361 9.10836 6.74906 2.93694
34572 7.83647 5.92543 2.79509
39396 12.2762 10.0289 5.35768
26935 11.9689 9.77401 6.74914
29347 6.7655 5.03057 2.37083
36984 4.55323 3.72578 1.69302
24523 10.6603 8.89452 6.15463
22111 4.92394 4.11328 2.59072
32562 8.87612 6.59384 2.94868
39597 12.6016 10.3084 5.58553
34773 7.50979 5.68798 2.67063
29548 7.20577 5.34792 2.42906
27136 10.701 8.64905 5.84964
37185 4.81489 3.95083 1.7909
24724 11.0683 9.2717 6.48503
22312 5.67282 4.69675 2.94391
30151 8.22717 6.10592 2.6626
39798 12.8987 10.5625 5.78474
34974 7.06712 5.36912 2.50394
29749 7.62339 5.64922 2.49827
27337 9.29556 7.43446 4.91183
24925 11.576 9.73923 6.8643
37386 5.23134 4.29713 1.94894
22513 6.39015 5.25398 3.2889
30352 8.44078 6.27764 2.74352
32764 8.26617 6.16957 2.96374
39999 13.1582 10.7834 5.94451
29950 7.96145 5.90005 2.58029
27538 8.07103 6.38845 4.12216
20102 2.21988 1.8796 1.33272
37587 5.79906 4.78 2.17206
22715 6.8457 5.63678 3.56466
30553 8.71272 6.48098 2.83026
32965 8.17261 6.11446 2.95034
40200 13.3764 10.9668 6.05661
25127 11.8782 10.047 7.09322
35176 6.44862 4.87106 2.31672
27740 6.34443 4.98739 3.29125
20303 2.34395 1.98567 1.38952
22916 7.46921 6.17935 3.92264
30754 8.95799 6.66056 2.89634
33166 8.14459 6.08743 2.94728
37789 6.6648 5.55191 2.59053
25328 12.4865 10.5564 7.60244
35377 5.92197 4.52734 2.14944
20504 2.49003 2.11061 1.45708
27941 5.79011 4.51837 2.91485
23117 8.14531 6.76795 4.3181
33367 8.14733 6.07429 2.9481
37990 7.38317 6.17974 2.90078
30955 9.1369 6.78567 2.91691
25529 13.0622 11.03 8.07046
35578 5.12045 4.00679 1.92723
28142 5.33346 4.12994 2.60295
20705 2.65971 2.25547 1.53773
23318 8.7247 7.27402 4.67194
33568 8.11165 6.05472 2.94357
31156 9.28057 6.88289 2.92742
38191 7.96014 6.67639 3.16501
35779 4.33288 3.49211 1.71275
25730 13.656 11.5158 8.46478
28343 4.94639 3.79795 2.34197
20906 2.86481 2.42908 1.64452
23519 9.10665 7.61025 4.93343
33769 8.08324 6.04832 2.93843
31357 9.39942 6.96144 2.93444
38392 8.72242 7.26798 3.54142
35980 4.03764 3.28629 1.61972
25931 14.0232 11.8008 8.68492
28544 4.8805 3.7199 2.21982
21107 3.09147 2.6206 1.76382
23720 9.33549 7.80411 5.10065
33970 8.08781 6.07447 2.93502
38593 9.55259 7.89591 3.95639
31558 9.47958 7.01159 2.94179
36181 3.87968 3.17248 1.56561
26132 14.2016 11.919 8.76428
28745 4.99981 3.78833 2.16848
21308 3.3357 2.82733 1.88932
23921 9.51431 7.95355 5.24104
34171 8.12357 6.10771 2.93414
38794 10.4389 8.55996 4.38824
31759 9.49058 7.01606 2.95017
28946 5.33423 4.03029 2.18864
21509 3.61754 3.06092 2.01694
26333 14.0568 11.7538 8.62411
36382 3.86541 3.16075 1.56224
34372 8.13162 6.10743 2.92201
24122 9.75032 8.16493 5.43123
38995 11.1814 9.12058 4.75723
31960 9.37571 6.93706 2.95665
29147 5.71142 4.3082 2.22326
21710 3.96095 3.33926 2.16635
26534 13.5225 11.2431 8.21606
36583 4.02665 3.29155 1.59498
34573 7.78662 5.83691 2.79491
24323 10.0177 8.40697 5.64239
39196 11.5841 9.43877 4.97191
32161 9.11251 6.75986 2.97373
29348 6.1074 4.60247 2.26982
21911 4.43507 3.71273 2.37256
36784 4.2845 3.50116 1.65169
24524 10.3197 8.6793 5.87965
26735 12.5426 10.3399 7.49607
39397 11.908 9.70712 5.15934
34774 7.36025 5.51153 2.64044
32362 8.76783 6.52677 2.99243
29549 6.53006 4.91145 2.35701
22112 5.02337 4.17322 2.64195
36985 4.46144 3.64942 1.71032
24725 10.6647 8.98682 6.15829
39598 12.1484 9.92203 5.3165
26936 11.4308 9.34573 6.66819
34975 6.92421 5.19615 2.47982
32563 8.4651 6.30962 2.9781
29750 6.9429 5.21671 2.4601
22313 5.67575 4.68414 2.95118
37186 4.68004 3.83491 1.7938
24926 11.1661 9.42754 6.55064
39799 12.3918 10.1339 5.47164
27137 10.1525 8.2248 5.75274
32765 7.35572 5.51267 2.7879
29951 7.3528 5.52725 2.58273
30152 7.68127 5.78746 2.69787
22514 6.25458 5.14424 3.24456
22716 6.7096 5.55196 3.56202
37387 5.10991 4.19672 1.96111
40000 12.6376 10.3444 5.62272
27338 8.55332 6.85355 4.69898
32966 7.45189 5.57298 2.77972
27741 6.06637 4.76143 3.22799
30353 7.98716 6.0327 2.81095
20103 2.26075 1.90617 1.38077
22917 7.40764 6.17149 3.9629
37588 5.74069 4.74002 2.21302
40201 12.8322 10.511 5.72127
27539 7.2987 5.78932 3.89377
33167 7.58869 5.66222 2.80193
27942 5.51835 4.30559 2.87049
30554 8.3665 6.31628 2.92906
20304 2.39656 2.02104 1.44691
23118 8.15313 6.82539 4.38568
35177 6.09181 4.59905 2.22562
37790 6.52516 5.42529 2.60071
25128 11.3676 9.61142 6.75504
28143 5.06027 3.92388 2.56144
33368 7.69152 5.73017 2.8244
30755 8.69392 6.55795 3.0206
20505 2.56271 2.16163 1.52836
23319 8.72065 7.32247 4.71236
35378 5.5282 4.24019 2.06044
37991 7.18587 5.98877 2.91301
25329 12.0257 10.1382 7.35837
28344 4.67258 3.59852 2.28783
33569 7.66177 5.71879 2.82195
30956 8.93129 6.73028 3.06905
20706 2.75676 2.32588 1.6237
23520 8.97184 7.54531 4.87309
38192 7.80157 6.49907 3.22336
25530 12.6822 10.6659 7.92493
35579 4.80548 3.77832 1.86302
28545 4.61314 3.53891 2.17509
33770 7.59855 5.68533 2.80946
31157 9.10116 6.83304 3.05905
20907 2.98465 2.518 1.74205
23721 9.20946 7.76773 5.02822
38393 8.58985 7.09967 3.61939
25731 13.3215 11.1923 8.37986
28746 4.70747 3.60028 2.1275
31358 9.22607 6.8964 3.02725
33971 7.52437 5.64505 2.79008
35780 4.17108 3.36963 1.69063
23922 9.42829 7.97517 5.17782
21108 3.23383 2.72663 1.86953
38594 9.42765 7.73222 4.02055
25932 13.605 11.4069 8.57566
28947 4.96059 3.7844 2.13797
31559 9.24506 6.88606 2.98685
34172 7.55437 5.66771 2.78293
35981 3.93806 3.20915 1.62273
38795 10.3343 8.42049 4.41417
21309 3.50586 2.95153 2.00429
24123 9.59629 8.12702 5.30787
29148 5.24181 3.9945 2.15691
31760 9.1378 6.79668 2.95422
26133 13.6508 11.4135 8.59535
36182 3.8142 3.12013 1.58738
34373 7.56398 5.66693 2.76159
38996 10.9895 8.92753 4.70141
24324 9.74817 8.26299 5.42181
21510 3.81371 3.19955 2.13533
29349 5.54389 4.2225 2.18999
31961 8.91503 6.6367 2.93439
26334 13.451 11.2091 8.41932
36383 3.78817 3.09805 1.58108
24525 9.91523 8.40931 5.54409
21711 4.16489 3.47831 2.27833
39197 11.3599 9.22998 4.86999
34574 7.29615 5.4487 2.65017
29550 5.86978 4.46735 2.27394
26535 12.9965 10.7782 8.05577
32162 8.6124 6.42341 2.91817
36584 3.95432 3.23251 1.61397
24726 10.1979 8.64643 5.75825
21912 4.59672 3.81552 2.4565
39398 11.6139 9.44903 4.9976
34775 6.9611 5.19127 2.52042
32363 8.21165 6.1393 2.89191
26736 12.275 10.1128 7.5006
29751 6.20063 4.71862 2.37059
36785 4.1863 3.42103 1.66274
22113 5.09712 4.21107 2.68414
24927 10.6711 9.03844 6.15099
39599 11.8015 9.62016 5.10546
34976 6.58873 4.92611 2.38217
32564 7.61896 5.70927 2.82714
26937 11.1769 9.14186 6.67411
29952 6.5436 4.98258 2.47672
36986 4.34268 3.54942 1.71613
22314 5.63299 4.63956 2.94696
22717 6.71429 5.57838 3.65027
39800 11.9624 9.76516 5.21267
32766 6.47638 4.88512 2.58068
30153 6.84641 5.22389 2.5778
27138 9.84022 7.97848 5.71221
27742 5.88175 4.61952 3.23481
37187 4.57807 3.74665 1.8086
22515 6.12657 5.04779 3.22681
22918 7.29451 6.09516 3.97461
40001 12.113 9.89872 5.31604
32967 6.58059 4.94205 2.56745
30354 7.13837 5.45877 2.67843
27339 8.19308 6.56466 4.60428
27943 5.26773 4.11222 2.83084
20104 2.30829 1.94566 1.44156
37388 5.02038 4.1216 1.9869
23119 7.92669 6.65837 4.35641
33168 6.76687 5.06696 2.59928
40202 12.2345 10.0017 5.39254
30555 7.48048 5.72473 2.78855
27540 6.98021 5.53249 3.81232
28144 4.77645 3.70727 2.49187
20305 2.47126 2.0815 1.53367
37589 5.68336 4.69355 2.25597
23320 8.43692 7.11623 4.67334
33369 6.91849 5.17384 2.63132
37791 6.2572 5.1719 2.57351
30756 7.81669 5.97663 2.89369
25129 10.9083 9.19657 6.60992
28345 4.40654 3.4026 2.21757
20506 2.65921 2.23879 1.63541
35178 5.55528 4.22337 2.08544
23521 8.74855 7.40224 4.87591
37992 6.87529 5.68766 2.90394
33570 6.94447 5.20214 2.63983
30957 8.09471 6.17673 2.97499
25330 11.5525 9.69654 7.22835
28546 4.35112 3.3549 2.10486
20707 2.87824 2.42241 1.75017
35379 4.97607 3.85934 1.92479
23722 9.03593 7.66226 5.04004
38193 7.53012 6.22047 3.27479
33771 6.86842 5.15287 2.61862
31158 8.07501 6.13872 2.92412
25531 12.1943 10.2025 7.78887
28747 4.42902 3.41075 2.05576
35580 4.4253 3.51002 1.76923
20908 3.13136 2.63286 1.87719
23923 9.26201 7.86742 5.16675
38394 8.32438 6.83506 3.74404
31359 8.08368 6.11572 2.86704
25732 12.7857 10.6839 8.20591
33972 6.75142 5.07052 2.58311
35781 4.00492 3.24012 1.6473
28948 4.63612 3.56328 2.06273
21109 3.40076 2.85226 2.00352
24124 9.35163 7.95234 5.22841
38595 9.06021 7.40232 4.13962
31560 8.2907 6.23828 2.86801
34173 6.79901 5.10051 2.57359
29149 4.84867 3.72381 2.07793
25933 13.045 10.8803 8.38605
24325 9.4905 8.07077 5.33777
35982 3.81526 3.1123 1.58549
21310 3.68475 3.07675 2.12489
38796 9.7567 7.94051 4.45334
34374 6.80606 5.09567 2.54484
31761 8.17137 6.13899 2.83408
29350 5.07018 3.89349 2.1078
24526 9.67314 8.22131 5.48536
36183 3.73251 3.05339 1.55708
21511 4.00064 3.32317 2.24409
26134 13.1264 10.9272 8.43393
38997 10.2679 8.34425 4.66781
34575 6.65975 4.96875 2.46445
31962 7.83783 5.89543 2.78242
29551 5.30094 4.07273 2.1809
24727 9.94675 8.44363 5.69002
36384 3.72237 3.04403 1.55185
21712 4.32722 3.57617 2.36618
34776 6.40569 4.78012 2.35815
26335 13.0531 10.8498 8.35854
32163 7.54909 5.68544 2.75611
39198 10.6704 8.67124 4.8194
24928 10.3537 8.76478 6.06153
29752 5.53993 4.25793 2.26003
36585 3.84075 3.1384 1.58744
21913 4.67323 3.84267 2.505
34977 6.08042 4.55753 2.23786
26536 12.5706 10.41 7.97933
32364 7.19575 5.42717 2.71524
39399 10.9871 8.93726 4.92001
22718 6.67803 5.55063 3.67311
36786 4.01742 3.28125 1.64264
22114 5.06994 4.16915 2.69253
29953 5.78577 4.44935 2.34078
32767 5.58212 4.2538 2.35213
26737 11.7369 9.65976 7.33946
32565 6.66464 5.03561 2.6302
39600 11.2427 9.15667 5.00231
22919 7.19246 6.00976 3.9629
36987 4.24976 3.47234 1.72512
22315 5.53208 4.56047 2.93827
27743 5.71792 4.49675 3.24981
32968 5.56463 4.22472 2.32334
30154 6.01268 4.63477 2.41347
39801 11.3891 9.2865 5.06849
26938 10.4795 8.54606 6.40106
23120 7.7247 6.49379 4.30165
37188 4.58701 3.75284 1.85842
22516 6.12641 5.06609 3.30556
27944 4.99637 3.90074 2.76342
33169 5.68602 4.3047 2.34315
27139 9.15246 7.38792 5.43935
30355 6.23906 4.82166 2.48789
23321 8.1988 6.9285 4.61262
37389 5.04796 4.13917 2.05003
20105 2.37829 2.01128 1.51792
40002 11.5088 9.39131 5.12942
28145 4.48539 3.48315 2.4007
33370 5.81688 4.39757 2.36953
27340 7.77704 6.21082 4.48632
30556 6.48439 5.0218 2.57172
23522 8.58061 7.28159 4.86574
37590 5.6166 4.62396 2.2915
20306 2.56799 2.16754 1.62974
40203 11.5902 9.45699 5.18099
28346 4.13729 3.20201 2.13054
33571 5.92526 4.48145 2.39355
27541 6.73635 5.33328 3.79275
30757 6.78203 5.24796 2.67676
35179 4.63476 3.61509 1.84909
23723 8.87323 7.54222 5.02914
20507 2.77807 2.33971 1.74488
37792 6.0741 4.98394 2.57924
28547 4.07828 3.15699 2.01092
33772 5.86571 4.43517 2.36198
25130 10.4575 8.77147 6.53188
30958 7.032 5.42832 2.76631
23924 9.06967 7.7169 5.13127
35380 4.23973 3.36861 1.73482
20708 3.00726 2.52648 1.86059
33973 5.77001 4.35865 2.31539
25331 11.0747 9.24642 7.13061
28748 4.15104 3.21218 1.95952
37993 6.70517 5.49745 2.94803
31159 6.83523 5.26659 2.68868
24125 9.10948 7.75931 5.15674
35581 3.93349 3.17238 1.64298
20909 3.28791 2.75208 1.98275
25532 11.6958 9.7377 7.66188
34174 5.79292 4.36507 2.29371
38194 7.36427 6.02792 3.36676
28949 4.33969 3.35282 1.96716
24326 9.23128 7.85533 5.27638
31360 6.8011 5.21859 2.64121
35782 3.72862 3.03756 1.577
21110 3.56577 2.97111 2.09321
25733 12.247 10.1888 8.04195
38395 8.09377 6.60434 3.87026
34375 5.80164 4.36412 2.26502
29150 4.50934 3.48051 1.98773
31561 7.15389 5.45066 2.69172
35983 3.61964 2.9615 1.53623
21311 3.83084 3.17419 2.18649
24527 9.41892 7.99848 5.45656
25934 12.5121 10.3953 8.21324
38596 8.63791 7.03897 4.22338
29351 4.67758 3.60901 2.021
34576 5.70154 4.28835 2.20252
36184 3.59428 2.94262 1.52283
31762 6.965 5.30299 2.64894
21512 4.16269 3.4309 2.30023
24728 9.68504 8.20405 5.68105
26135 12.6319 10.4821 8.27732
38797 9.05543 7.37491 4.46686
29552 4.83792 3.73578 2.07606
34777 5.42306 4.10824 2.09731
36385 3.61846 2.96028 1.52745
31963 6.52919 4.98315 2.56908
24929 10.0309 8.46007 6.04546
21713 4.48737 3.68292 2.41692
26336 12.6122 10.4618 8.24109
38998 9.4507 7.69314 4.64487
29753 4.97986 3.84333 2.12696
34978 5.05507 3.87605 1.97284
36586 3.72896 3.04797 1.56832
22719 6.60957 5.47743 3.63632
32164 6.27348 4.79235 2.54381
26537 12.0412 9.95576 7.79893
21914 4.75907 3.89481 2.53001
39199 9.84612 8.01231 4.79323
29954 5.11417 3.94398 2.1733
32768 4.7978 3.70349 2.16156
36787 3.91357 3.19772 1.63582
22920 7.11079 5.92417 3.9314
32365 6.01892 4.59942 2.49806
26738 11.0519 9.07961 7.05348
22115 5.09301 4.17921 2.7009
39400 10.2505 8.34255 4.8935
27744 5.44655 4.27731 3.14904
32969 4.78457 3.68606 2.14547
36988 4.19701 3.43075 1.73857
32566 5.71909 4.36928 2.40845
26939 9.68798 7.86854 6.04714
23121 7.58323 6.36235 4.23409
39601 10.5736 8.60911 4.9751
22316 5.51482 4.54667 2.94445
27945 4.69109 3.65175 2.62
33170 4.89861 3.76535 2.16885
37189 4.59171 3.7568 1.89701
30155 5.22915 4.0443 2.20219
27140 8.43113 6.76896 5.13007
23322 8.04296 6.78859 4.53911
39802 10.7306 8.74327 5.02929
22517 6.11587 5.06054 3.33469
28146 4.16385 3.22691 2.2436
33371 5.02406 3.85489 2.19661
30356 5.3332 4.13569 2.23132
37390 5.05541 4.14066 2.09248
27341 7.37828 5.87205 4.37496
23523 8.47147 7.18224 4.82957
40003 10.8424 8.83644 5.08252
28347 3.81286 2.95029 1.97968
20106 2.46361 2.09496 1.60448
33572 5.13175 3.93342 2.21969
30557 5.41132 4.20241 2.2619
37591 5.54773 4.54859 2.3184
27542 6.51084 5.15074 3.78179
40204 10.92 8.89723 5.13468
23724 8.71734 7.40238 4.97875
28548 3.73034 2.88902 1.87375
20307 2.67486 2.26664 1.72701
33773 5.09977 3.90055 2.18863
30758 5.56023 4.31768 2.3171
35180 3.86766 3.1092 1.65617
25131 10.045 8.35588 6.54055
37793 6.18387 5.03686 2.68642
23925 8.85765 7.52904 5.06267
20508 2.89919 2.44541 1.84343
33974 5.03769 3.84311 2.1438
30959 5.71824 4.43624 2.37291
28749 3.75961 2.91321 1.83303
35381 3.64681 2.97094 1.58352
25332 10.6032 8.79931 7.06881
37994 6.90083 5.60497 3.09835
24126 8.87899 7.55513 5.09207
20709 3.13479 2.62955 1.94947
34175 5.03909 3.83055 2.11102
28950 3.86839 2.99764 1.83814
31160 5.7251 4.4367 2.36594
38195 7.52396 6.10149 3.48736
25533 11.2092 9.30415 7.55534
24327 8.96982 7.61314 5.22885
35582 3.53213 2.89296 1.53999
20910 3.43609 2.86143 2.05402
34376 4.99611 3.79727 2.06393
29151 3.98902 3.09479 1.86765
31361 5.77699 4.46624 2.37628
38396 8.08916 6.55398 3.86847
25734 11.8035 9.8195 7.94977
24528 9.118 7.70685 5.43137
21111 3.70738 3.06746 2.13676
35783 3.46128 2.84026 1.50894
34577 4.89618 3.73517 2.00059
29352 4.12703 3.20433 1.91013
31562 5.93028 4.56743 2.42251
38597 8.52924 6.92066 4.17018
25935 12.1189 10.0788 8.11746
24729 9.35524 7.86823 5.70751
35984 3.4229 2.80859 1.48798
21312 3.93847 3.24004 2.19627
34778 4.56566 3.53447 1.88235
29553 4.29594 3.33529 1.96955
31763 5.66107 4.36627 2.37286
38798 8.90745 7.24033 4.42029
26136 12.1784 10.1128 8.09892
24930 9.66453 8.08298 6.08481
36185 3.44376 2.82293 1.48902
34979 4.1797 3.30008 1.75454
21513 4.29207 3.51666 2.31216
31964 5.29276 4.09466 2.30172
29754 4.44792 3.44909 2.02676
38999 9.25491 7.53262 4.60363
26337 11.8664 9.8256 7.81718
22720 6.54633 5.41117 3.60965
36386 3.50466 2.86973 1.50697
32769 4.12362 3.2322 2.00266
21714 4.6303 3.78559 2.43545
32165 5.10357 3.95174 2.27211
29955 4.58797 3.55293 2.07543
26538 11.11 9.15291 7.23731
22921 7.04699 5.85135 3.90896
39200 9.56752 7.7917 4.7422
32970 4.16066 3.26045 2.01072
36587 3.63025 2.97007 1.55389
32366 4.9698 3.84697 2.23876
27745 5.11848 4.01467 2.99707
21915 4.85377 3.96918 2.53898
26739 10.1128 8.27198 6.49338
39401 9.83137 8.00445 4.81051
23122 7.50519 6.27599 4.19832
33171 4.28963 3.35636 2.04457
32567 4.86891 3.76387 2.1949
36788 3.85426 3.15293 1.63734
27946 4.35022 3.37828 2.44082
22116 5.16681 4.23899 2.71515
26940 9.0281 7.3187 5.68972
39602 10.0499 8.18188 4.87483
23323 7.92792 6.66973 4.47637
33372 4.40011 3.43633 2.07419
30156 4.70226 3.64494 2.09594
36989 4.1606 3.40466 1.75132
28147 3.84706 2.97592 2.0801
27141 7.95517 6.38896 4.91645
22317 5.56004 4.57905 2.95688
23524 8.3123 7.02609 4.73873
33573 4.49413 3.50166 2.09643
39803 10.2046 8.3092 4.93419
30357 4.75941 3.6954 2.10598
37190 4.57929 3.74828 1.9163
28348 3.50865 2.71212 1.83611
27342 6.96054 5.54028 4.21552
22518 6.08981 5.02669 3.31325
23725 8.52349 7.21794 4.88417
33774 4.5226 3.51085 2.08323
40004 10.3205 8.39887 4.99348
30558 4.75458 3.69818 2.10838
37391 5.05037 4.13262 2.11379
28549 3.39354 2.6253 1.74189
27543 6.18704 4.89261 3.67018
20107 2.54946 2.17654 1.68354
23926 8.64731 7.3279 4.98841
30759 4.79352 3.73167 2.11862
40205 10.4134 8.4689 5.0555
28750 3.3649 2.60695 1.7069
37592 5.58168 4.55734 2.37078
33975 4.53367 3.50625 2.05854
25132 9.85309 8.16034 6.52973
20308 2.72682 2.31196 1.7693
24127 8.6868 7.35841 5.06846
30960 4.84901 3.7768 2.13451
37794 6.27308 5.08556 2.7874
35181 3.58084 2.91525 1.59801
28951 3.39145 2.63298 1.71036
20509 2.93238 2.46862 1.85654
34176 4.5421 3.50055 2.02608
24328 8.76309 7.39515 5.21954
25333 10.3935 8.608 7.01195
31161 4.91391 3.82786 2.15406
37995 7.05545 5.69568 3.22661
35382 3.44438 2.82536 1.5397
29152 3.46554 2.70183 1.74933
20710 3.1632 2.64496 1.94354
25534 10.9574 9.08961 7.45293
24529 8.89052 7.46472 5.42427
34377 4.45764 3.4452 1.96354
38196 7.59989 6.13091 3.55178
31362 4.92124 3.83497 2.17485
35583 3.36112 2.76483 1.49513
29353 3.59006 2.80446 1.80389
20911 3.41797 2.83568 2.0148
25735 11.5005 9.56326 7.82296
34578 4.30567 3.35312 1.88087
24730 9.12512 7.62042 5.71049
38397 8.05333 6.50126 3.83805
31563 4.85865 3.78932 2.18878
35784 3.29978 2.71632 1.46253
29554 3.77812 2.94784 1.87444
25936 11.7295 9.75194 7.9308
34779 4.03961 3.19479 1.77174
38598 8.45879 6.85099 4.11455
21112 3.68558 3.03467 2.08977
31764 4.55834 3.56831 2.12778
35985 3.26594 2.68801 1.44239
29755 3.99243 3.11113 1.95832
24931 9.44994 7.85411 6.08957
26137 11.6889 9.70123 7.83786
34980 3.77481 3.03556 1.66968
38799 8.8352 7.17817 4.3645
21313 3.96482 3.24244 2.17613
36186 3.30649 2.71865 1.45348
31965 4.27163 3.35605 2.06208
29956 4.19383 3.26241 2.03112
22721 6.47397 5.33839 3.58248
26338 11.2783 9.32522 7.48277
32770 3.77497 2.98103 1.92469
39000 9.15827 7.45851 4.54886
21514 4.2982 3.50442 2.3069
36387 3.39037 2.78388 1.48331
32166 4.12895 3.24723 2.02104
27746 4.70154 3.69018 2.77424
22922 6.98004 5.7777 3.88714
26539 10.4871 8.62336 6.88851
32971 3.86897 3.05205 1.96245
39201 9.37362 7.64115 4.66129
21715 4.62379 3.76708 2.44525
32367 4.10076 3.22085 2.00738
36588 3.52593 2.89105 1.53553
27947 3.94409 3.06648 2.21747
26740 9.5511 7.80101 6.2008
23123 7.43212 6.19227 4.16736
33172 3.98635 3.14122 2.00379
32568 4.13178 3.23797 2.00745
21916 4.90124 3.99961 2.57471
36789 3.80779 3.12168 1.64341
39402 9.47008 7.71569 4.6939
28148 3.56907 2.76076 1.93681
26941 8.60514 6.9811 5.49797
23324 7.81738 6.55082 4.41631
33373 4.09495 3.22151 2.03908
30157 4.36508 3.38555 2.06714
22117 5.19836 4.25493 2.74804
36990 4.15226 3.40474 1.77532
28349 3.3206 2.56196 1.75588
27142 7.63648 6.14822 4.809
39603 9.60468 7.82103 4.74683
23525 8.13575 6.84922 4.63506
33574 4.18393 3.28578 2.06431
22318 5.54977 4.55775 2.97239
30358 4.45772 3.45906 2.08989
37191 4.54404 3.72458 1.92866
28550 3.14788 2.42793 1.64381
33775 4.23442 3.3185 2.06376
23726 8.3288 7.02571 4.79132
27343 6.67198 5.32408 4.13834
39804 9.75816 7.94128 4.81107
37392 5.00344 4.09356 2.12813
28751 3.11018 2.40179 1.6126
22519 6.04063 4.97516 3.29644
30559 4.49231 3.49513 2.10206
33976 4.2424 3.31946 2.03836
23927 8.45815 7.13366 4.93655
40005 9.91099 8.05263 4.87662
27544 5.88944 4.66111 3.56357
37593 5.58414 4.54804 2.41838
28952 3.15113 2.43799 1.62818
30760 4.50395 3.50801 2.0932
20108 2.59711 2.2219 1.72696
24128 8.52757 7.17262 5.08422
34177 4.2076 3.28964 1.98868
40206 10.0624 8.16945 4.95213
25133 9.8122 8.11352 6.51841
29153 3.27735 2.54127 1.69102
35182 3.35605 2.75334 1.55863
30961 4.4923 3.50395 2.08594
20309 2.7387 2.3186 1.76907
24329 8.59397 7.19122 5.24968
34378 4.07553 3.20181 1.90454
35383 3.27815 2.69867 1.5134
29354 3.43431 2.66677 1.76284
25334 10.3739 8.59999 6.96904
37795 6.32344 5.11823 2.87403
31162 4.43805 3.47096 2.08755
20510 2.92169 2.44965 1.82289
24530 8.7141 7.25326 5.44772
34579 3.89539 3.08708 1.80657
35584 3.219 2.65381 1.4717
29555 3.62623 2.81731 1.84512
25535 10.8848 9.0368 7.36225
31363 4.31772 3.38806 2.07231
20711 3.14019 2.61203 1.88846
24731 8.95337 7.42208 5.70835
37996 7.10276 5.72644 3.30425
34780 3.66124 2.94388 1.69651
35785 3.16681 2.61266 1.43774
25736 11.2946 9.38103 7.66315
29756 3.86476 3.0054 1.95704
31564 4.15898 3.27556 2.04406
20912 3.34524 2.7626 1.93637
24932 9.33668 7.7232 6.08345
34981 3.47443 2.82897 1.61159
35986 3.14777 2.59743 1.42119
38197 7.56956 6.11224 3.57731
31765 3.9194 3.10092 1.97548
29957 4.08411 3.175 2.05435
21113 3.59632 2.9482 2.01141
25937 11.3304 9.40209 7.65911
32771 3.57434 2.83779 1.90012
22722 6.33738 5.21304 3.52897
36187 3.19431 2.63423 1.43593
38398 7.97643 6.45907 3.82617
31966 3.72678 2.95883 1.91267
27747 4.36207 3.43212 2.59304
26138 11.2057 9.2834 7.53401
21314 3.91203 3.18454 2.13005
22923 6.83858 5.65172 3.8351
32972 3.69993 2.93264 1.95553
38599 8.36432 6.80295 4.0784
36388 3.29623 2.7144 1.47339
32167 3.62348 2.88013 1.86765
27948 3.60353 2.8086 2.03018
26339 10.9219 9.02556 7.29781
21515 4.21086 3.42076 2.27378
23124 7.28819 6.05839 4.11489
33173 3.81679 3.02197 2.00563
38800 8.70034 7.09703 4.28668
28149 3.29573 2.55498 1.79827
36589 3.45083 2.83679 1.53279
23325 7.68488 6.42033 4.37257
32368 3.63394 2.88224 1.86764
21716 4.52713 3.67862 2.42979
33374 3.92835 3.10567 2.04775
26540 10.2717 8.45557 6.83243
