969 0.0117751 0.0100986 0.00948722
0 0.00315959 0.00262192 0.00250033
612 0.00542195 0.00421169 0.00325012
306 0.00376713 0.00323046 0.00301281
459 0.00410342 0.00326939 0.00266674
1122 0.0261057 0.022285 0.0196342
765 0.0194362 0.0152605 0.0116269
153 0.00385668 0.00320439 0.00309035
51 0.00366357 0.00303931 0.00289433
1020 0.0160901 0.0137692 0.0127763
510 0.00448396 0.00355784 0.00287211
663 0.00825555 0.00642848 0.00488117
357 0.00356705 0.00296959 0.00261429
1173 0.0220582 0.0187768 0.0149488
816 0.014603 0.0118024 0.00962881
204 0.00381655 0.00318761 0.00308653
102 0.00387583 0.00320519 0.00307651
1071 0.0236226 0.0201578 0.0183547
714 0.0180539 0.0138921 0.00999692
561 0.00461875 0.00363119 0.00290795
408 0.00380571 0.00306802 0.0025758
1224 0.0204772 0.0173588 0.0125612
867 0.0105342 0.00879394 0.00753298
255 0.00391272 0.0033457 0.00323994
1 0.00416423 0.00347968 0.00337642
970 0.0125141 0.0109339 0.00972962
613 0.00670777 0.00511936 0.00353536
307 0.00396437 0.00330128 0.00304861
460 0.00397184 0.00324363 0.00265508
1123 0.0329687 0.0282786 0.0229664
918 0.0102776 0.00869343 0.00791323
154 0.00380917 0.00321122 0.00308425
52 0.00380985 0.00319421 0.00310192
1021 0.0211324 0.0185452 0.0160153
664 0.0143289 0.0108142 0.00722013
358 0.00408818 0.00334727 0.00302909
511 0.00409702 0.00331633 0.00247686
1174 0.0233 0.0197837 0.0154527
766 0.0190596 0.0149604 0.0110061
205 0.00371588 0.00312414 0.00295768
103 0.00377211 0.00314631 0.00304183
1072 0.0305865 0.026592 0.022449
1225 0.0216334 0.0184058 0.0141567
409 0.00406176 0.00326745 0.00284927
562 0.00485354 0.00377195 0.00264261
715 0.0224517 0.0170617 0.0114831
817 0.0112161 0.00918999 0.00745944
256 0.00375067 0.00315749 0.00295388
2 0.00417656 0.00344082 0.00328585
971 0.0161529 0.0139774 0.0122807
1124 0.03297 0.0285147 0.0236777
308 0.00373142 0.00300583 0.0027196
461 0.00397778 0.00321337 0.00227105
614 0.00819631 0.00614474 0.00385646
868 0.00878411 0.0074406 0.00642251
155 0.00394713 0.00332161 0.00312122
53 0.00389665 0.00325863 0.00313791
1022 0.0260218 0.0224567 0.0191292
1175 0.0246775 0.0213258 0.0175753
359 0.00367446 0.00300099 0.00256983
512 0.00524042 0.0039566 0.00254699
665 0.0107791 0.00822582 0.0053493
919 0.00953794 0.00823569 0.00744452
206 0.00397894 0.00328617 0.00298548
104 0.00383246 0.00323705 0.00304991
1073 0.0349607 0.0300927 0.025073
410 0.00362554 0.00298766 0.00231668
1226 0.0230489 0.0198448 0.0158171
563 0.00634101 0.00470647 0.00295221
716 0.0115356 0.00907143 0.00640803
767 0.0092636 0.00754777 0.00589064
257 0.0037651 0.00303827 0.00273618
1275 0.0242408 0.0206397 0.0141425
1428 0.0726383 0.0600407 0.038188
1581 0.122102 0.103161 0.0732385
1785 0.054223 0.0412717 0.0242491
2091 0.0779799 0.0583051 0.0284263
1938 0.0862994 0.0645323 0.0286293
818 0.00824594 0.00690643 0.00589337
2244 0.0480898 0.0379003 0.0184107
1326 0.0322222 0.027295 0.0182895
1632 0.140904 0.118473 0.0862682
1479 0.0920355 0.0767184 0.0501134
1836 0.0632627 0.0472814 0.0232767
2142 0.0748526 0.0562131 0.0274974
1989 0.0905989 0.0673143 0.0291009
869 0.00855179 0.00726268 0.00634702
2295 0.0406858 0.0332502 0.0157784
1377 0.0470681 0.0393019 0.0249159
1530 0.101745 0.0851133 0.0574082
1683 0.124786 0.102614 0.0730797
1887 0.0760946 0.0568966 0.0258746
2040 0.0815936 0.0608478 0.0285747
2193 0.0687972 0.0517267 0.0248487
2346 0.0496171 0.0407432 0.0191577
920 0.0109682 0.00943358 0.00834632
1276 0.026376 0.0222693 0.0165642
1734 0.0708302 0.0557027 0.0361993
1429 0.068411 0.0569423 0.0375573
1786 0.0392197 0.0303548 0.0202101
1939 0.0537307 0.0417438 0.0229113
2092 0.050008 0.0384281 0.0220228
2245 0.0376243 0.0303898 0.0159224
2397 0.0795016 0.0661049 0.0328623
1327 0.0375049 0.0310401 0.0212974
1480 0.0868124 0.073625 0.0491567
1582 0.108255 0.0903303 0.0696153
1837 0.0442674 0.0342039 0.019908
1990 0.0504581 0.0392004 0.0223478
2143 0.0485838 0.0373308 0.0212084
2448 0.103762 0.0850697 0.0440121
2296 0.0353003 0.0289517 0.0153012
1378 0.0496982 0.0408184 0.0263424
1888 0.0488475 0.0377932 0.0215033
1531 0.0930719 0.0789916 0.0537277
1633 0.122579 0.101926 0.0805696
2041 0.0486247 0.0376267 0.0218562
2194 0.0425632 0.0334349 0.0181154
2499 0.121594 0.0993159 0.053635
2347 0.0480991 0.0393319 0.0204827
1277 0.0264585 0.0221985 0.0162469
1430 0.0671665 0.0555444 0.0377598
1787 0.0294786 0.0228819 0.0159591
2246 0.030742 0.0252869 0.0154026
1940 0.0420511 0.0329656 0.023368
1481 0.0804241 0.0671611 0.0474936
2550 0.128409 0.105086 0.057307
1684 0.101424 0.0828978 0.0643501
2093 0.0396826 0.0315934 0.0221295
1328 0.0350536 0.0286761 0.0195939
1838 0.0316662 0.0245253 0.0167045
2297 0.0346412 0.0283985 0.0168922
1991 0.0356397 0.0283165 0.0206056
1532 0.0849985 0.0699665 0.0544061
2398 0.0732537 0.0594286 0.0339819
1735 0.056932 0.0447711 0.0326472
2144 0.0384338 0.0308036 0.0203329
1379 0.0483824 0.0394844 0.0265667
1889 0.0413747 0.0320658 0.021588
2348 0.0495837 0.0400039 0.0236233
2042 0.0349439 0.0277714 0.019784
3 0.00384343 0.00315991 0.00288239
2449 0.0905909 0.073744 0.0444773
1583 0.0972659 0.0800629 0.0654595
2195 0.0316813 0.0259899 0.0162406
156 0.00413042 0.00341952 0.00306689
309 0.00348383 0.00289984 0.00253707
462 0.00473261 0.0036531 0.00268092
54 0.00361708 0.00298052 0.00262095
615 0.00682012 0.00534671 0.003745
2500 0.0994958 0.0810481 0.0482003
1634 0.107479 0.0888111 0.0728172
768 0.00792698 0.00651079 0.00528308
207 0.00413385 0.00342861 0.00309001
360 0.00360226 0.00293916 0.00247293
513 0.00553568 0.00418695 0.00282242
105 0.00380618 0.00314301 0.00275274
666 0.0070806 0.00568451 0.00427395
2551 0.104552 0.0857294 0.0515089
1685 0.0842802 0.068873 0.0555904
819 0.00828811 0.00693107 0.00585241
258 0.00380095 0.00314502 0.00283233
411 0.00402198 0.0031933 0.00248339
4 0.00388115 0.00321894 0.0028267
564 0.00646584 0.00492273 0.00323845
717 0.00762513 0.00621605 0.00496443
2399 0.0666313 0.0536447 0.0327301
870 0.0110494 0.00937905 0.00805659
1736 0.0464565 0.0368877 0.0282534
55 0.00397316 0.00325754 0.00285533
157 0.00401838 0.00336113 0.00308795
310 0.00370455 0.00301948 0.0026406
616 0.00602112 0.00484383 0.00372788
2450 0.0786479 0.0640119 0.0391614
921 0.0164787 0.0141498 0.0122227
463 0.00545299 0.004342 0.00327599
972 0.0212129 0.0183091 0.016018
106 0.00399464 0.00329819 0.00300116
208 0.00374791 0.00317375 0.00288664
361 0.00436599 0.00349601 0.00290254
667 0.00654735 0.00526927 0.00416272
2501 0.0848337 0.0692929 0.0419625
769 0.00808993 0.00671085 0.00562421
514 0.00554758 0.00442881 0.00330499
1023 0.026502 0.0228847 0.0199423
5 0.00433797 0.00360068 0.00325525
259 0.00354617 0.00296268 0.00263136
412 0.00490408 0.00391116 0.00307697
718 0.007393 0.00604153 0.00495559
2552 0.0873747 0.0726937 0.0447398
820 0.0108118 0.0092113 0.0078649
565 0.00565829 0.00454971 0.00342915
1074 0.0301871 0.0260969 0.0227971
158 0.00374208 0.00309103 0.00286279
56 0.00411373 0.0033951 0.00311407
311 0.0042247 0.00340545 0.00296784
617 0.00680304 0.00551236 0.00431062
1125 0.0284681 0.0247216 0.021326
871 0.0150802 0.0129893 0.0110388
464 0.00565708 0.00461203 0.00368886
973 0.0218107 0.018899 0.0161752
107 0.0038712 0.0031859 0.00297531
209 0.00371203 0.00306407 0.00282351
668 0.00722695 0.00588289 0.00475893
362 0.00482517 0.00392237 0.00321804
1176 0.0212018 0.01834 0.0153304
922 0.0193017 0.016721 0.0141257
515 0.0058669 0.00474898 0.00372385
1024 0.0249415 0.0216631 0.0189399
1278 0.0248712 0.0208402 0.014816
260 0.00396453 0.0032182 0.0029574
719 0.0078933 0.00652592 0.00543201
413 0.0053597 0.00438094 0.00355568
1227 0.0190149 0.0162402 0.0123673
770 0.0106871 0.0090144 0.0076386
566 0.00635429 0.00515358 0.00396739
1075 0.0283191 0.0246147 0.0220996
1329 0.0339735 0.0283405 0.0196635
1431 0.0636156 0.052986 0.0372538
1584 0.0888996 0.0731517 0.0573083
1788 0.0289089 0.0228076 0.0171166
1126 0.0254823 0.0220212 0.0195191
821 0.0145001 0.0123813 0.0103555
1941 0.0492724 0.0389132 0.0330084
1380 0.045585 0.0379731 0.0260508
974 0.0209853 0.0182138 0.0151447
1482 0.0725 0.0601368 0.044411
1635 0.093808 0.0770823 0.0622226
1839 0.0346109 0.0272345 0.0203641
1177 0.0190904 0.0162793 0.0135546
872 0.0180659 0.0155286 0.0127441
1992 0.0438053 0.034461 0.027972
1025 0.0232011 0.0203012 0.0172467
1279 0.0256083 0.0215983 0.0168432
1533 0.0778753 0.064191 0.0489151
1686 0.0668254 0.0541578 0.0444967
1890 0.0456971 0.0358819 0.0291161
1228 0.0191855 0.0162946 0.0132072
923 0.0204323 0.0176178 0.0144588
2043 0.0435852 0.0342311 0.0272114
1330 0.0351293 0.0294843 0.0221994
1076 0.0273023 0.0238228 0.0208682
1432 0.0579583 0.0478691 0.0351981
1737 0.0400693 0.0319607 0.0256989
1942 0.0628199 0.0500052 0.0507519
2094 0.0439118 0.0351508 0.0298917
2247 0.030707 0.0255117 0.0212231
1789 0.0299009 0.0237774 0.0239675
1585 0.0816537 0.068899 0.054491
1127 0.0242106 0.0210538 0.018798
2145 0.0365077 0.0302722 0.0270704
2298 0.0347715 0.0284813 0.0201464
1636 0.076179 0.0646946 0.0619318
1381 0.0484943 0.0401388 0.0294092
1993 0.0630607 0.0502746 0.0512367
1483 0.0669554 0.0557092 0.0411187
2196 0.0316525 0.0263046 0.0223005
1687 0.0572081 0.04697 0.0455378
2044 0.0575505 0.0457304 0.0540159
2349 0.0470708 0.0377346 0.0244994
2095 0.0535767 0.0430139 0.0586689
1738 0.0338727 0.0273267 0.026584
2248 0.0366426 0.0301876 0.03022
2146 0.0476043 0.0389045 0.048644
1943 0.0927942 0.0757142 0.134061
1586 0.0712322 0.0604261 0.0580843
2299 0.0355645 0.0291796 0.0226261
2197 0.0431319 0.0355058 0.0415521
1637 0.0640609 0.0554342 0.0588672
1994 0.104696 0.080372 0.190143
2350 0.0447079 0.0366411 0.0259668
1840 0.0385156 0.0303151 0.0330899
2096 0.0942239 0.0723265 0.181784
2045 0.106128 0.0788734 0.230701
2249 0.044957 0.0363978 0.0431131
2147 0.0836121 0.0664654 0.125348
1534 0.0717349 0.0597974 0.0445304
1688 0.0456446 0.0392419 0.0420769
2300 0.0379035 0.0306717 0.0309242
2400 0.0627996 0.0502816 0.0325175
2198 0.0651397 0.0526143 0.0790801
1739 0.030606 0.0264553 0.03069
2351 0.0436542 0.035528 0.0330235
2451 0.0706504 0.0568554 0.0366898
6 0.00405135 0.00332174 0.00307088
159 0.00415381 0.00345152 0.00328945
312 0.0054484 0.00461252 0.00421016
2502 0.0744721 0.0612626 0.0375628
57 0.00384516 0.00313084 0.00292536
2553 0.0746396 0.0633054 0.0375503
363 0.00558899 0.00469864 0.00409358
1891 0.054195 0.0425778 0.0478387
210 0.00443518 0.00369878 0.00355288
108 0.00383249 0.00313453 0.00294165
2401 0.0537915 0.0443913 0.0310922
414 0.00563944 0.0046494 0.00388436
7 0.00390031 0.00317536 0.00281412
261 0.00470734 0.0039478 0.00370673
2452 0.0649619 0.0533147 0.0356131
313 0.00621646 0.00524189 0.004508
58 0.0040129 0.00332757 0.00295377
1433 0.0579614 0.0481394 0.0358575
160 0.00457392 0.00387171 0.00352742
364 0.00619736 0.00519808 0.0043038
2503 0.0643668 0.0531204 0.0350816
109 0.00415226 0.00347633 0.0031517
211 0.00495084 0.00418942 0.00375125
2554 0.0622877 0.0519384 0.0325636
262 0.00568672 0.00482246 0.00428746
415 0.00647505 0.00532815 0.00419119
8 0.00421554 0.00353504 0.00302498
2402 0.0519121 0.042718 0.0357382
161 0.00598496 0.0051103 0.00447566
1790 0.0298085 0.0260752 0.0403311
314 0.00681071 0.00573147 0.00464224
59 0.00450477 0.00383523 0.00332673
2453 0.0597391 0.0490647 0.0377361
212 0.00585496 0.00494682 0.00426731
1484 0.0647449 0.0537614 0.0402571
365 0.00672709 0.0056465 0.00449266
2504 0.0596796 0.0489162 0.0355785
263 0.00617083 0.00517491 0.00437835
110 0.00529542 0.00453069 0.00395386
416 0.00649943 0.00537973 0.00427155
2555 0.0535076 0.0436982 0.030752
618 0.00724182 0.00592898 0.00483418
465 0.00624616 0.0050585 0.00394716
771 0.0151662 0.0129297 0.0108387
975 0.0177198 0.0154511 0.0126943
516 0.00635681 0.00512692 0.00394755
669 0.00925995 0.00771931 0.00663916
822 0.0168684 0.014351 0.0116631
567 0.00659429 0.00533448 0.0041942
1026 0.0205239 0.0181306 0.0153761
873 0.0183878 0.0155994 0.0125749
720 0.0116552 0.00981514 0.00838936
1535 0.0679081 0.0561325 0.0451517
1841 0.041079 0.0347464 0.0606423
466 0.00669255 0.00547528 0.00425608
924 0.0186063 0.0158986 0.0128934
1077 0.0242023 0.0214579 0.0183436
619 0.00874924 0.00725566 0.00657285
517 0.00643703 0.00522574 0.0040711
772 0.0167936 0.0142005 0.0114087
976 0.0160489 0.0140698 0.0112807
670 0.0124456 0.0105011 0.00929368
568 0.00639083 0.00521167 0.00437752
823 0.0168487 0.0142656 0.0113557
1027 0.0197139 0.0172611 0.0138455
721 0.0159574 0.0135882 0.0114131
467 0.00630858 0.0051675 0.00417855
874 0.0159332 0.0136444 0.010838
1078 0.0202392 0.0176492 0.0141359
620 0.0150688 0.0125884 0.0107387
518 0.00664003 0.00542915 0.00480091
925 0.0150929 0.0130817 0.0104467
671 0.0169022 0.0143432 0.0116431
569 0.00889559 0.00736989 0.0068076
773 0.0171198 0.0145181 0.0116559
1892 0.0628803 0.0519963 0.0854497
722 0.0168593 0.0142872 0.0115111
824 0.01631 0.013946 0.0110887
1434 0.0567184 0.0468742 0.0353648
875 0.0150749 0.0130602 0.0103416
1178 0.0179851 0.0154428 0.0138335
1485 0.0605562 0.0502969 0.041128
1587 0.0661705 0.0551132 0.0522577
1536 0.0622246 0.051591 0.0472965
1638 0.0593138 0.0499134 0.0486196
1435 0.0549898 0.0461963 0.0371621
1486 0.0573298 0.0486868 0.0422365
1280 0.0266703 0.022194 0.0182619
1689 0.0430099 0.0367224 0.0382477
1537 0.0571999 0.0486032 0.0432862
926 0.0142944 0.0124576 0.00923866
1740 0.0337302 0.0307401 0.042466
1588 0.0573805 0.0490119 0.0451286
1639 0.0508207 0.0453435 0.0450235
1690 0.0353654 0.0343283 0.0400211
1741 0.0345952 0.0320759 0.0396179
977 0.0130579 0.0111894 0.00657493
1791 0.0409105 0.0393626 0.0655305
1842 0.0987946 0.0985386 0.158989
1893 0.213707 0.207378 0.380312
1792 0.133257 0.12808 0.156288
1843 0.569826 0.553137 0.859754
1894 1.65019 1.56363 3.02477
1331 0.0348053 0.0286363 0.0220744
1793 0.879983 0.920129 1.05756
1128 0.0211564 0.0184275 0.0141909
1844 2.22178 2.23252 3.36115
1589 0.041817 0.0408056 0.0372752
1895 4.46024 4.31668 7.33251
1944 0.680276 0.601676 1.47864
1995 0.651178 0.545218 1.52642
2046 0.673617 0.564102 1.56211
1945 3.47316 3.20998 7.11686
1996 4.24213 3.91599 8.76558
1436 0.0197137 0.0163404 0.0112647
2047 3.96523 3.59683 8.55828
1946 6.78838 6.60931 10.837
1229 0.0193036 0.0163541 0.0143041
1997 9.03532 8.91554 13.8943
2048 8.27307 8.06443 13.2423
1382 0.0477808 0.0392012 0.0291395
2097 0.286263 0.219187 0.725082
2148 0.164767 0.120696 0.410831
2250 0.0593672 0.0449766 0.102437
2199 0.0869912 0.0660184 0.168982
2098 1.89368 1.6283 4.16033
2149 0.59773 0.45875 1.39617
2301 0.0477023 0.0369205 0.0633357
2200 0.224085 0.155232 0.607823
2099 6.25736 5.87022 10.4505
2150 2.34018 1.95315 4.99572
2201 0.607768 0.414811 1.80278
2403 0.0575795 0.0463298 0.0437921
2454 0.0566112 0.0456702 0.0413763
2505 0.0525059 0.042507 0.036028
2556 0.0429572 0.0349955 0.0272364
2404 0.057279 0.0461844 0.0473482
2455 0.0497211 0.0398615 0.0387082
2506 0.0422947 0.0342457 0.0298781
2557 0.0348495 0.0290518 0.0217318
2405 0.0577843 0.0450515 0.0678419
2456 0.0461807 0.036583 0.0447728
2507 0.0358533 0.0292554 0.0229649
2558 0.0312946 0.0256623 0.0180195
9 0.00481897 0.00406396 0.00353906
60 0.0052953 0.00449193 0.00393602
111 0.00656463 0.00557074 0.00492388
10 0.0062743 0.00530641 0.00475026
61 0.00631696 0.00526636 0.00473202
112 0.00733014 0.00609249 0.00540247
11 0.0076398 0.0064269 0.00573888
62 0.00742375 0.00616993 0.00541217
113 0.00852443 0.00713688 0.00592984
162 0.00715201 0.00602832 0.00527791
213 0.00701228 0.00587982 0.00498641
264 0.00748536 0.00628827 0.00507102
163 0.007805 0.00652278 0.00553249
214 0.00739709 0.00616941 0.00495988
265 0.00733337 0.00610745 0.00483189
164 0.00858049 0.00720329 0.00581985
215 0.00767167 0.0064524 0.00511204
266 0.00625424 0.00527248 0.00431038
315 0.00762813 0.00639107 0.00506963
366 0.00689596 0.00575372 0.00462319
417 0.00590213 0.00491721 0.0041126
316 0.00665004 0.00556887 0.00451807
367 0.00567965 0.00475657 0.00408458
418 0.00715569 0.00589486 0.005364
2352 0.0510511 0.0404108 0.0544526
317 0.00635707 0.00532483 0.004815
368 0.00952511 0.0077235 0.00711662
419 0.0236133 0.0186656 0.0153491
468 0.00676612 0.00558625 0.00507566
519 0.0135018 0.0108471 0.00972125
2251 0.100246 0.0681945 0.270028
2302 0.0667478 0.0479609 0.138981
2353 0.0612834 0.0487327 0.063482
2252 0.196199 0.122614 0.614619
2303 0.0934768 0.0665032 0.182988
2354 0.0688491 0.052124 0.0974371
1281 0.0110042 0.0088481 0.00398203
1640 0.0380279 0.0410258 0.042707
1691 0.0398781 0.0430207 0.0476398
1742 0.114032 0.123734 0.138467
774 0.0151723 0.0127285 0.0104249
1028 0.0121123 0.0102607 0.00576268
621 0.0142567 0.0116535 0.00897833
570 0.01714 0.0137543 0.0106968
1179 0.0123639 0.00986689 0.00370468
1487 0.0138591 0.0114814 0.00639537
469 0.0171664 0.0137218 0.0117599
825 0.0125503 0.0105866 0.00689843
978 0.00731072 0.00581783 0.00389317
520 0.0242247 0.0194127 0.0159659
672 0.0128813 0.0107098 0.00741274
1079 0.00825137 0.00660868 0.00284809
876 0.0078575 0.00651104 0.00245498
1538 0.0303504 0.0261124 0.0198599
723 0.0137423 0.011489 0.00944402
1332 0.0131581 0.0106077 0.00595471
571 0.0321961 0.025445 0.0309677
1230 0.0106017 0.00849771 0.00345756
1029 0.00868256 0.00689131 0.00519407
927 0.00707623 0.00564574 0.00335717
1131 0.00852354 0.0067562 0.00498787
622 0.0293315 0.0232015 0.0260306
470 0.0337786 0.0267444 0.0201497
1284 0.018638 0.0151278 0.00424418
1383 0.0400432 0.032753 0.0259516
521 0.0420111 0.0332418 0.0376185
1129 0.018187 0.0155803 0.0116315
1282 0.0310502 0.0247155 0.0193666
1080 0.00868978 0.00689111 0.00518772
1180 0.02371 0.0187645 0.00999328
775 0.00871166 0.00699249 0.00318173
572 0.0449408 0.035413 0.0631262
1182 0.00916996 0.0072839 0.00189394
1335 0.0104898 0.00853756 0.00439488
673 0.0235194 0.0186414 0.0155098
1333 0.0252837 0.0201694 0.0202713
826 0.00244469 0.00198547 0.000654973
1231 0.0294175 0.0233573 0.0153661
979 0.00937065 0.00748359 0.00409398
1233 0.0185774 0.0149579 0.00324091
1437 0.00913329 0.00732597 0.00569472
1386 0.00898674 0.00722303 0.00567803
724 0.0157869 0.0125426 0.00488928
1384 0.0479258 0.0398318 0.0318296
1283 0.0213172 0.0169543 0.0118832
877 0.00790587 0.00628952 0.00343616
623 0.0224505 0.0180086 0.0341177
1130 0.00756834 0.00603068 0.00337679
1132 0.0094559 0.00761783 0.00221502
1030 0.00940768 0.00753119 0.00360508
1488 0.00909305 0.00728297 0.00576236
1285 0.0109018 0.00888065 0.00118871
674 0.0175603 0.0143241 0.0138107
1334 0.0118312 0.00944789 0.00861708
725 0.0201182 0.0162413 0.0133206
928 0.00923263 0.00736291 0.00393814
1181 0.0111399 0.00877447 0.00628872
1183 0.00974757 0.00788864 0.00119491
1336 0.0101145 0.00824975 0.00174099
1081 0.0094323 0.0075674 0.00320378
1590 0.00639773 0.00515012 0.00289346
1539 0.00804863 0.00647315 0.0043135
1385 0.00758863 0.00614619 0.00347342
1232 0.0188304 0.014875 0.00807508
776 0.00797949 0.00636171 0.00277522
1794 1.8504 2.05968 2.35012
1845 4.72066 5.20068 6.41526
1896 8.5806 9.06914 11.6566
1795 3.00454 3.31615 4.1831
1846 6.78211 7.51089 9.37405
1897 10.9933 11.5963 15.2612
1641 0.0155626 0.0162558 0.013937
1796 1.94384 2.01648 3.11537
1947 12.1483 12.406 16.3167
1234 0.0109335 0.00886794 0.00113592
1998 11.6568 11.669 16.0728
2049 8.64107 8.483 12.5759
1948 14.5509 14.9263 19.9311
1999 14.5496 14.8611 19.7494
2050 10.4308 10.5077 14.6263
1847 4.72333 4.79691 8.04646
1898 9.01331 9.21785 13.9716
1949 10.9129 11.1888 16.0097
2100 7.20799 6.89156 11.2567
2000 10.3336 10.5515 14.7798
1387 0.00966805 0.00785995 0.00271033
2051 9.65108 9.62018 13.6082
2151 3.71421 3.23144 7.15331
2202 0.641645 0.456632 1.67387
2101 8.35707 8.14655 12.2706
2253 0.21699 0.141266 0.586661
2152 4.0206 3.60865 6.80405
2304 0.119145 0.0784737 0.2878
2203 0.820919 0.633703 1.75799
2355 0.0878594 0.0590423 0.188044
2254 0.245974 0.1537 0.719807
2305 0.154084 0.094669 0.456847
2356 0.0936398 0.0653306 0.187779
2255 0.252022 0.148873 0.807822
2102 7.93124 7.54662 11.9715
2306 0.13042 0.0869535 0.319139
2153 2.95291 2.46113 5.63882
980 0.00981353 0.00785952 0.00304784
2357 0.0790609 0.0582677 0.126456
1438 0.00971416 0.00785238 0.00372308
2204 0.656586 0.4415 1.76853
2406 0.0672363 0.0490862 0.09965
12 0.00821907 0.0068904 0.00591624
2457 0.0460757 0.0365508 0.0372032
2508 0.0338423 0.0272636 0.0232174
2559 0.0303524 0.0245141 0.0201672
2407 0.0597576 0.0462027 0.066177
2458 0.0439693 0.0343072 0.0387276
2509 0.0354856 0.0277764 0.0278336
2560 0.0304376 0.0243282 0.0211317
2408 0.0514958 0.0388625 0.0651181
2459 0.0409359 0.0312767 0.0461048
2510 0.0339421 0.0269771 0.0280108
2561 0.0292678 0.0237474 0.0193049
165 0.00786842 0.00670525 0.00545621
216 0.00668674 0.00568005 0.00472239
267 0.00657953 0.00549148 0.0050248
63 0.0083878 0.00701045 0.00585265
114 0.00868148 0.00732842 0.00599047
13 0.00947984 0.00787406 0.00653489
64 0.00857998 0.00714914 0.0057881
115 0.00760862 0.00644141 0.00516562
14 0.00875153 0.00725455 0.00576674
65 0.00702059 0.00591949 0.00473055
116 0.00586825 0.00495258 0.00436486
318 0.0110823 0.00892957 0.00816371
369 0.0263183 0.0207557 0.0161817
420 0.0392115 0.0308665 0.021097
319 0.0233013 0.0183549 0.014676
1692 0.0448767 0.0484904 0.0488079
370 0.0380194 0.029734 0.0190482
166 0.00585655 0.00496765 0.00425618
217 0.00653325 0.00544436 0.00504025
421 0.0494532 0.0385334 0.0226246
268 0.012552 0.0101287 0.00912721
320 0.034255 0.0267451 0.0171928
371 0.047369 0.0364486 0.0208538
167 0.00876725 0.00719605 0.00674589
422 0.0741546 0.0572287 0.0300357
218 0.0136128 0.0109994 0.00976376
471 0.0473566 0.0372872 0.0242445
269 0.0254525 0.0200834 0.0154267
1743 0.462716 0.502593 0.537441
522 0.0467053 0.0364602 0.033117
827 0.00495432 0.00397242 0.00139111
624 0.0156841 0.0125467 0.0176941
1286 0.0095241 0.00770623 0.00169149
1133 0.00953261 0.00767631 0.00169716
1591 0.00968032 0.00778453 0.0047139
1031 0.00967811 0.00776305 0.00273881
1489 0.00972184 0.00783254 0.00430752
675 0.0231515 0.0185855 0.0136072
573 0.0382219 0.0302133 0.0407174
878 0.00935336 0.00747124 0.00294401
726 0.0159225 0.0127611 0.00875153
472 0.0715932 0.0550292 0.0303778
523 0.0669652 0.051737 0.0319664
1184 0.00942394 0.00760433 0.00131717
1337 0.00952199 0.00771373 0.00204789
1642 0.00906896 0.00729589 0.00463916
1540 0.00979249 0.00787812 0.00450651
574 0.0386767 0.0305553 0.0402554
1082 0.00960916 0.00772377 0.00227651
625 0.0159395 0.0127255 0.0111129
929 0.00966058 0.00772391 0.00322013
473 0.105919 0.0839845 0.0394439
524 0.115835 0.0913289 0.0383705
1388 0.0095784 0.00775049 0.00249915
1235 0.00948932 0.00767052 0.00139718
1693 0.00174348 0.00138217 0.000203489
676 0.203106 0.177217 0.0815179
575 0.0815869 0.0676662 0.0572857
1439 0.00987653 0.00797513 0.00317124
777 0.0156592 0.0124457 0.0060471
1744 0.400603 0.421316 0.461798
727 0.0159209 0.0126786 0.00941951
981 0.0102501 0.00823525 0.00225794
1134 0.0102166 0.00821265 0.00208076
1287 0.0101297 0.00816331 0.00218216
1440 0.0104434 0.00842634 0.00290064
1490 0.00983539 0.00793569 0.00352437
1592 0.0101221 0.00815848 0.00395374
828 0.0107247 0.00854306 0.00425708
1032 0.0102633 0.00823965 0.00235207
626 0.0205168 0.016293 0.0132687
1185 0.0102174 0.00822056 0.00206455
1491 0.0105913 0.00855161 0.00300207
1338 0.0101705 0.00820086 0.00242696
1541 0.0100746 0.00812391 0.00363332
1643 0.00991112 0.00801117 0.00360493
879 0.00799386 0.00644427 0.00185136
677 0.0109818 0.00878792 0.00614795
1083 0.0101561 0.00815609 0.00220101
1236 0.0102397 0.00824474 0.00211811
1389 0.0103994 0.00838836 0.00260818
1542 0.0105355 0.00851951 0.00286957
1593 0.0100271 0.00812956 0.00246727
1694 0.00506816 0.00410407 0.00192448
930 0.00967877 0.00778596 0.00215689
728 0.0179809 0.0142919 0.0105757
982 0.0119525 0.00961795 0.00261109
1441 0.00991543 0.00804601 0.00160898
1288 0.0107247 0.00867456 0.00179185
1135 0.00996416 0.00807204 0.00144231
1745 0.00838278 0.00675905 0.00663386
1644 0.00885808 0.00718691 0.00234362
778 0.0216312 0.0171623 0.0127596
1033 0.0105205 0.00850782 0.00182943
1950 8.61455 8.89736 13.3812
1797 0.413254 0.414865 0.714259
2001 8.29426 8.31869 12.4739
2052 6.06225 5.82387 9.5781
1951 3.17404 3.15271 5.10695
2002 2.08736 1.91941 3.97027
2053 0.993389 0.804215 2.36721
1952 0.0821261 0.0660154 0.184839
2003 0.0616012 0.046736 0.148559
2054 0.0726711 0.0524204 0.179497
2103 3.20733 2.7895 5.98756
2154 0.908862 0.664301 2.24489
2205 0.213815 0.131953 0.638409
2104 0.471656 0.32687 1.3159
2155 0.175234 0.115104 0.48264
2206 0.0891808 0.0617678 0.190486
2105 0.0740408 0.0534215 0.162755
2156 0.0501718 0.0358123 0.102716
2207 0.041139 0.0287716 0.0860031
2256 0.111669 0.0758947 0.248129
2307 0.0728428 0.0504618 0.136353
1186 0.0105423 0.00852563 0.00166853
2358 0.0623575 0.043425 0.110628
2257 0.0613621 0.041773 0.126616
1339 0.0103649 0.0083972 0.00167389
2308 0.052508 0.0359223 0.103727
2359 0.0429714 0.0320352 0.0652334
2258 0.0394771 0.02855 0.0732522
1492 0.00937213 0.00760369 0.0015885
2309 0.0335398 0.0267711 0.0417276
2360 0.0285767 0.023973 0.0263762
2409 0.0502326 0.0364394 0.0757987
2460 0.038166 0.0299111 0.0355742
2511 0.032321 0.0260884 0.0223631
2562 0.0290242 0.0234601 0.0196829
2410 0.0352293 0.0280557 0.0363035
2461 0.031469 0.0256004 0.0234544
2512 0.0291325 0.0236687 0.0209473
2563 0.0264174 0.021637 0.0179718
2411 0.0247871 0.0208363 0.0220882
2462 0.0250256 0.0210133 0.0212777
2513 0.0266946 0.0223837 0.0197562
2564 0.0258093 0.0216772 0.0173081
15 0.00623474 0.00527604 0.0043583
66 0.00534647 0.00447231 0.00410938
117 0.00786993 0.00650921 0.00634185
16 0.0062295 0.00519469 0.00502451
67 0.0100956 0.00838828 0.00817964
118 0.0189456 0.0156375 0.013911
17 0.0121669 0.0101686 0.0101695
68 0.0207747 0.017214 0.0156351
1695 0.0130647 0.0105704 0.00572804
119 0.0262679 0.0210374 0.0182103
18 0.0201248 0.0167102 0.0154157
69 0.0245659 0.0197171 0.0176906
120 0.027762 0.0218833 0.0183138
168 0.0186713 0.0153183 0.0136185
219 0.0269134 0.0216569 0.0170909
1848 2.95765 3.05896 5.01442
1899 6.4654 6.73366 10.4033
270 0.0329333 0.0259385 0.0178662
169 0.0254449 0.020524 0.0164212
220 0.0315122 0.0248154 0.017623
271 0.0370568 0.0284431 0.01728
170 0.0297021 0.0233741 0.0186781
221 0.0344229 0.0266773 0.0185512
272 0.0361877 0.0277974 0.0168556
171 0.0319083 0.0248275 0.0182358
222 0.0333144 0.0258947 0.0171504
273 0.0340573 0.0264874 0.0154351
321 0.0412278 0.0314912 0.0181347
372 0.0573602 0.0429494 0.0207249
423 0.0919286 0.0716782 0.0311809
322 0.0431215 0.0323646 0.0170148
373 0.0560234 0.0423651 0.018261
424 0.0928832 0.0715351 0.0273395
323 0.0397025 0.0302561 0.0148977
374 0.0502543 0.0373918 0.0144407
425 0.0815379 0.0605888 0.0220067
1084 0.0100979 0.00816363 0.00159278
324 0.0364045 0.0277342 0.0132687
375 0.033944 0.0254918 0.0123324
426 0.0363289 0.0276352 0.0139101
474 0.139711 0.112758 0.0464514
525 0.230749 0.184952 0.0747417
829 0.0217595 0.0172798 0.0103625
576 1.23305 1.13204 0.451677
475 0.153932 0.119165 0.0435139
526 0.367692 0.285919 0.101358
577 1.79944 1.67675 0.606077
476 0.116582 0.0890093 0.0342799
1798 0.0215256 0.0172356 0.0320154
527 0.193191 0.153198 0.059879
578 0.364187 0.319713 0.115115
477 0.0316169 0.0253342 0.0131668
528 0.0248576 0.0204146 0.0101643
579 0.0210397 0.0175895 0.00995758
1237 0.010536 0.00852801 0.00163686
1746 0.0179379 0.0144456 0.0158064
1543 0.0118276 0.00957032 0.00386859
1390 0.00983622 0.00798244 0.00151365
627 1.27205 1.25731 0.50075
1849 0.386907 0.381721 0.680038
1900 1.26087 1.26411 2.10229
880 0.0211268 0.0168059 0.00914703
983 0.0302293 0.0240166 0.0184049
1136 0.022372 0.0178697 0.0112004
1799 0.0203899 0.0163509 0.0259236
1594 0.0146702 0.0118258 0.00767862
678 0.0157038 0.0124992 0.0086796
1289 0.0198003 0.0158588 0.0102803
1442 0.0297284 0.0237223 0.0229206
931 0.0130549 0.0104681 0.00429099
1034 0.0295211 0.0234864 0.0172383
1850 0.0440281 0.0365809 0.0771731
1901 0.0617627 0.0509663 0.114902
1645 0.0244895 0.0195978 0.0209915
1187 0.0194512 0.0155825 0.00875563
729 0.0201131 0.0159683 0.0121362
1340 0.0197759 0.0158479 0.0104824
1493 0.0347345 0.0276582 0.0322383
780 0.0240052 0.0190446 0.0147159
779 0.0228274 0.0181069 0.0136544
628 1.36314 1.32491 0.461456
1085 0.0262845 0.0209511 0.0139959
1696 0.0260879 0.0208942 0.0247715
1238 0.0212383 0.0169862 0.0111902
1391 0.026151 0.0208879 0.0179903
679 0.0169524 0.0134962 0.0109061
1544 0.0366309 0.0291407 0.0373664
831 0.0275787 0.0218676 0.0176727
830 0.0262043 0.0207789 0.0163281
984 0.03452 0.0273828 0.0253111
1747 0.0234971 0.0188593 0.0242127
1137 0.0397922 0.0315769 0.0336306
1290 0.0423458 0.0336054 0.0399621
882 0.0298955 0.0237091 0.0199524
730 0.0215914 0.0171314 0.0133701
881 0.0293903 0.0233092 0.019383
1443 0.0431598 0.0342433 0.0461459
1035 0.0363927 0.0288746 0.0278587
1595 0.0373663 0.0297044 0.0413871
629 0.0941711 0.0821326 0.0326745
1188 0.0408443 0.0324169 0.0357416
933 0.0326926 0.0259343 0.0231881
932 0.0306165 0.0242955 0.0200356
1494 0.0425417 0.0337587 0.0467162
1341 0.0429155 0.0340554 0.0423019
680 0.0186585 0.014839 0.0125476
1086 0.0382911 0.0303819 0.0308224
1646 0.0351562 0.0279816 0.0390651
1239 0.0418076 0.0331771 0.0381143
781 0.0255403 0.0202499 0.0160914
1596 0.0394495 0.0313311 0.0451167
1545 0.0411293 0.03265 0.046358
1392 0.0434066 0.0344388 0.0448179
731 0.0234436 0.0185913 0.0152014
985 0.035192 0.0279172 0.0262747
1697 0.0299715 0.0239386 0.0311117
1138 0.0398816 0.0316428 0.0337495
832 0.0283582 0.0224878 0.0188121
1647 0.0365218 0.0290435 0.0414467
630 0.015998 0.0132186 0.0112841
1748 0.0249123 0.0199782 0.0237621
1444 0.0435608 0.0345556 0.0464255
1036 0.0368569 0.0292443 0.0286874
1291 0.0428338 0.0339899 0.0409686
1189 0.0410475 0.0325699 0.0361275
681 0.0215671 0.0171191 0.0149773
883 0.0307401 0.0243783 0.0209522
1698 0.0310537 0.0247836 0.0321837
1800 0.0192698 0.0154947 0.0197608
1087 0.0385673 0.0305996 0.0314542
1495 0.0430323 0.0341384 0.0475074
1342 0.0433401 0.0343866 0.0431495
1749 0.0254644 0.0204171 0.0234275
1240 0.0422528 0.0335259 0.0390628
934 0.0333843 0.0264817 0.0242187
732 0.0253346 0.0200822 0.0172669
1851 0.0215265 0.0174335 0.035201
986 0.0356859 0.0283069 0.0271534
1546 0.0420165 0.0333396 0.047891
1953 0.0293513 0.025056 0.0356833
2004 0.0306264 0.0255695 0.0376301
1902 0.0305302 0.0263229 0.03922
2055 0.0270674 0.0223427 0.033876
1393 0.0436794 0.0346502 0.0452132
1954 0.0158999 0.0141522 0.0148921
2005 0.0155346 0.0137702 0.0145287
2056 0.0159646 0.0139331 0.0150645
1955 0.0124108 0.011091 0.0101712
2006 0.0132031 0.0117253 0.0104601
1139 0.040242 0.031927 0.0344715
2057 0.00960135 0.00804212 0.00677595
1801 0.018939 0.0152443 0.0168061
782 0.0269751 0.0213844 0.0179429
1597 0.0401604 0.0318857 0.0462514
1956 0.0124905 0.0111592 0.00868325
2007 0.0120349 0.0106826 0.00862314
1037 0.0373922 0.0296661 0.0295233
1445 0.0439788 0.0348789 0.0472896
2058 0.0216303 0.0170393 0.0149705
1292 0.0431539 0.0342363 0.0416601
1852 0.0191182 0.0152483 0.0307671
1648 0.0371519 0.0295313 0.0426714
833 0.0297927 0.0236207 0.0204862
1190 0.0413381 0.0328021 0.0367277
2106 0.0250467 0.0203037 0.0348771
1903 0.016491 0.0143849 0.0188385
1088 0.039172 0.0310801 0.0325658
1496 0.0434581 0.0344736 0.0482944
2157 0.0155419 0.0122045 0.0155614
1802 0.0183494 0.0147861 0.0128309
1699 0.0323722 0.0258085 0.0346734
884 0.0317261 0.0251592 0.0223399
1343 0.0436324 0.0346121 0.0437065
1241 0.0424083 0.0336467 0.0393431
2208 0.0128455 0.0102149 0.00481826
987 0.0365639 0.0290001 0.0286525
1547 0.0431026 0.0341867 0.0495556
1853 0.0173 0.0138026 0.0262866
1750 0.0265739 0.0212843 0.0242702
935 0.0338716 0.0268611 0.0249037
1394 0.0439581 0.0348667 0.045576
2107 0.0125559 0.00999937 0.00735573
1904 0.0153501 0.0130835 0.0203923
1038 0.0380641 0.0301891 0.0306656
1446 0.0447432 0.0354787 0.0486951
1140 0.0407327 0.0323095 0.0354174
1803 0.0192716 0.0155273 0.0114459
2158 0.0230158 0.0181777 0.0150106
1598 0.0409192 0.032477 0.0478712
1293 0.0437199 0.0346747 0.0426706
783 0.0281875 0.0223399 0.01942
1089 0.0399753 0.03171 0.0341076
1497 0.0443774 0.0351931 0.0497176
1854 0.0130992 0.0105337 0.0137625
1191 0.0419929 0.0333129 0.0380187
2209 0.0381581 0.0301059 0.0382983
1649 0.0392005 0.0311279 0.0462911
1344 0.0442903 0.0351274 0.0449989
1905 0.0167338 0.0138663 0.026422
834 0.0309426 0.0245292 0.0220577
2259 0.0108498 0.00876137 0.00225682
1548 0.0439084 0.0348155 0.0511758
1242 0.0432431 0.0342958 0.0410643
2108 0.0296695 0.0234099 0.0247941
2412 0.0136155 0.011231 0.00890798
2310 0.007784 0.00632174 0.000810303
2463 0.0243699 0.0204053 0.018286
19 0.0256344 0.0209622 0.0187008
70 0.0265709 0.0212854 0.0182849
121 0.0270861 0.0214236 0.0174793
20 0.0274293 0.0221245 0.0193047
71 0.0273291 0.021721 0.0180905
122 0.026676 0.0211526 0.0170006
21 0.0274026 0.0220942 0.0184693
1395 0.044549 0.0353286 0.0467777
72 0.025333 0.0202888 0.0168306
123 0.0229177 0.018473 0.0147441
172 0.0284249 0.0224602 0.0174512
325 0.0211092 0.0163546 0.00943324
223 0.0288972 0.0228784 0.016156
376 0.0212215 0.0163146 0.0093186
274 0.0270471 0.0212741 0.0134615
1700 0.0350051 0.0278577 0.039467
2514 0.0254145 0.0213422 0.0180372
2565 0.0244224 0.0206571 0.0170383
173 0.0255206 0.020429 0.0152994
224 0.0221914 0.0177162 0.0121917
275 0.0171405 0.0136664 0.00937672
174 0.0203043 0.0164636 0.0127827
2413 0.0293039 0.02402 0.0336344
225 0.0148656 0.0120484 0.00876205
276 0.01257 0.00993709 0.00690776
478 0.0160647 0.0132657 0.00790584
529 0.0139007 0.0117404 0.00773232
580 0.0135001 0.0115231 0.00904851
479 0.0116574 0.00986875 0.00710406
530 0.01196 0.0102398 0.00844595
581 0.0145248 0.0124711 0.0108644
480 0.0106743 0.00906664 0.00752526
2464 0.0233666 0.0193844 0.0178066
2515 0.0244393 0.0202867 0.017862
531 0.0133229 0.0113799 0.00983689
2566 0.0238693 0.0200549 0.0163778
2414 0.0192753 0.0169763 0.0187549
2465 0.0236993 0.0203529 0.0213614
582 0.0165933 0.0140242 0.0127193
2516 0.0258916 0.0215113 0.0194235
2567 0.0244594 0.0205416 0.0154359
2415 0.0356077 0.0304856 0.0405346
2466 0.0457403 0.0386733 0.0489381
2517 0.0376494 0.0315924 0.0378038
2568 0.0274004 0.022723 0.0232869
2159 0.0506535 0.0399096 0.0620076
427 0.0188963 0.0150125 0.00893402
326 0.0154156 0.0120861 0.00809694
377 0.0142381 0.0114205 0.00749696
428 0.0133206 0.0110326 0.00706804
327 0.0112601 0.00899909 0.00609002
378 0.0132852 0.0106909 0.00693377
429 0.0120038 0.00989022 0.00705129
885 0.0329157 0.0260965 0.0240434
631 0.0177625 0.0144656 0.0141924
2361 0.00991589 0.00808685 0.00382767
1751 0.0276795 0.0221482 0.0259136
784 0.0294788 0.0233592 0.0215205
988 0.0375153 0.0297455 0.0304047
1141 0.0417702 0.0331251 0.0374615
2210 0.0727665 0.0571286 0.121848
936 0.0348863 0.027659 0.0263401
682 0.0237462 0.0188361 0.0178952
2260 0.0644797 0.0506155 0.0996464
1599 0.0428253 0.0339607 0.051482
1039 0.0391729 0.0310664 0.0328454
835 0.0319082 0.0252851 0.0236626
2109 0.0489644 0.0386272 0.0567562
1294 0.0444203 0.0352232 0.0441463
2311 0.061 0.0480346 0.103568
1192 0.042781 0.0339228 0.0396672
733 0.026851 0.0212789 0.019397
1650 0.0402346 0.0319354 0.0481909
1090 0.0406982 0.0322699 0.0354146
886 0.0341143 0.0270357 0.0260131
2362 0.0540443 0.0428318 0.0929283
2160 0.0732716 0.0575708 0.119052
632 0.0199284 0.0161856 0.017193
1243 0.0435004 0.0345025 0.0414711
1345 0.0448946 0.0356008 0.0460361
2261 0.038809 0.0312231 0.0650489
1701 0.0361558 0.0287537 0.0419552
2211 0.0485446 0.0387513 0.0902624
937 0.0360555 0.0285824 0.0284519
989 0.0388769 0.0308139 0.0328789
2312 0.022489 0.0187407 0.0360334
2363 0.01434 0.01279 0.0146411
2262 0.0106599 0.00964529 0.0103005
2313 0.0112498 0.0101201 0.0117141
2364 0.0172761 0.0152581 0.0193624
683 0.0253667 0.0201169 0.0209363
1142 0.0431701 0.0342173 0.0402626
1600 0.0440286 0.0348989 0.0537301
1447 0.0454278 0.0360142 0.0500591
1752 0.0288529 0.0230659 0.0274337
1396 0.0454425 0.0360262 0.0485466
785 0.0313685 0.0248481 0.0245286
1040 0.040601 0.0321867 0.0355387
734 0.0287238 0.0227551 0.0223599
1804 0.0186622 0.0150335 0.00951235
1193 0.0437908 0.0347164 0.0416696
1651 0.0426832 0.0338392 0.0536703
1498 0.0453112 0.0359199 0.0517495
836 0.0334161 0.026474 0.0263165
1295 0.0456413 0.0361756 0.0466746
633 0.0191095 0.0154755 0.0183943
1091 0.0415832 0.0329654 0.0372506
1855 0.00843148 0.00681397 0.00697215
1702 0.0393357 0.031228 0.0484788
1244 0.0447384 0.0354635 0.0439863
1549 0.0450954 0.0357425 0.0536216
1906 0.0222205 0.0179743 0.0349093
684 0.0278818 0.0220912 0.0248939
887 0.0357318 0.0283127 0.0289257
1346 0.0460503 0.0364969 0.048482
990 0.0403354 0.0319553 0.0356765
1753 0.029173 0.0233205 0.0272449
1805 0.0166823 0.0134466 0.00766028
1143 0.0441216 0.0349574 0.0422587
735 0.0306088 0.0242323 0.0258053
1448 0.0465916 0.0369221 0.0524524
938 0.0372381 0.0295068 0.0306836
1397 0.0466635 0.0369746 0.0510255
1041 0.0419276 0.0332206 0.0382171
1856 0.00573995 0.00456695 0.00290663
1601 0.0456358 0.036152 0.0572599
1957 0.0161843 0.0138107 0.00956398
1194 0.0452168 0.035832 0.0445579
2008 0.0160006 0.0127572 0.0113281
786 0.0332779 0.0263448 0.0277529
1907 0.00571398 0.0044956 0.00348891
1499 0.0466396 0.0369547 0.0544843
1296 0.0469558 0.0372033 0.0495046
1092 0.0428826 0.0339754 0.0397665
1652 0.044235 0.0350519 0.0568121
2059 0.0411327 0.032466 0.0424675
1806 0.0132232 0.0105957 0.00366656
837 0.0352907 0.0279417 0.0296258
1245 0.0460368 0.036478 0.0468213
1550 0.0465937 0.0369081 0.0566242
1703 0.0421703 0.0334303 0.0547056
2110 0.069663 0.0547932 0.10811
1347 0.0474368 0.0375771 0.0514368
1857 0.0104121 0.00828881 0.00231807
2263 0.00836063 0.007659 0.00754277
2314 0.010788 0.00993388 0.01096
2365 0.0242803 0.021406 0.0286581
2264 0.00808575 0.00745731 0.00723907
2315 0.0110408 0.0102785 0.0106816
2366 0.0168192 0.0154799 0.0168355
2265 0.00814698 0.00739835 0.00644563
2316 0.00901505 0.0082285 0.00797871
2367 0.0131876 0.0119955 0.0126407
2416 0.047085 0.0407137 0.0573034
2467 0.0604965 0.0522253 0.0722831
2518 0.0359593 0.0304834 0.0388497
2569 0.0263965 0.0219404 0.0219433
2417 0.0422467 0.0372656 0.0459323
2468 0.049486 0.0425344 0.0545178
2519 0.0308321 0.0257824 0.0301498
2570 0.0222264 0.0184085 0.0188881
1958 0.00833966 0.00653132 0.0037078
2418 0.0225165 0.0198661 0.0223778
2469 0.0258164 0.0224106 0.0265389
2520 0.016538 0.0141054 0.0165477
2571 0.0159367 0.0134522 0.0142261
22 0.0250957 0.0201585 0.0166997
73 0.0223774 0.0181129 0.0145638
124 0.0167742 0.0137331 0.0107471
23 0.0218177 0.0177279 0.0145852
74 0.0170263 0.0139846 0.0111402
125 0.0118103 0.00967256 0.00724133
24 0.0147334 0.0121679 0.00961131
75 0.0117472 0.00961313 0.00733461
126 0.0104148 0.0084269 0.00603666
175 0.0122585 0.0100058 0.00739461
226 0.010862 0.00871984 0.00610045
277 0.0101086 0.00804834 0.00560627
176 0.0104729 0.00845861 0.00597479
227 0.00938362 0.0076039 0.00544053
278 0.00768601 0.00624214 0.00448215
177 0.00921435 0.00758016 0.00543641
228 0.00744687 0.00613972 0.00449832
888 0.0375054 0.0297028 0.0320502
279 0.00594299 0.00484091 0.00356021
328 0.00870384 0.00696961 0.00477006
379 0.0197099 0.0151053 0.00938642
430 0.0163672 0.0127467 0.00942307
329 0.00662724 0.00537222 0.00391776
380 0.00778418 0.00629339 0.00480761
431 0.00992062 0.00812162 0.00686305
330 0.00583458 0.00478181 0.00389594
381 0.00720669 0.00596785 0.005133
432 0.00945562 0.00784002 0.00666224
481 0.0133841 0.0111156 0.00963422
532 0.015246 0.0128956 0.0115557
583 0.0182418 0.0153309 0.014155
482 0.0131094 0.0106485 0.0094363
533 0.0170939 0.0140025 0.013027
584 0.0203354 0.0167594 0.0160921
483 0.0118285 0.00987819 0.00865811
534 0.0160486 0.0133234 0.0124907
585 0.0200977 0.0165931 0.0159864
2161 0.0526719 0.0418134 0.100706
1754 0.0336342 0.0267918 0.036638
634 0.024013 0.0194709 0.0217532
1449 0.0480079 0.0380255 0.0555668
1908 0.0105874 0.00836082 0.00312587
2212 0.00916854 0.00829428 0.00751763
2009 0.030364 0.0239814 0.0259343
1398 0.0479911 0.0380144 0.0538397
939 0.0387907 0.0307196 0.0335195
2111 0.0779911 0.0612573 0.14261
685 0.0311057 0.0246277 0.0318011
1602 0.0477155 0.0377755 0.0614885
787 0.0356961 0.0282412 0.0325329
1500 0.0484136 0.0383335 0.0583191
2162 0.016725 0.0139717 0.0243338
2213 0.0078604 0.00716146 0.00644889
2060 0.0601734 0.047408 0.0824108
991 0.0423863 0.033555 0.0397827
1144 0.0460817 0.0364863 0.0463698
736 0.0330493 0.0261496 0.0306205
2112 0.0686601 0.0540219 0.134849
1653 0.0473468 0.0374692 0.0640092
838 0.03733 0.0295396 0.0335454
2163 0.00765862 0.00684335 0.00524407
2214 0.00765576 0.00693334 0.00570717
1959 0.0240297 0.0189708 0.0169076
1551 0.0484747 0.0383736 0.060826
635 0.0230162 0.0192009 0.0183407
1042 0.0435515 0.034483 0.0415893
1297 0.0490474 0.0388248 0.0540359
1195 0.047016 0.0372264 0.0484956
686 0.0349031 0.0276166 0.042476
889 0.0391291 0.0309704 0.0355519
1704 0.0448546 0.0355187 0.06069
2010 0.0489324 0.0386244 0.056015
1450 0.0503167 0.0398194 0.0603695
1093 0.0453498 0.0359123 0.0449573
1348 0.0493421 0.039059 0.055431
1246 0.048034 0.0380367 0.051133
737 0.0360669 0.0285105 0.0373477
940 0.0409827 0.0324364 0.0379299
1755 0.0338092 0.0269266 0.0367058
2061 0.0733049 0.0576297 0.121393
1501 0.0510901 0.0404134 0.0642235
636 0.0235525 0.0194551 0.0188578
992 0.0448535 0.0354804 0.0452733
687 0.0323427 0.0262516 0.0369556
788 0.0386234 0.0305286 0.0391915
1145 0.0479887 0.0379778 0.0505049
1399 0.0497328 0.0393678 0.0576008
1603 0.0505827 0.0400074 0.0677771
1807 0.0206538 0.0164206 0.00790478
738 0.0415674 0.0328165 0.0525577
1552 0.050559 0.0400002 0.0648463
1043 0.0458576 0.0362781 0.0465344
839 0.0403094 0.031865 0.0401228
1196 0.048914 0.0387089 0.0526075
1858 0.0211655 0.0167846 0.00973351
1298 0.0507553 0.0401563 0.0578607
1654 0.0498135 0.039394 0.0690388
1960 0.0437505 0.0345526 0.0453597
1451 0.05256 0.0415641 0.065464
1094 0.0470618 0.0372391 0.0487733
890 0.0416486 0.0329282 0.0409646
1909 0.0282122 0.0223144 0.0201265
1705 0.0492661 0.0389467 0.0713581
1349 0.0520531 0.0411676 0.061735
1247 0.0500885 0.0396311 0.0555804
2011 0.071623 0.056314 0.113742
993 0.0475794 0.0376054 0.0513173
1502 0.053397 0.0422136 0.0691926
941 0.0429123 0.0339449 0.0422197
1808 0.0377914 0.0298593 0.0348392
1756 0.0312194 0.0247914 0.0309728
1146 0.0513126 0.0405626 0.0580565
1400 0.05234 0.0413933 0.0636682
2062 0.0701329 0.0551851 0.12925
1044 0.0489225 0.0386624 0.0534332
1859 0.0421367 0.0332536 0.0436113
789 0.0420094 0.0331678 0.0475839
1553 0.0534379 0.0422388 0.0714822
1604 0.053699 0.0424298 0.0748126
1197 0.0521147 0.0411992 0.0598295
1299 0.0541837 0.0428206 0.0657391
1961 0.0705699 0.0554757 0.109392
1095 0.050087 0.0395923 0.0555483
840 0.0439224 0.0346916 0.0485459
1910 0.0546799 0.0430781 0.0697471
1452 0.0563323 0.0444946 0.0743477
1655 0.0541729 0.0427869 0.0794036
2113 0.00825627 0.00736143 0.00544197
1248 0.053077 0.0419548 0.0624452
2164 0.00818731 0.00735568 0.00581351
2215 0.00793742 0.00717715 0.00609712
2114 0.00882879 0.00777311 0.00651398
2165 0.00773262 0.0069265 0.00602259
2216 0.00690108 0.00621327 0.00543675
1350 0.0552892 0.0436824 0.0692144
2115 0.00891362 0.00775885 0.00584664
2166 0.00711066 0.00629853 0.00532284
2217 0.00565912 0.00509758 0.00432689
2266 0.00730879 0.00660723 0.0058857
2317 0.0073403 0.00668266 0.00610984
2368 0.009806 0.00900668 0.0085534
2267 0.0058823 0.00529516 0.00461945
2318 0.00658762 0.00596708 0.00511659
2369 0.00970393 0.00867699 0.00721912
2268 0.0059198 0.00535439 0.00436937
2319 0.00676262 0.00607456 0.00482446
2370 0.00870628 0.00770289 0.00605494
2419 0.014775 0.0132709 0.0130574
2470 0.0157948 0.0139266 0.0131944
2521 0.0158454 0.0138573 0.0121779
2572 0.0163421 0.0141822 0.0115909
2012 0.0834103 0.0654461 0.156942
2420 0.0135438 0.0120326 0.00983879
2471 0.0191553 0.0168081 0.013715
2522 0.0228647 0.019886 0.0163373
2573 0.0214122 0.0186537 0.0153094
2421 0.0115187 0.0101824 0.00812991
2472 0.015823 0.0139937 0.0113016
2523 0.0201777 0.0177861 0.0141047
2574 0.0185329 0.0164727 0.0127918
25 0.0110395 0.00908072 0.00688672
76 0.00960588 0.00780101 0.00560235
127 0.00868107 0.00714665 0.00511874
26 0.00936762 0.00761833 0.00556051
77 0.00825706 0.00677312 0.00485333
128 0.00569806 0.00472671 0.00352747
27 0.00767472 0.00629622 0.00455959
78 0.00512597 0.00421793 0.00315465
129 0.00423918 0.0034981 0.00252431
178 0.00632188 0.00527177 0.0039282
891 0.0448451 0.0354241 0.0482784
229 0.00554609 0.00459086 0.00336109
280 0.00520542 0.00427694 0.00333246
179 0.00503081 0.00418211 0.00305804
230 0.00488823 0.00405267 0.00323882
281 0.00571983 0.00473833 0.00411598
1706 0.0529174 0.041788 0.0803632
180 0.00426409 0.00350873 0.00265493
231 0.00465376 0.00384429 0.00325485
282 0.00656046 0.00539396 0.00461243
331 0.00627934 0.00519253 0.00449048
382 0.00806917 0.00668902 0.00587058
433 0.0096617 0.00819652 0.00735375
332 0.00780052 0.00642638 0.00554472
383 0.00883267 0.00748314 0.00669718
1809 0.0633725 0.0497422 0.0961868
434 0.0104383 0.0089573 0.00831655
333 0.00798301 0.00673156 0.00589739
384 0.00946879 0.00817817 0.00745681
435 0.0115156 0.00984358 0.00925929
484 0.012151 0.0103387 0.0094815
535 0.0156835 0.0132416 0.0121595
586 0.019166 0.0160789 0.0151063
485 0.012793 0.0108888 0.0102085
536 0.0157212 0.0133287 0.0122915
587 0.0186435 0.0156926 0.0144862
486 0.0130516 0.0111525 0.0104743
537 0.0157674 0.013373 0.0126038
588 0.0181427 0.0152607 0.0143853
637 0.0215656 0.0179841 0.017039
688 0.0250511 0.0207992 0.0197264
2063 0.0286516 0.023215 0.0482493
739 0.0341595 0.0275761 0.042067
1503 0.0571752 0.0451478 0.0782676
790 0.0500774 0.0394544 0.0703915
638 0.0211367 0.017775 0.0168221
689 0.0249804 0.0208861 0.0201874
740 0.0290859 0.0242304 0.0229471
639 0.0209004 0.0174691 0.0165382
690 0.0233952 0.0196119 0.0188634
741 0.0250597 0.0211297 0.0204628
1962 0.084968 0.0679562 0.0968687
1401 0.055609 0.0439272 0.0712525
1757 0.0437978 0.0345908 0.0562234
1860 0.065718 0.0516174 0.0997879
942 0.0467768 0.0369556 0.0507883
994 0.0516555 0.0407634 0.0610541
2013 0.0368519 0.0296593 0.0323186
2064 0.0129032 0.0107371 0.00676047
1554 0.0574494 0.0453513 0.0811959
841 0.0488198 0.0384964 0.0613526
1911 0.0817896 0.0641368 0.145224
1147 0.0551096 0.043505 0.0671962
1300 0.0580536 0.0458246 0.0749464
1453 0.0605182 0.0477435 0.0848443
1605 0.057216 0.0451655 0.0832284
1045 0.0525945 0.0415179 0.0622115
1606 0.0624665 0.0492415 0.096543
892 0.0495334 0.0390706 0.0596208
1810 0.0464238 0.0368741 0.0849634
1198 0.0555499 0.0438608 0.0680909
1656 0.0584764 0.0461325 0.0904895
1504 0.0621701 0.0490182 0.0910694
1351 0.0585723 0.0462328 0.0770975
1861 0.0519039 0.0411215 0.0926091
1096 0.0542518 0.0428201 0.065559
1657 0.0639731 0.0504003 0.104385
943 0.0511515 0.0403495 0.0615549
1912 0.0408468 0.0324951 0.0570442
1811 0.0107148 0.00908944 0.00560405
1862 0.0111814 0.00949083 0.00597487
1913 0.0108415 0.00930629 0.00609323
1812 0.0123617 0.0103755 0.00607087
1863 0.0116675 0.00982861 0.00584839
1914 0.0112475 0.00954115 0.00601432
1963 0.0223218 0.0180549 0.00948014
2014 0.0156028 0.0128683 0.00787859
2065 0.00926222 0.00809417 0.00613874
1964 0.010289 0.00900232 0.00610361
2015 0.00898938 0.00790261 0.00557749
2066 0.00719201 0.00631693 0.00461788
1965 0.0110242 0.00944427 0.00627297
2016 0.0094954 0.00826759 0.00574761
2067 0.00805934 0.00711491 0.00524088
2116 0.00664382 0.00586013 0.00472819
2167 0.00584288 0.00520919 0.00437723
2218 0.00578833 0.00523172 0.00455601
2117 0.00655281 0.00581583 0.00466962
2168 0.00705106 0.00635377 0.00542718
2219 0.00731095 0.00669868 0.00578432
2118 0.00770816 0.00687234 0.00553397
2169 0.00736554 0.00657581 0.00584802
2220 0.00666319 0.00598971 0.00521444
2269 0.00685719 0.00627206 0.00541899
2320 0.00760045 0.00691138 0.00572541
2371 0.00744285 0.0067166 0.00534652
2270 0.00745645 0.00688978 0.00590797
2321 0.0069723 0.00640346 0.00531509
2372 0.00657505 0.00598949 0.00480968
2271 0.00584739 0.00531403 0.00452595
2322 0.00526518 0.00485022 0.00406742
2373 0.00571829 0.00536109 0.0044701
2422 0.00948116 0.00855783 0.00704151
2473 0.0148826 0.0131704 0.0110423
2524 0.0194328 0.0167909 0.0141417
2575 0.0166904 0.0146267 0.0118705
2423 0.00959624 0.00883871 0.00735647
2474 0.0162756 0.0146411 0.0119642
2525 0.0195107 0.0172009 0.0140072
2576 0.0147012 0.0130114 0.0108261
2424 0.00868957 0.00814128 0.00698014
2475 0.0132391 0.0121563 0.010226
2526 0.0148731 0.0134688 0.0110722
2577 0.01192 0.0107833 0.00888643
28 0.005412 0.00450949 0.0033968
79 0.00393761 0.00322154 0.00237154
130 0.00368255 0.00297412 0.00214596
29 0.00391576 0.00324738 0.00240593
80 0.00333213 0.00275504 0.00208731
131 0.00369845 0.00303747 0.00248318
30 0.00340982 0.00285396 0.00215166
81 0.00335825 0.002791 0.00229698
132 0.0042407 0.00352346 0.00297687
181 0.00422324 0.00345683 0.00284071
232 0.00532375 0.00438952 0.00370904
283 0.00654435 0.00558045 0.00474286
182 0.00482633 0.00398128 0.00338484
233 0.00567541 0.00476272 0.00395355
1707 0.0586807 0.0462795 0.0943941
284 0.00645929 0.00562518 0.00478707
1249 0.0568995 0.0449153 0.0716315
183 0.00548625 0.00462141 0.00382675
234 0.00628773 0.00549949 0.00465342
285 0.0070682 0.00627826 0.00540796
334 0.00792541 0.00691064 0.00623293
995 0.0580474 0.0457217 0.0777856
385 0.00966456 0.00835582 0.00766891
436 0.0118307 0.010058 0.0092733
335 0.00777456 0.00680431 0.00601778
386 0.0102902 0.0088696 0.00815488
437 0.0128589 0.0109555 0.0101508
336 0.00806586 0.00703617 0.00630163
387 0.00991773 0.00853982 0.00776136
438 0.012094 0.0103405 0.0096099
487 0.0139962 0.0118267 0.0110118
538 0.0162753 0.013705 0.0128783
589 0.0180913 0.0152385 0.0145512
488 0.014813 0.0125049 0.0115361
539 0.016831 0.0141239 0.013461
590 0.0184068 0.0154969 0.0149045
489 0.0144225 0.0122448 0.0114434
540 0.016196 0.0136995 0.0129437
591 0.0176247 0.0148529 0.0143084
640 0.019555 0.0164225 0.0158886
691 0.0216302 0.0181709 0.0175059
1555 0.062984 0.0496509 0.0949482
742 0.0244855 0.0204325 0.0201582
641 0.018996 0.0161218 0.0154337
692 0.0196724 0.0166965 0.0159604
743 0.021084 0.0176888 0.0172842
1402 0.0602973 0.0475722 0.0824765
1708 0.0661278 0.0520604 0.114337
642 0.018437 0.0155836 0.0151919
693 0.0182544 0.0155457 0.0154984
744 0.0173464 0.0148893 0.0142738
793 0.0241152 0.0200642 0.0194715
844 0.0198235 0.0167782 0.0151349
791 0.048447 0.0386222 0.076703
895 0.0167323 0.014286 0.0122722
946 0.0303868 0.0247056 0.0477904
794 0.0190392 0.0160632 0.0153569
845 0.0161328 0.0137474 0.0126004
896 0.0136997 0.0118892 0.0104263
947 0.0120016 0.0105517 0.00893245
795 0.0155175 0.0132721 0.0127063
846 0.0129497 0.0111597 0.010519
897 0.0116499 0.0101945 0.00900037
948 0.0106378 0.00946575 0.00817436
1758 0.0580542 0.0456795 0.0903057
997 0.050509 0.0400729 0.0872792
842 0.0623436 0.0490064 0.10306
1148 0.0602054 0.0474552 0.0798984
1046 0.0575733 0.045372 0.0747577
1454 0.0669382 0.0527207 0.101196
1759 0.0732635 0.057542 0.14059
1301 0.0635198 0.0500612 0.0887541
1150 0.0830663 0.0651125 0.151124
1048 0.0811714 0.0636404 0.153668
893 0.0586694 0.0461546 0.0854799
1607 0.0708167 0.0557141 0.119292
1199 0.061321 0.0483335 0.0825407
1097 0.0595737 0.0469451 0.0789682
1505 0.0668404 0.0526401 0.102811
1352 0.0644611 0.0508001 0.0920827
1099 0.0841543 0.0659593 0.160246
1201 0.0833487 0.0653506 0.149959
944 0.058614 0.0461268 0.0822563
1658 0.0758901 0.0596379 0.137709
1250 0.0619149 0.0488112 0.0842008
996 0.0695656 0.0546264 0.112515
1556 0.0694723 0.0546754 0.112641
1403 0.0646728 0.0509673 0.093597
998 0.0111722 0.00997398 0.00874547
1049 0.0120718 0.0108689 0.00975264
792 0.0253009 0.0212148 0.0205451
843 0.0202921 0.0171184 0.0154264
1100 0.0426816 0.0342823 0.0652663
894 0.0513702 0.0408824 0.0834683
1252 0.0836005 0.0655483 0.14941
999 0.0104996 0.00947258 0.00812335
1050 0.0120827 0.0108855 0.00973235
1101 0.0139766 0.0124788 0.0115527
1709 0.0713177 0.0560932 0.13693
1149 0.0693098 0.0544947 0.105356
1047 0.0677261 0.0532268 0.103703
1455 0.0797515 0.0626202 0.13815
1302 0.0717359 0.0564089 0.111418
1303 0.0870162 0.0681957 0.161221
1760 0.0199896 0.0163441 0.0251608
1151 0.0452962 0.0363496 0.0744368
945 0.0735017 0.0576876 0.1317
1200 0.0699288 0.0549872 0.10635
1608 0.0882365 0.0691793 0.176136
1098 0.0706163 0.0554707 0.1109
1202 0.0501452 0.0400242 0.0891497
1506 0.0799224 0.0627582 0.140441
1353 0.0746483 0.0586636 0.120408
1354 0.0866795 0.0679433 0.159619
1456 0.0911316 0.0714059 0.179804
1609 0.0282482 0.0226274 0.0522133
1253 0.0690292 0.0543762 0.131908
1660 0.0083789 0.00741201 0.00496063
1711 0.0109228 0.00947153 0.00584538
1762 0.0139575 0.0117587 0.00700965
1610 0.00537311 0.00476271 0.00343519
1661 0.00628937 0.00562771 0.00410308
1712 0.00779559 0.00694606 0.00467956
1763 0.00961424 0.00839665 0.00525903
1611 0.00648728 0.00574595 0.00400969
1662 0.00575959 0.00507942 0.00338772
1713 0.00579666 0.00511787 0.0033713
1764 0.00684926 0.00604098 0.00384355
1813 0.0154738 0.0127793 0.00736721
1864 0.0148121 0.0122046 0.00695978
1915 0.01388 0.0116457 0.00705034
1814 0.0119036 0.0101382 0.00627738
1865 0.0141416 0.0118652 0.00736964
1916 0.0144899 0.0121067 0.00758271
1815 0.00809987 0.00706869 0.00437553
1866 0.00881901 0.00760534 0.00475005
1659 0.069486 0.0547007 0.139654
1917 0.00897774 0.0076645 0.00495405
1966 0.0135255 0.0114772 0.0074417
2017 0.0117829 0.0101315 0.00679149
2068 0.0095381 0.00834443 0.00589785
1967 0.0131723 0.0111729 0.00728459
2018 0.0106417 0.00921187 0.0063625
2069 0.00817591 0.00719589 0.00512122
1968 0.00891879 0.00753443 0.00489277
2019 0.00784657 0.00668373 0.00438663
2070 0.00659454 0.0057508 0.00395186
2119 0.00799083 0.00717325 0.00534793
2170 0.00676926 0.00612896 0.00490565
2221 0.00564002 0.0050813 0.00434274
2120 0.00668503 0.00604408 0.00451204
2171 0.00531729 0.0048433 0.00364936
2222 0.00439092 0.00397591 0.00308946
2121 0.00540381 0.00479684 0.00338216
2172 0.00446081 0.00400767 0.00292191
2223 0.00423163 0.00381808 0.00296762
2272 0.00508486 0.00455176 0.00388209
2323 0.00482301 0.00436305 0.00363405
1251 0.0728807 0.0572853 0.114574
2374 0.00585914 0.0054454 0.00463522
2273 0.00407787 0.00364253 0.00295335
2324 0.00485422 0.00436276 0.00375484
2375 0.00592139 0.00541524 0.00471871
2274 0.00444679 0.00407674 0.00335663
2325 0.00533967 0.00493975 0.00431376
2376 0.00675785 0.00622477 0.00547921
2425 0.00769931 0.00721441 0.00624787
2476 0.00984681 0.00911942 0.00786217
2527 0.0108774 0.00998764 0.00837653
2578 0.0107913 0.00996603 0.00850005
2426 0.00744282 0.00687518 0.00604112
2477 0.00768658 0.00712129 0.00636029
2528 0.00823727 0.00764153 0.00699667
1152 0.0153928 0.0137146 0.0129028
2579 0.00994281 0.00931332 0.00852202
2427 0.00699584 0.00637627 0.00555636
1203 0.0144332 0.0128694 0.0124838
2478 0.00681354 0.00625644 0.0055648
2529 0.00771684 0.00719837 0.00664658
1254 0.0113138 0.0100859 0.010263
2580 0.0114925 0.0106952 0.0101911
1557 0.0830131 0.0651408 0.153113
184 0.00635837 0.0055186 0.00464311
31 0.0034071 0.0028362 0.00227566
82 0.0042274 0.00351177 0.00291232
235 0.00721581 0.00634949 0.00528575
286 0.0077074 0.00677451 0.0056799
133 0.00563769 0.0047276 0.00391103
185 0.00793877 0.00680829 0.00532322
236 0.00785269 0.00684049 0.00545757
287 0.00785457 0.00680967 0.00585419
186 0.00840581 0.00706326 0.00521394
32 0.00452317 0.00379618 0.00317573
237 0.00693634 0.00580552 0.00456839
288 0.00641329 0.00555478 0.00480889
83 0.00553512 0.004586 0.00376873
1404 0.0756205 0.0594298 0.124408
134 0.00685936 0.00571537 0.00464773
33 0.00561273 0.00462834 0.00375309
84 0.007313 0.00603468 0.00487065
187 0.00733105 0.00604831 0.00443092
135 0.00891511 0.0075189 0.00583979
34 0.00648409 0.00529933 0.00433046
85 0.00871514 0.00721842 0.00569017
136 0.00845438 0.0071244 0.00523034
337 0.00858306 0.00743309 0.00656874
388 0.0102511 0.00882854 0.00803823
238 0.00536431 0.00450524 0.00363449
439 0.0119144 0.0102312 0.00935835
289 0.00465033 0.00405435 0.00347877
338 0.00896713 0.00769568 0.00690936
490 0.0134996 0.0115356 0.0107408
389 0.0110933 0.00948869 0.00878301
541 0.0155251 0.0132545 0.01281
440 0.0125395 0.0106956 0.0100182
592 0.0171883 0.0146131 0.0140688
339 0.00801219 0.00697167 0.00629959
1710 0.0210266 0.0172528 0.0293156
390 0.00965711 0.00831952 0.00766665
441 0.0120342 0.0102108 0.00956556
491 0.0136649 0.0116911 0.0108766
340 0.00503086 0.00453133 0.00402085
391 0.00711412 0.00632401 0.00576995
442 0.009653 0.00837146 0.00777955
542 0.0149971 0.012879 0.0121918
643 0.0180014 0.0152394 0.0147369
1761 0.0124727 0.0105298 0.00623944
694 0.0177155 0.0151234 0.0147255
745 0.0162347 0.0140505 0.013678
796 0.0141045 0.012247 0.0118015
644 0.0170014 0.0145471 0.0140168
847 0.0121909 0.0105944 0.00987903
593 0.016422 0.0140547 0.0136114
695 0.0168264 0.014412 0.0138796
898 0.0110943 0.00972629 0.00875964
746 0.0156924 0.0136282 0.0132061
949 0.00995895 0.00897299 0.00802103
645 0.0144164 0.0124328 0.0117545
797 0.0138417 0.0121483 0.0117148
696 0.0153767 0.0132396 0.0127681
848 0.0120818 0.0106208 0.00999251
747 0.0157541 0.0136087 0.0132395
899 0.0105356 0.00933675 0.00871538
646 0.0124716 0.0109791 0.0103713
950 0.00942372 0.0084902 0.0078301
492 0.0135008 0.0114447 0.0110361
697 0.0140376 0.0122551 0.0116401
798 0.0139655 0.0123582 0.0120344
849 0.0122787 0.0108219 0.0104173
1405 0.0897146 0.0702951 0.172055
748 0.0148893 0.0130096 0.0124225
900 0.0108689 0.00960475 0.0092439
1000 0.0103872 0.00943426 0.0082619
1153 0.0147496 0.0131107 0.0121033
951 0.00961498 0.00862204 0.00819625
1051 0.0118626 0.0106994 0.00912155
1204 0.0139255 0.0122797 0.0118342
1255 0.0112976 0.0100085 0.0101257
799 0.013954 0.0123321 0.0119743
1102 0.0137032 0.0122835 0.0107194
543 0.0139863 0.0120398 0.0111824
1154 0.0132725 0.0117953 0.0101037
1001 0.00972497 0.00884727 0.0077597
850 0.0126304 0.0112351 0.0110235
1205 0.0128408 0.0113659 0.0104699
1052 0.010915 0.00988516 0.00854586
1256 0.0105459 0.00931847 0.0090164
901 0.0113659 0.0101608 0.009965
1155 0.0112286 0.009994 0.00856742
1206 0.0109166 0.009705 0.00837709
952 0.00975446 0.00872447 0.00831606
1103 0.0123292 0.011035 0.00942155
1257 0.00995729 0.00876313 0.00779158
1306 0.00798211 0.00711618 0.00747572
1156 0.00978762 0.00878278 0.00768044
1002 0.00926114 0.00835787 0.00760398
1207 0.00927138 0.00828172 0.00708216
1357 0.00543912 0.00491912 0.00475533
1053 0.0100696 0.0091104 0.00802946
1258 0.00909077 0.00805617 0.00688652
1408 0.0051416 0.00474413 0.00385179
1459 0.00592017 0.00542718 0.00416697
1104 0.0112831 0.0101355 0.00878234
594 0.0141465 0.0122203 0.0111928
1307 0.00768239 0.006798 0.00667914
1510 0.00732836 0.00653091 0.00470236
1003 0.00956396 0.00848328 0.00791368
1561 0.00811513 0.00702013 0.00474171
1358 0.00466004 0.00415192 0.0040865
1054 0.0103394 0.00917094 0.00838562
1460 0.00501671 0.00463441 0.00367007
1409 0.00429054 0.00390198 0.00348861
1105 0.0107546 0.00958875 0.00852878
1511 0.00628523 0.00573146 0.00428455
493 0.0116373 0.00995269 0.00943195
1308 0.00825148 0.00726106 0.00674782
1612 0.00806666 0.00688174 0.00439376
1562 0.00794428 0.00703422 0.00493263
1359 0.00571945 0.00505002 0.00472363
1461 0.00430712 0.00394063 0.00341313
1663 0.00719347 0.0061632 0.00374367
1410 0.00413335 0.00368542 0.0033995
1512 0.0053244 0.0049462 0.00396983
544 0.0123336 0.0105712 0.0101172
1714 0.00749197 0.00644553 0.00385757
1309 0.00902828 0.00793761 0.00676489
1563 0.00717805 0.00651862 0.00490684
1765 0.00787399 0.00678773 0.00403426
1462 0.00372614 0.00334945 0.00291451
1613 0.00981228 0.0083816 0.00549931
1513 0.00436651 0.00403491 0.00335044
1360 0.00731126 0.00644277 0.00557979
1664 0.0104089 0.00878771 0.00553198
595 0.0124005 0.0108352 0.0102795
1564 0.00564367 0.00523781 0.00415995
1715 0.0118523 0.0099923 0.0061234
1411 0.00535891 0.00473658 0.00411812
1816 0.00899121 0.00773504 0.00466432
1766 0.0114988 0.00972319 0.0057971
1969 0.00699565 0.00610399 0.0041523
1867 0.00956935 0.00835474 0.00527424
1918 0.00867725 0.00762171 0.00497652
2020 0.00589112 0.00514629 0.00354739
2071 0.00546425 0.00480866 0.00330218
1817 0.0110699 0.00938812 0.0055358
1614 0.00952183 0.00831251 0.0058773
1970 0.00802808 0.00695041 0.00452532
1868 0.0103301 0.00879124 0.00522978
1665 0.0125047 0.0105218 0.00678861
1919 0.00954635 0.00817822 0.00501295
2122 0.00516107 0.00458496 0.00320237
2173 0.00479977 0.00433302 0.00320237
2224 0.00483732 0.00440826 0.00342803
2123 0.00628794 0.00559512 0.00411229
1507 0.0793563 0.0622644 0.157049
2174 0.00587788 0.00534762 0.00402635
2225 0.00591048 0.00541834 0.00425707
2124 0.00717135 0.00633585 0.00464756
2175 0.00655338 0.00586412 0.00447826
2226 0.00616261 0.00557547 0.00431324
2125 0.00702346 0.00637198 0.00489509
2176 0.00604893 0.00550121 0.00431271
2227 0.00533271 0.00487133 0.00395949
2275 0.00550516 0.00507909 0.00423757
2326 0.00584559 0.00542876 0.0047408
2377 0.00582118 0.00541636 0.00485809
2276 0.00582085 0.00535426 0.00443994
2327 0.00561925 0.00519801 0.00453331
2378 0.0051728 0.00480839 0.00429786
2277 0.00558043 0.00514957 0.0041327
2328 0.0049024 0.00450323 0.00364277
2379 0.0045041 0.00413654 0.00345919
2278 0.00477749 0.00437096 0.00362219
2329 0.00427388 0.00389687 0.00320292
2380 0.00442977 0.0040397 0.00328142
2428 0.00544053 0.00504199 0.00451168
2479 0.00597341 0.00560873 0.00513049
2530 0.00820291 0.00770649 0.00743862
2581 0.0125042 0.0116434 0.01178
2429 0.00520621 0.00490424 0.00450242
2480 0.0063894 0.00611627 0.00568011
2531 0.00983004 0.00938268 0.00886003
2582 0.0162637 0.0152025 0.0150959
35 0.00811352 0.00663473 0.00530834
2430 0.00502014 0.00472652 0.00425005
86 0.00840828 0.00698079 0.00527366
2481 0.00675464 0.00648165 0.00618129
137 0.00699379 0.00582642 0.00424209
2532 0.0126848 0.012155 0.0118546
36 0.00805524 0.00667365 0.00519629
2583 0.0217451 0.0203986 0.0204177
87 0.00791521 0.00657558 0.00482393
2431 0.00531619 0.0049895 0.00439817
138 0.00598209 0.00495473 0.00367257
2482 0.00844783 0.00810107 0.00763293
37 0.00799616 0.00662412 0.00498939
2533 0.0137134 0.013072 0.012496
88 0.00689721 0.00569964 0.0041284
2584 0.024368 0.0229562 0.0219721
139 0.00518194 0.00424893 0.00305695
188 0.00548667 0.00456084 0.00348639
341 0.00448006 0.00404936 0.00363667
239 0.00443343 0.00378348 0.00308034
392 0.00557202 0.00510098 0.004699
290 0.0042102 0.00370758 0.00320146
189 0.00436698 0.00360237 0.00274194
443 0.00752488 0.00673983 0.00642065
240 0.0040633 0.00340172 0.00270993
342 0.00498663 0.00453357 0.00406828
291 0.0043047 0.00374788 0.00324054
190 0.00418106 0.00341628 0.00252376
393 0.0062598 0.00573657 0.00535413
241 0.00418038 0.00351371 0.00286131
444 0.00773637 0.00706514 0.00674107
292 0.00435532 0.00380474 0.00328348
343 0.00543905 0.00489454 0.00448756
494 0.00931969 0.00817404 0.0077581
394 0.00695646 0.00637485 0.00601537
545 0.0103489 0.00896809 0.00857141
445 0.00949383 0.00870729 0.00847892
596 0.0108553 0.0094439 0.00910781
647 0.011867 0.0104641 0.0100198
495 0.00923056 0.00832339 0.00830188
698 0.0136179 0.0120989 0.0114808
546 0.00971938 0.00858924 0.0084558
1716 0.0148129 0.0122638 0.00764
2021 0.00676159 0.00591541 0.00408338
1767 0.0166389 0.0136883 0.00807034
1818 0.014958 0.0122873 0.00712346
2072 0.00634677 0.00559322 0.00400825
1615 0.00757152 0.00686073 0.0052901
1666 0.0102406 0.00892917 0.0065515
1971 0.0095975 0.00809433 0.00491811
1869 0.0125213 0.0103747 0.00600827
1717 0.0123704 0.0105906 0.00729586
1920 0.0111732 0.00933949 0.00550376
2022 0.00800242 0.00692574 0.00450201
1768 0.0129737 0.0110119 0.00729658
800 0.0156948 0.0137695 0.0133114
1819 0.013339 0.0112545 0.00718382
2073 0.00731846 0.00640866 0.00441794
851 0.0136289 0.0120921 0.0121212
1870 0.0130477 0.0110243 0.00705879
1972 0.0114325 0.00980291 0.00643851
902 0.0121138 0.0108786 0.0108303
1921 0.0125084 0.0105984 0.00681405
2023 0.00968075 0.00841397 0.0056397
953 0.00931888 0.00846205 0.00801568
1004 0.00920245 0.00823639 0.00761631
2074 0.00792907 0.00705891 0.00516709
801 0.0170563 0.0151329 0.0148723
1055 0.0101788 0.00900682 0.00825975
852 0.0161719 0.0143272 0.0143909
1157 0.00963664 0.00852051 0.00750996
903 0.0136463 0.0121083 0.0121613
1208 0.00788739 0.00706455 0.0060573
1106 0.0104856 0.00925762 0.00833368
954 0.0102287 0.00914577 0.0087541
1259 0.00777269 0.00696735 0.00579402
1005 0.00896997 0.00809372 0.00744889
802 0.017523 0.0155018 0.01535
1158 0.00841118 0.00747401 0.00655567
1056 0.00933319 0.00839762 0.00775428
853 0.0156309 0.014006 0.0143409
1107 0.00971586 0.0086609 0.00787434
904 0.0134237 0.0119544 0.0122693
1209 0.00724369 0.00639977 0.00551996
955 0.0101399 0.00892687 0.00873525
1006 0.00867327 0.00769664 0.00731717
1260 0.00679227 0.00613248 0.00519471
1310 0.00861152 0.00765002 0.00624103
1057 0.00779629 0.00695423 0.00652992
749 0.0155107 0.0137132 0.013064
1159 0.00708116 0.00643026 0.00595867
1361 0.00866994 0.00757401 0.00610613
1108 0.00761399 0.00680573 0.00641636
1210 0.00544205 0.00497633 0.00452468
1412 0.00683604 0.00599842 0.00490438
1311 0.00760695 0.00692668 0.00568128
1261 0.00547471 0.00493818 0.0042917
1463 0.00522283 0.0046179 0.00382655
1362 0.00868391 0.00774726 0.00612313
1616 0.00477117 0.00438667 0.0033242
1820 0.0106729 0.00920415 0.00623742
1413 0.00832699 0.00725675 0.00560871
1514 0.00417717 0.00375337 0.00309789
1312 0.00589764 0.00537387 0.00454463
1871 0.0108315 0.00928563 0.00612048
1565 0.00406276 0.00371201 0.00296537
1667 0.00582379 0.00521233 0.003911
1922 0.0108908 0.0092752 0.00611894
1363 0.00656671 0.00601724 0.0048429
1464 0.00700983 0.0061708 0.00490778
1718 0.00796592 0.00692975 0.00502168
1414 0.00785415 0.00708142 0.00543539
1821 0.00477937 0.00419677 0.00298377
1973 0.0104165 0.00887608 0.00589353
1515 0.00554641 0.00493773 0.00404526
1872 0.00517435 0.00456173 0.00322905
1769 0.00905652 0.00785528 0.00550874
2024 0.00923942 0.00800142 0.0054849
1566 0.00462308 0.00415414 0.0033641
2075 0.00703637 0.00618921 0.00437042
1923 0.005574 0.0049119 0.00347746
1617 0.00405092 0.0036821 0.00282852
1974 0.005732 0.00506081 0.0035838
1465 0.00789519 0.00693707 0.00521094
1822 0.00502564 0.00443736 0.00333508
1668 0.00430037 0.00390956 0.00291012
2025 0.00570015 0.00509071 0.00370621
1516 0.00683147 0.00609446 0.00477845
648 0.0114202 0.0101384 0.00974235
1719 0.00465274 0.0041493 0.00305278
2076 0.0055172 0.0049923 0.00372481
1873 0.00491733 0.0043784 0.0032184
1975 0.00455663 0.00406715 0.00276165
1567 0.00619869 0.00557757 0.00446771
1770 0.00452934 0.00395971 0.00281699
1924 0.00471992 0.0042548 0.00301682
2026 0.00466257 0.00418831 0.00289404
2126 0.00596749 0.00534425 0.00394115
1618 0.00533986 0.00478319 0.00385994
2279 0.0037086 0.0033591 0.00261939
2077 0.00459426 0.00415371 0.00297209
1669 0.00500006 0.00451218 0.00354476
2432 0.00600341 0.00553828 0.00492113
2177 0.00497684 0.00456336 0.00348245
2330 0.00357481 0.00324679 0.00259373
2483 0.00961167 0.00893358 0.00824439
1720 0.0047022 0.00426455 0.00315309
2534 0.0152111 0.0139598 0.0130221
2381 0.00419888 0.00384863 0.00324769
2228 0.00445734 0.00407841 0.00314144
2585 0.0256159 0.023308 0.0216884
1771 0.00509112 0.00455219 0.00353313
2280 0.00327001 0.00300155 0.00220902
2433 0.00601621 0.00566994 0.00508601
2127 0.00480602 0.00433961 0.00334847
38 0.00734923 0.00604204 0.00466994
2484 0.00950227 0.00886574 0.00806882
2331 0.00367446 0.0033887 0.00256526
2535 0.0147082 0.01346 0.012167
2178 0.00398059 0.00358817 0.00271352
89 0.00641947 0.00528218 0.00380136
2382 0.00422687 0.00393347 0.00323337
2586 0.0215242 0.0194938 0.0177352
2229 0.00328948 0.00300284 0.00224912
2434 0.00809395 0.00755833 0.00630818
140 0.00473516 0.00388264 0.00285596
2281 0.003796 0.00344623 0.00254609
2485 0.0117176 0.0109157 0.00925471
39 0.00697403 0.00578606 0.00439765
2128 0.00424014 0.00387205 0.00289891
2536 0.0150928 0.0138718 0.0119674
2332 0.00448692 0.00415613 0.00306856
2179 0.00394425 0.00356025 0.00272822
90 0.00601177 0.00501462 0.00387694
2587 0.0209607 0.018906 0.0164739
2383 0.00594806 0.00554858 0.00436793
2230 0.0035999 0.00319004 0.00247136
191 0.0042375 0.00355806 0.00272273
141 0.00504619 0.00424281 0.00329225
242 0.00440463 0.00381241 0.00313314
344 0.00607778 0.00548359 0.00508064
40 0.00636154 0.00530843 0.00418413
497 0.0159994 0.0145961 0.0159612
293 0.00481258 0.00425994 0.00372253
192 0.00450808 0.00386812 0.00307415
395 0.00827663 0.00752246 0.007543
548 0.0162164 0.014503 0.0166558
91 0.00601437 0.00507986 0.00404748
243 0.00490659 0.00433124 0.00363623
446 0.0123256 0.0112317 0.0122534
294 0.00591054 0.00528163 0.00459683
142 0.00496578 0.00428647 0.00337965
599 0.0139145 0.0123196 0.0142441
193 0.00465329 0.00405804 0.00328439
345 0.00680426 0.00617272 0.00566406
498 0.0185398 0.0165826 0.0210195
650 0.0130846 0.011633 0.0124124
244 0.00559236 0.00493232 0.00418215
396 0.00814789 0.00742288 0.00747222
549 0.021969 0.0196494 0.0251312
701 0.0139177 0.0124924 0.0127298
295 0.00672955 0.00603379 0.00528707
600 0.0192367 0.0170092 0.021244
803 0.0167532 0.0148293 0.0146228
752 0.0153118 0.0137904 0.0135552
447 0.0124273 0.0111935 0.0131673
499 0.0192056 0.0169969 0.024031
651 0.0155506 0.0135007 0.0166321
854 0.0146927 0.0130472 0.0135495
346 0.00794649 0.00724094 0.00656458
905 0.0115176 0.0102237 0.0104205
702 0.0154279 0.0136391 0.0147729
550 0.022079 0.0194318 0.0276701
397 0.00974332 0.00891508 0.00945525
956 0.00831562 0.00742684 0.00747393
753 0.0162521 0.0144763 0.0149497
804 0.0156108 0.0139155 0.0142789
652 0.0171755 0.0149798 0.0195188
601 0.0201923 0.0177724 0.0242294
448 0.0125628 0.0113692 0.0137314
855 0.0135268 0.0120208 0.0123202
703 0.0165314 0.0144066 0.0167002
1007 0.00678337 0.0060164 0.00592822
1160 0.00512864 0.00465387 0.00434039
906 0.00995402 0.00884388 0.0088859
957 0.00720374 0.00636857 0.00644605
1304 0.0601617 0.0474711 0.11539
754 0.0163331 0.0144007 0.0156374
1058 0.00638616 0.00570915 0.00537282
805 0.0147337 0.0130891 0.0134603
1211 0.00422646 0.00390338 0.00357585
1313 0.00481575 0.00438984 0.00378322
1109 0.00630646 0.00567875 0.00528052
856 0.0123246 0.0109589 0.0109155
1262 0.00436855 0.00401485 0.00359155
907 0.00935678 0.00833448 0.00832305
1008 0.00583012 0.00528918 0.00543268
1364 0.00497167 0.00461902 0.00386912
699 0.0146099 0.0128773 0.0122975
597 0.0101598 0.00893239 0.00877048
496 0.0117851 0.010693 0.0109209
547 0.0123476 0.0110876 0.0118646
750 0.0169064 0.0148642 0.0144247
598 0.0118833 0.0105744 0.0112351
1466 0.00772878 0.00705049 0.00525756
649 0.0111401 0.00996554 0.00994971
1059 0.00567018 0.00512233 0.00514421
700 0.0129339 0.0116994 0.0112739
1517 0.00838662 0.00743184 0.00531024
1161 0.00436063 0.00397689 0.00361009
751 0.0169077 0.0149504 0.0144152
1568 0.00724406 0.00642274 0.00485805
1110 0.00540543 0.00491083 0.00465729
1619 0.0061552 0.0054918 0.00430747
1467 0.00472232 0.0044797 0.00337934
1670 0.00596403 0.00538001 0.00437145
1415 0.00594058 0.00559837 0.00438516
1518 0.00689488 0.00635884 0.00453173
1721 0.00572424 0.00521253 0.00414974
958 0.00679678 0.0060523 0.00607336
1009 0.00557091 0.0049848 0.00499576
1569 0.00804384 0.00715884 0.00503638
1772 0.00563164 0.00510952 0.00405422
1468 0.00351856 0.00330911 0.00262658
1620 0.00641406 0.00563454 0.00420531
1212 0.00361779 0.00328609 0.00298069
1519 0.00384019 0.00365385 0.00261563
1671 0.00551513 0.00489263 0.00374479
1570 0.00590573 0.00550497 0.00382114
1722 0.00480677 0.00434044 0.00336517
1263 0.00348902 0.00323638 0.00289307
1823 0.0057655 0.00518349 0.00411241
1773 0.00475306 0.00430899 0.00324698
1621 0.00810932 0.00716332 0.00494773
1874 0.00575998 0.00518568 0.00406666
1672 0.00812185 0.0069654 0.00461311
1925 0.00555297 0.00505196 0.0039037
1723 0.00599311 0.00508634 0.00331619
1824 0.00455126 0.0040825 0.00297953
1774 0.00453702 0.00386183 0.00243578
1875 0.00438242 0.00395693 0.00288235
1976 0.00478459 0.00437998 0.00320678
1926 0.00448105 0.00410043 0.00305009
2027 0.00449073 0.00408096 0.00291583
1825 0.004156 0.00358969 0.00226998
2078 0.00444861 0.00403196 0.00286593
1876 0.00401108 0.00346339 0.00223529
1060 0.00533347 0.00487065 0.0049741
1314 0.00384875 0.00355531 0.00307233
1977 0.00496377 0.00453395 0.00343938
1927 0.00392619 0.00348005 0.0024598
2028 0.00493641 0.00447878 0.00328202
2129 0.00433264 0.00393595 0.0028854
1162 0.00385064 0.00354839 0.00328377
2079 0.00536224 0.00477955 0.00344241
2180 0.00416794 0.00383297 0.00295408
1978 0.00408366 0.00370006 0.00271386
2231 0.00423353 0.00386653 0.00321258
2029 0.00490756 0.00451127 0.00350524
2130 0.00501458 0.00451383 0.00338323
2080 0.00565053 0.00515074 0.00390669
1365 0.00428721 0.00388367 0.00325694
2181 0.00482708 0.00438518 0.00345822
1416 0.00418201 0.00388811 0.00316115
2282 0.00528895 0.0048509 0.00410076
2232 0.00512771 0.00474683 0.00394746
2333 0.00595222 0.00555159 0.00442616
2131 0.00677003 0.00618661 0.00489173
2384 0.00813212 0.0075935 0.00614337
2182 0.00681363 0.00621726 0.00502707
1213 0.00304064 0.00281771 0.00246346
1111 0.00483235 0.00438396 0.00440377
2283 0.00583654 0.00536655 0.00470128
2233 0.00668838 0.00620901 0.00519181
41 0.0061603 0.00523513 0.00424345
92 0.0055817 0.00482383 0.00387117
2334 0.0074009 0.0067615 0.00600576
143 0.00474221 0.00412294 0.00329404
42 0.00569848 0.00491479 0.00401023
2385 0.00863518 0.00796325 0.00670353
93 0.00505454 0.00437182 0.0034906
2284 0.00717841 0.00668663 0.00570658
1315 0.0032728 0.00303209 0.00255777
1264 0.00307934 0.00282881 0.00242199
194 0.00507508 0.00444168 0.00372538
1366 0.00368423 0.00341512 0.00288313
347 0.00905106 0.0080947 0.00763804
245 0.00593799 0.00524668 0.00454478
398 0.0111267 0.0101126 0.0104711
296 0.00734804 0.00653884 0.00584697
1417 0.0040187 0.00367485 0.00307156
2435 0.0102764 0.00949178 0.00766649
449 0.015503 0.0137926 0.0180866
195 0.00510709 0.0044512 0.00374218
500 0.0201445 0.0176414 0.0264815
348 0.0097409 0.00879014 0.00815787
144 0.0048567 0.00420508 0.0034406
2335 0.00771217 0.00705455 0.00617254
551 0.0240587 0.0209001 0.0331815
2486 0.0125339 0.0115402 0.00956238
246 0.00599158 0.00528028 0.00453163
602 0.0219756 0.018928 0.029498
399 0.0133513 0.0118791 0.0129296
297 0.00729358 0.00654919 0.0057408
2537 0.0148336 0.0137509 0.0115716
501 0.0249083 0.0214441 0.0352526
450 0.0166292 0.0148604 0.0191853
196 0.00552093 0.00477598 0.00390029
552 0.0279461 0.0237033 0.0403608
349 0.0107766 0.00981024 0.00902131
247 0.00688423 0.00610417 0.00520035
603 0.0245645 0.0207712 0.0361742
2588 0.0201109 0.018303 0.0158272
400 0.0140504 0.0126869 0.0132478
298 0.00878352 0.0079067 0.00695302
502 0.0237421 0.0206358 0.0340013
2436 0.00971271 0.00888408 0.00743117
451 0.018063 0.0162514 0.020759
653 0.0186026 0.0160667 0.0219241
553 0.0302442 0.0253772 0.0462811
2386 0.00793844 0.00722745 0.00641483
806 0.0143565 0.0127106 0.0130881
704 0.0180698 0.015665 0.0184573
604 0.0267061 0.0224036 0.0395067
857 0.0110308 0.00976042 0.00951829
2487 0.0121078 0.0110103 0.00941278
1010 0.00552984 0.00492857 0.00491564
755 0.0170209 0.0148989 0.0162409
908 0.00897949 0.0079383 0.00774192
2538 0.0157601 0.0143052 0.0122997
1061 0.00498584 0.00444757 0.00448772
959 0.00635251 0.00567295 0.00556432
654 0.018844 0.0159869 0.024471
1112 0.00387111 0.00353468 0.00367448
2589 0.0210632 0.0191114 0.0164231
807 0.0148719 0.0131359 0.0137469
705 0.0179996 0.0154419 0.0203803
1011 0.00604544 0.00543744 0.00533673
858 0.0116871 0.010347 0.0101507
756 0.0176988 0.0154421 0.0168455
655 0.0210162 0.0176691 0.0298207
909 0.00857706 0.00760432 0.00727702
2437 0.00892828 0.00819595 0.00694388
706 0.0181011 0.0154705 0.0219291
960 0.00699335 0.00624158 0.00598573
1062 0.0050861 0.00452649 0.00454673
808 0.0144624 0.0127341 0.0131499
757 0.0168463 0.0146324 0.0169056
2488 0.0115768 0.0105694 0.00920503
1113 0.00364676 0.00323825 0.00328888
1163 0.00319994 0.00289964 0.00284014
859 0.0116926 0.0103246 0.0103003
1316 0.00305277 0.00281232 0.00233333
1012 0.00614457 0.00550919 0.00541685
2539 0.0156767 0.0141959 0.0123221
910 0.00885924 0.00782009 0.00739688
1063 0.00540169 0.00488099 0.00487153
1367 0.00313023 0.00289192 0.00237354
961 0.00767338 0.00681059 0.00648866
1114 0.00404816 0.00359777 0.00358932
1418 0.00319562 0.00298049 0.00243441
2590 0.0215881 0.0194261 0.0168874
1469 0.00359984 0.00334236 0.00269793
1622 0.00599762 0.00556391 0.00400491
1317 0.0028572 0.00261747 0.00208989
1520 0.00345175 0.00320544 0.00246547
1673 0.0108783 0.0096434 0.00696751
1368 0.00312057 0.00283873 0.00228999
1826 0.0081331 0.00702753 0.00466376
1571 0.0039987 0.00375299 0.00269017
1419 0.0031175 0.00285594 0.00232175
1724 0.0129811 0.0112092 0.00767683
1470 0.00288537 0.0026661 0.00212738
1877 0.00675916 0.00583598 0.00378039
1318 0.00258032 0.00230864 0.00191595
1775 0.0108774 0.00936811 0.00625511
1521 0.00319408 0.00294856 0.00233417
1369 0.00288329 0.00259801 0.0020217
1572 0.00377928 0.0035013 0.00274923
1623 0.0041965 0.0039241 0.00293258
1928 0.00631761 0.00550311 0.00380757
1471 0.00310991 0.00284954 0.00229951
1420 0.00342042 0.00309612 0.00249438
1674 0.00687942 0.00633248 0.00471531
1522 0.00279287 0.0025673 0.00203652
1725 0.0137702 0.0120666 0.00867646
1827 0.0151018 0.0131102 0.00934124
1979 0.00631914 0.00562701 0.00431041
43 0.00521016 0.00450412 0.00367012
1573 0.00337533 0.0030806 0.00251419
1776 0.0177652 0.0153642 0.0108892
1214 0.00292577 0.00267988 0.00245638
2030 0.00679112 0.00619951 0.00502556
1878 0.014227 0.0123763 0.00886341
1624 0.00392315 0.0035931 0.00295001
2132 0.00787065 0.0073929 0.00635235
2081 0.00696522 0.00649984 0.00561079
1675 0.00365121 0.00333857 0.0024376
2183 0.00815841 0.0076083 0.00635107
1980 0.0127479 0.0111194 0.00820643
1929 0.0145745 0.0126226 0.00916357
2234 0.00730634 0.00677919 0.00567703
2031 0.00934254 0.00831528 0.00661143
1726 0.00421003 0.00379671 0.00259618
2133 0.00572624 0.00527632 0.0046074
2082 0.00672314 0.00615056 0.00529005
1828 0.0087605 0.00760508 0.00536487
1265 0.0029697 0.00275468 0.00238137
1777 0.00570523 0.00500734 0.003423
2184 0.00516851 0.00479903 0.00407037
1981 0.0105172 0.0090121 0.00642522
1879 0.00911596 0.00791257 0.00557224
2285 0.00660934 0.00618868 0.0052555
2235 0.00506155 0.00467493 0.00394232
2032 0.00688836 0.00602358 0.00454016
2336 0.00658136 0.00617746 0.00546084
2083 0.00445658 0.00404566 0.00340262
2134 0.0039716 0.00367906 0.00324441
2387 0.0073221 0.00684183 0.0062999
2438 0.00856582 0.00797579 0.00752388
1930 0.0110857 0.00958182 0.00688301
2185 0.0042133 0.00389536 0.00348452
1164 0.002641 0.00231725 0.00227863
2286 0.00538742 0.00499498 0.00435371
2489 0.010394 0.00949 0.00858095
2236 0.00460732 0.00424667 0.00378032
2337 0.00607308 0.00575923 0.00517767
2540 0.0122797 0.0111702 0.0100654
197 0.00587073 0.00505688 0.00406604
44 0.0051878 0.00449707 0.00364574
2388 0.00714866 0.00678887 0.00627934
2591 0.0168754 0.0152258 0.0139094
248 0.00666919 0.00587195 0.00482893
299 0.0088973 0.00798102 0.0068337
2439 0.00849077 0.00790226 0.00741488
2287 0.00532703 0.00492037 0.00451378
95 0.00552168 0.00475261 0.00387908
2490 0.00861945 0.00798521 0.00752459
198 0.00610365 0.00528189 0.00427981
2338 0.00627754 0.005896 0.00567307
94 0.005144 0.00444571 0.00361085
146 0.00558023 0.00477114 0.00382069
2541 0.00914561 0.00839199 0.00769804
249 0.0065547 0.00576738 0.00468166
2389 0.00721815 0.00684426 0.00660491
1215 0.00270558 0.00241797 0.00223393
2592 0.0114774 0.0105296 0.00978587
300 0.00792634 0.00709315 0.00583884
350 0.01249 0.0112868 0.0102092
45 0.00580328 0.00506916 0.00415827
199 0.00649225 0.00560969 0.00463825
2440 0.00738929 0.00698901 0.00666153
401 0.0162893 0.0150265 0.014599
2491 0.00728672 0.00683675 0.006497
96 0.0061643 0.005326 0.00436087
452 0.0203853 0.0187002 0.0219733
250 0.00659864 0.00580917 0.00473568
1266 0.00277873 0.00252997 0.0022116
2542 0.00725138 0.00681557 0.00650564
351 0.0105696 0.00954744 0.00819752
301 0.00778699 0.00703148 0.00579403
147 0.00630574 0.0054012 0.00440222
402 0.0177775 0.0163457 0.0153365
2593 0.00934957 0.0087919 0.00866656
503 0.0264605 0.0234799 0.0356672
453 0.0279258 0.0261078 0.0288938
656 0.021953 0.0184598 0.0290531
46 0.00684681 0.00599673 0.00488409
554 0.0297658 0.0252706 0.046151
352 0.0106917 0.00977984 0.00858445
707 0.0198693 0.0168852 0.0231962
97 0.00715829 0.00621423 0.00503858
605 0.0289502 0.0241498 0.0441511
403 0.0160588 0.0147076 0.0133218
758 0.0168975 0.0146414 0.0165044
504 0.0382356 0.0345582 0.0495266
1165 0.00265855 0.00230091 0.00224819
148 0.00667918 0.00573347 0.00473362
454 0.0275527 0.025528 0.0264429
657 0.024237 0.0202439 0.0335825
555 0.0429545 0.0377077 0.0641122
1013 0.00624353 0.00557573 0.00541689
606 0.0312372 0.0262926 0.0492759
809 0.0135837 0.0119572 0.0120246
708 0.0205295 0.0172795 0.0238852
1064 0.00489911 0.0044369 0.00443957
145 0.00507755 0.00434366 0.00352085
1216 0.00258114 0.00225593 0.00205368
1166 0.00302266 0.002665 0.00254024
1267 0.00284651 0.00255612 0.0022431
1217 0.00277013 0.00243113 0.00217872
1319 0.00285714 0.00256265 0.00223453
1268 0.00293145 0.00262323 0.00230206
1370 0.00277094 0.00245937 0.0019985
1167 0.00231435 0.00208004 0.0019033
1421 0.00316466 0.00282562 0.00216431
1218 0.00271847 0.00242061 0.00207804
1320 0.00316589 0.00287885 0.00252156
1269 0.00311204 0.00278591 0.00238344
1371 0.00313368 0.00282406 0.00240323
1168 0.00172293 0.00152483 0.00146526
1422 0.00306345 0.00274393 0.00221198
1219 0.00214928 0.00192298 0.00149549
1321 0.00265576 0.00234452 0.00183373
1270 0.00255625 0.00225801 0.00167444
1372 0.00260105 0.00235504 0.00201963
860 0.0106767 0.00947336 0.00928358
1472 0.00340741 0.00302187 0.00234683
1423 0.00269625 0.00245417 0.00204795
1523 0.00277799 0.00248621 0.00189703
1625 0.00310285 0.00284335 0.00230512
1558 0.070803 0.0556018 0.143824
1574 0.00267635 0.00242771 0.00186079
505 0.0449262 0.0411328 0.0518127
1676 0.00347454 0.00315872 0.00252789
911 0.00883189 0.00783244 0.00745251
759 0.0186881 0.01597 0.0184704
1115 0.00360361 0.00324763 0.00324807
1473 0.00328988 0.00294834 0.00228884
1727 0.00319639 0.00287806 0.00209112
962 0.00750949 0.00654553 0.00620035
1014 0.00619096 0.00534719 0.00512373
1524 0.00360725 0.00324722 0.00250444
1778 0.00321031 0.0028918 0.00193377
1575 0.00299776 0.00269434 0.0020538
1626 0.00257279 0.00233417 0.00183087
1474 0.00315966 0.00286082 0.00226894
1677 0.00287965 0.00262595 0.00212429
1525 0.00356868 0.00323431 0.00248845
1728 0.0036582 0.00334084 0.0027712
1576 0.0035734 0.00327315 0.00249197
1829 0.00362742 0.00325269 0.00236148
1779 0.00443202 0.00404577 0.00325703
1880 0.00375415 0.00336719 0.00251368
1627 0.00283318 0.00259907 0.00197529
1931 0.00398259 0.00359006 0.00274647
1678 0.00242203 0.00220958 0.00173073
1830 0.00476284 0.00428822 0.00344824
1729 0.00252738 0.00225524 0.0017612
1881 0.00436033 0.00394363 0.00316675
1780 0.00342973 0.00307932 0.00248984
1932 0.00417036 0.00382175 0.00308996
1982 0.00421605 0.00378703 0.00302597
1831 0.00408774 0.00365941 0.0029133
2033 0.00442929 0.00395186 0.00311503
2084 0.00442323 0.00403003 0.0033874
1882 0.00448415 0.00397985 0.00322856
1983 0.00425679 0.00386888 0.00321953
1933 0.00397222 0.00357444 0.00289063
2034 0.00429342 0.00387674 0.0032503
2135 0.00420933 0.00392889 0.00348949
2085 0.00422811 0.00380412 0.00315037
2186 0.00402971 0.00378102 0.00352514
1984 0.00355045 0.00320152 0.00263715
2237 0.0043815 0.00405968 0.00379133
2035 0.00358059 0.0032248 0.00267851
2136 0.00423865 0.00392805 0.00348314
2086 0.00397537 0.00362845 0.00307911
2187 0.00454085 0.00434419 0.00411478
2238 0.00480093 0.00456184 0.00443029
2288 0.00526458 0.0049097 0.00467397
2137 0.00423294 0.00385861 0.0033547
2339 0.00614704 0.00570122 0.00554708
2188 0.0048886 0.00455905 0.00431109
2390 0.00611851 0.0057026 0.00560377
2239 0.00478008 0.0044966 0.00435691
2289 0.00509937 0.0047269 0.00464646
2441 0.00596958 0.00561453 0.00542137
2340 0.00541234 0.00499181 0.00490534
2492 0.00561305 0.00524692 0.00502966
2391 0.00544965 0.00504712 0.0050442
2543 0.00660754 0.00618974 0.00592552
2290 0.00434287 0.00403585 0.00395271
2594 0.00924256 0.00869372 0.00849341
2341 0.00408983 0.00378647 0.00370017
2442 0.00526787 0.00489219 0.00494197
2392 0.00479566 0.00446028 0.00434341
2493 0.00511952 0.00474794 0.00467681
47 0.00822684 0.00715769 0.00578642
2544 0.00584814 0.00548337 0.00534673
98 0.00792595 0.00681133 0.00552267
2595 0.00943168 0.00880313 0.0085841
149 0.00722349 0.0061869 0.00502812
2443 0.00481947 0.00444542 0.00441466
48 0.00923657 0.00807454 0.00645273
2494 0.00431559 0.00394118 0.00380517
99 0.00855394 0.00736179 0.00586733
2545 0.00530221 0.00493295 0.00484746
150 0.00768176 0.00651599 0.00532856
2596 0.0092474 0.00859457 0.00849396
49 0.00904938 0.00786343 0.00620598
200 0.00670794 0.0057724 0.00479985
100 0.0089069 0.00767868 0.00603623
251 0.0067145 0.00588363 0.00493101
151 0.00818983 0.00700669 0.00570891
302 0.0073124 0.00659155 0.00546545
810 0.0144847 0.0125767 0.0126762
556 0.0569476 0.0508593 0.0815752
658 0.0276786 0.0230659 0.0413089
1065 0.0035501 0.00317901 0.00315723
607 0.0402812 0.0340749 0.0628862
861 0.0118124 0.0105101 0.010142
709 0.0216621 0.0180115 0.0274536
1116 0.0023614 0.00211192 0.00212867
912 0.0102388 0.00914519 0.00869496
353 0.00992411 0.00915945 0.00803624
760 0.0183239 0.0155212 0.0192376
1015 0.00681461 0.00585523 0.00547594
963 0.00832258 0.0072382 0.00679506
404 0.0145815 0.0133775 0.012499
811 0.015719 0.0136125 0.0143535
1066 0.00354003 0.00307305 0.0031238
506 0.0411755 0.0372726 0.0457767
455 0.0226454 0.0207156 0.0214408
862 0.0119507 0.0105083 0.00983941
557 0.05443 0.0482337 0.0696338
1117 0.00207234 0.00182517 0.00199665
913 0.0107596 0.00958409 0.0086024
354 0.00955987 0.00889167 0.00780104
964 0.00927417 0.00822622 0.00737746
608 0.0529219 0.0458506 0.0778541
659 0.0329474 0.0279739 0.0488403
405 0.0161758 0.014724 0.0145142
812 0.0135281 0.0117946 0.0125972
507 0.0384717 0.0342162 0.0465109
710 0.0186072 0.0156043 0.0243263
863 0.0110463 0.0098305 0.00918441
456 0.0224991 0.0201676 0.0223875
558 0.0543601 0.0477271 0.0708066
914 0.00987901 0.00881421 0.00775289
761 0.0164366 0.0138392 0.0186932
965 0.00787945 0.00698211 0.00606284
355 0.00827601 0.00780952 0.00672163
609 0.0468985 0.0400838 0.0643499
813 0.0120665 0.0104576 0.0120718
660 0.0311238 0.0259112 0.0438596
864 0.00985004 0.0087837 0.00844289
508 0.0322132 0.0280673 0.0402289
915 0.00947215 0.00852361 0.00745787
50 0.00865056 0.00747846 0.00591353
406 0.0129896 0.012054 0.0115722
711 0.0193034 0.0161524 0.0248897
201 0.00677324 0.00581604 0.00488195
559 0.0445402 0.0383544 0.0618076
966 0.00865749 0.00769532 0.00667754
762 0.0145773 0.0123652 0.0170206
457 0.0227978 0.0202224 0.0235767
610 0.04727 0.040032 0.0651596
252 0.00659934 0.00582413 0.00497388
661 0.0305678 0.0252336 0.0427826
814 0.0101139 0.00880413 0.0101283
356 0.00812107 0.0076471 0.00664626
509 0.0344953 0.029727 0.0419031
865 0.00887934 0.00793661 0.00798187
712 0.0176184 0.0147121 0.0218391
916 0.0090068 0.00814634 0.00718009
407 0.0112738 0.0106792 0.00981748
560 0.0380651 0.0317699 0.0566857
967 0.00931733 0.00834455 0.00709985
763 0.0135563 0.0114469 0.0154787
458 0.0207145 0.0186891 0.020921
815 0.00927752 0.00800616 0.00928415
611 0.0341543 0.0278963 0.05201
662 0.0230173 0.0186662 0.0330119
866 0.00778464 0.00700081 0.00695999
1016 0.00546163 0.00485734 0.00431644
1169 0.00163023 0.00142836 0.00137493
917 0.00786291 0.00720068 0.00638822
713 0.0149469 0.0124912 0.0182617
1067 0.0035647 0.00315998 0.00275908
968 0.00898183 0.0081515 0.00684311
1220 0.00210271 0.00190244 0.00164135
764 0.0117638 0.0100208 0.0122501
101 0.00956809 0.00823953 0.006494
1118 0.00221838 0.00194412 0.00175552
1322 0.00316553 0.00283722 0.00226403
1475 0.00215307 0.00195893 0.00155029
1017 0.00609913 0.00534188 0.00460502
1271 0.00282311 0.00260269 0.00215652
1526 0.00266237 0.00241971 0.00187265
1373 0.00273352 0.00243403 0.00194535
1577 0.00340144 0.00312621 0.00240419
1170 0.00231616 0.00202975 0.00161724
1068 0.00363844 0.00318874 0.00265466
1424 0.00216342 0.00194732 0.00159957
1476 0.00210763 0.00190758 0.00152211
1221 0.00227685 0.00204087 0.0015989
1119 0.00267704 0.00239193 0.00189206
1323 0.00308786 0.00281359 0.00233284
1527 0.00194002 0.00173281 0.00135043
1272 0.00239254 0.00218087 0.00176977
1578 0.00228433 0.00206555 0.00153249
1018 0.00841598 0.00741955 0.00644228
1374 0.0034329 0.00305279 0.00246975
1171 0.00357016 0.00327534 0.00279742
1477 0.002911 0.00270448 0.00222869
1069 0.00677772 0.00597762 0.00523778
1528 0.00233195 0.00210623 0.00170287
1425 0.00269468 0.0024377 0.00195872
1120 0.00480768 0.00432692 0.00378145
1222 0.00335295 0.00307712 0.00262591
1579 0.00208623 0.00186932 0.00145016
1324 0.00273916 0.00251874 0.00208338
1019 0.00948159 0.00833304 0.0071063
1273 0.00290114 0.00267151 0.0022225
1478 0.00227694 0.0021051 0.00165713
1375 0.00319511 0.0029251 0.00243146
1172 0.00538829 0.00495942 0.00440685
1529 0.00263541 0.00241475 0.0019799
1070 0.00849851 0.00753902 0.00647758
1426 0.00330373 0.00302235 0.00250105
1223 0.00397373 0.00365773 0.00329861
1580 0.00291298 0.00265651 0.00223281
1121 0.00723904 0.00650226 0.00568429
1274 0.00303325 0.00276206 0.00241198
1628 0.00361633 0.00331537 0.00251533
1325 0.00247782 0.0022291 0.00184896
1832 0.00292664 0.00258341 0.00202453
1679 0.0029801 0.00273726 0.00215364
1985 0.00316961 0.00280553 0.00203682
1730 0.0026575 0.00242343 0.00190665
1376 0.00219329 0.00197599 0.00156127
2036 0.00371228 0.00334501 0.00256008
1883 0.00286542 0.00254477 0.00189801
1781 0.00284457 0.00251166 0.0020051
2087 0.00431136 0.00393609 0.00321996
1427 0.00220859 0.00201807 0.0015842
1629 0.00322834 0.00293132 0.00217101
1680 0.00334614 0.00302633 0.00218401
1934 0.00295969 0.00258165 0.00188856
1986 0.00420868 0.00386538 0.00308232
2138 0.00483319 0.00444533 0.00382662
1731 0.00306589 0.00281113 0.00210812
1833 0.00336214 0.0030052 0.00245787
2037 0.00451917 0.00414431 0.00320845
1782 0.00310158 0.00283962 0.0022391
2189 0.00473006 0.00432878 0.00381399
2088 0.00501693 0.00458257 0.00361771
1630 0.00248077 0.00230164 0.00167104
1884 0.00328622 0.00292666 0.00234065
2240 0.00399551 0.00367351 0.00341188
1681 0.00304197 0.0028052 0.00199485
1987 0.00421182 0.00393743 0.0033526
1935 0.00359196 0.00328354 0.00262834
1732 0.00301529 0.00271394 0.00193781
2139 0.0045732 0.0041816 0.0033732
1783 0.00296711 0.00269194 0.00204601
1834 0.00303172 0.00276814 0.00217522
2190 0.00386893 0.00355546 0.00280343
2038 0.00440274 0.00412088 0.00343586
1631 0.00291123 0.00266606 0.00222601
1885 0.00344894 0.00307735 0.00259425
1682 0.00307597 0.00289941 0.00216069
2241 0.00365942 0.00332686 0.00285894
1733 0.00359296 0.00334927 0.00245617
2089 0.00441805 0.00411071 0.00336674
1936 0.00374642 0.0034431 0.00291816
1784 0.00412444 0.0037413 0.00295353
1988 0.00313269 0.00288419 0.0024225
2291 0.00352843 0.0032852 0.00313403
2140 0.00433307 0.00397124 0.00318283
1835 0.00403639 0.00367726 0.00299297
2342 0.00377801 0.00352854 0.00341102
2039 0.00321944 0.00295177 0.00242367
2191 0.00374918 0.00345855 0.00276379
1886 0.00352582 0.00324588 0.00269067
2393 0.00423973 0.00395401 0.00390972
2090 0.00329681 0.00306322 0.00247039
2292 0.00373531 0.00346089 0.00325263
2242 0.00366718 0.00341133 0.00276217
1937 0.00333902 0.00306501 0.00259856
152 0.00894763 0.00772829 0.0062907
2343 0.0040441 0.00380005 0.00365643
2444 0.00427687 0.00394761 0.00387246
2141 0.00353781 0.00324824 0.00259798
2394 0.00397938 0.00368775 0.00360285
2495 0.0038443 0.00349363 0.00329864
2192 0.00375624 0.00348016 0.00276347
2293 0.00407321 0.00378704 0.00338758
2546 0.0051322 0.00473564 0.0045808
2243 0.00382041 0.00359694 0.00299594
2344 0.00453174 0.00426187 0.00406633
2597 0.00790948 0.00727002 0.00711797
2395 0.00409513 0.00380001 0.00365559
303 0.00697108 0.0063241 0.0053686
2445 0.00347028 0.00319443 0.00305009
2294 0.00401534 0.00380609 0.00333548
2345 0.00402507 0.00376561 0.00348395
2496 0.00346544 0.00313766 0.00282283
2396 0.00367301 0.00341572 0.00317196
2547 0.00494113 0.00454951 0.00436623
202 0.00722693 0.0062135 0.00528107
2598 0.00745483 0.00687139 0.00663727
253 0.00650083 0.00570572 0.0049128
304 0.00693175 0.00634568 0.0054336
203 0.00737289 0.00634734 0.00547529
2446 0.00339246 0.00311466 0.00290797
254 0.0064147 0.00556668 0.00486488
305 0.00620084 0.00562407 0.00488115
2497 0.00338073 0.00311588 0.00272346
2548 0.00485816 0.00457666 0.00418302
2599 0.00830429 0.007734 0.00741465
2447 0.00321523 0.00297217 0.0025594
2498 0.00349685 0.00324301 0.00271654
2549 0.00551447 0.00522666 0.00455248
2600 0.00910474 0.00848294 0.00772158
1355 0.0710566 0.0558402 0.142109
1457 0.0362483 0.0289606 0.0623843
1508 0.0173982 0.0143077 0.0254472
1559 0.00579448 0.00510671 0.00394337
1458 0.00662633 0.00598942 0.00487177
1509 0.00754797 0.00670418 0.00516132
1560 0.00734226 0.00649194 0.00474776
1406 0.0502339 0.0397166 0.101141
1305 0.00833891 0.00744624 0.00734791
1356 0.00575707 0.00518412 0.00471305
1407 0.00548282 0.0049821 0.00422156
