0 16
459 16
969 16
612 16
1122 16
306 16
765 16
153 16
51 16
1020 16
510 16
663 16
357 16
1173 16
816 16
204 16
102 16
1071 16
714 16
561 16
408 16
1224 16
867 16
255 16
1 16
970 16
613 16
307 16
460 16
1123 16
918 16
154 16
52 16
1021 16
664 16
1174 16
358 16
511 16
766 16
205 16
103 16
1072 16
1225 16
409 16
562 16
715 16
817 16
256 16
2 16
971 16
1124 16
308 16
461 16
614 16
868 16
155 16
53 16
1022 16
1175 16
359 16
512 16
665 16
919 16
206 16
104 16
1073 16
1226 16
563 16
716 16
410 16
767 16
257 16
1275 16
1581 16
1428 16
1785 16
2091 16
1938 16
818 16
2244 16
1326 16
1632 16
1479 16
1836 16
2142 16
1989 16
869 16
2295 16
1377 16
1683 16
1530 16
1887 16
2040 16
2193 16
2346 16
920 16
1276 16
1429 16
1734 16
1786 16
1939 16
2092 16
2245 16
2397 16
1327 16
1480 16
1582 16
1837 16
1990 16
2143 16
2448 16
2296 16
1378 16
1888 16
1531 16
1633 16
2041 16
2499 16
2194 16
2347 16
1430 16
1277 16
1787 16
2246 16
1940 16
1481 16
2550 16
1684 16
2093 16
1328 16
1838 16
2297 16
1991 16
1532 16
2398 16
1735 16
2144 16
1379 16
1889 16
2348 16
2042 16
3 16
2449 16
1583 16
2195 16
156 16
309 16
462 16
54 16
615 16
2500 16
1634 16
768 16
207 16
360 16
513 16
105 16
666 16
2551 16
819 16
1685 16
258 16
411 16
4 16
717 16
2399 16
870 16
564 16
1736 16
55 16
157 16
310 16
616 16
2450 16
921 16
463 16
972 16
106 16
208 16
361 16
667 16
2501 16
769 16
514 16
1023 16
259 16
5 16
412 16
718 16
2552 16
820 16
565 16
1074 16
56 16
158 16
617 16
311 16
1125 16
871 16
464 16
973 16
107 16
209 16
668 16
362 16
1176 16
922 16
515 16
1024 16
1278 16
260 16
719 16
413 16
1227 16
770 16
566 16
1075 16
1329 16
1431 16
1584 16
1788 16
1126 16
821 16
1941 16
1380 16
974 16
1482 16
1635 16
1839 16
1177 16
872 16
1992 16
1279 16
1025 16
1533 16
1686 16
1890 16
1228 16
923 16
2043 16
1076 16
1737 16
1330 16
2094 16
1432 16
2247 16
1585 16
1942 16
1789 16
1127 16
2145 16
2298 16
1636 16
1993 16
2196 16
1381 16
1687 16
2349 16
1483 16
2095 16
2044 16
1738 16
2248 16
2146 16
1943 16
1586 16
2299 16
2197 16
1994 16
1637 16
2350 16
2096 16
2045 16
2249 16
2147 16
1688 16
1840 16
2300 16
2400 16
1739 16
2198 16
2351 16
2451 16
1534 16
6 16
159 16
312 16
2502 16
57 16
2553 16
363 16
210 16
108 16
7 16
2401 16
414 16
261 16
2452 16
313 16
58 16
160 16
1891 16
364 16
2503 16
109 16
1433 16
211 16
2554 16
262 16
415 16
8 16
2402 16
161 16
314 16
59 16
2453 16
212 16
365 16
1790 16
2504 16
263 16
110 16
416 16
1484 16
2555 16
618 16
465 16
771 16
975 16
516 16
669 16
822 16
567 16
873 16
1026 16
720 16
466 16
1535 16
924 16
1077 16
619 16
517 16
772 16
976 16
670 16
568 16
823 16
1841 16
1027 16
721 16
467 16
874 16
1078 16
620 16
518 16
925 16
671 16
569 16
773 16
722 16
1892 16
824 16
1434 16
875 16
1485 16
1587 16
1536 16
1435 16
1638 16
1486 16
1537 16
1689 16
1740 16
1178 16
1588 16
1280 16
1639 16
1690 16
1741 16
926 16
1791 16
1842 16
1893 16
1792 16
1843 16
1894 16
1793 16
1844 16
1895 16
1944 16
1995 16
2046 16
1945 16
1996 16
2047 16
1946 16
1331 16
1997 16
2048 16
2097 16
1382 16
2148 16
977 16
2199 16
2250 16
2098 16
2149 16
2301 16
2200 16
2099 16
2150 16
2201 16
2403 16
2454 16
2505 16
2556 16
2404 16
2455 16
2506 16
1128 16
2557 16
2405 16
2456 16
2507 16
2558 16
9 16
60 16
111 16
10 16
61 16
112 16
11 16
62 16
113 16
162 16
213 16
264 16
163 16
1436 16
214 16
265 16
164 16
215 16
266 16
315 16
366 16
417 16
316 16
367 16
418 16
317 16
368 16
419 16
468 16
2352 16
2251 16
2302 16
2353 16
2252 16
2303 16
2354 16
1229 16
1589 16
1640 16
1691 16
1742 16
519 16
774 16
570 16
469 16
621 16
1028 16
825 16
1281 16
520 16
1487 16
672 16
978 16
1179 16
876 16
1538 16
723 16
1079 16
1332 16
571 16
470 16
1230 16
1029 16
1383 16
1129 16
927 16
1131 16
622 16
521 16
1284 16
1282 16
1180 16
1080 16
775 16
572 16
1335 16
673 16
1182 16
826 16
1333 16
1384 16
1231 16
1233 16
979 16
724 16
1437 16
1386 16
1283 16
623 16
877 16
674 16
1130 16
1132 16
1285 16
1030 16
725 16
1488 16
1334 16
1181 16
928 16
1183 16
1336 16
1081 16
1590 16
1539 16
1385 16
1794 16
1845 16
1896 16
1795 16
1846 16
1897 16
1232 16
1947 16
1998 16
2049 16
1948 16
1641 16
1999 16
1796 16
1847 16
2050 16
1898 16
2100 16
1949 16
2000 16
2151 16
2202 16
2101 16
2051 16
2253 16
2152 16
2304 16
2355 16
2254 16
2305 16
2356 16
2203 16
2255 16
2102 16
2306 16
2153 16
2357 16
2204 16
2406 16
2457 16
2508 16
2559 16
776 16
2407 16
1387 16
2458 16
2509 16
2560 16
2408 16
2459 16
2510 16
2561 16
165 16
216 16
267 16
12 16
63 16
114 16
13 16
64 16
115 16
14 16
65 16
116 16
318 16
369 16
420 16
319 16
370 16
166 16
217 16
421 16
268 16
320 16
371 16
167 16
422 16
471 16
218 16
269 16
1234 16
1692 16
1743 16
1438 16
980 16
522 16
827 16
624 16
675 16
1286 16
1133 16
1591 16
1489 16
573 16
472 16
1031 16
523 16
726 16
878 16
1337 16
1184 16
1642 16
574 16
1540 16
473 16
524 16
1082 16
625 16
676 16
929 16
1693 16
1388 16
575 16
1235 16
1439 16
1744 16
777 16
981 16
727 16
1134 16
1287 16
1440 16
1490 16
1592 16
828 16
626 16
1032 16
1185 16
1338 16
1491 16
1541 16
879 16
1643 16
677 16
1083 16
1236 16
1542 16
1389 16
1593 16
1694 16
930 16
982 16
728 16
1135 16
1644 16
1441 16
1288 16
1745 16
1950 16
2001 16
2052 16
1951 16
2002 16
2053 16
1952 16
2003 16
2054 16
2103 16
2154 16
2205 16
2104 16
2155 16
2206 16
2105 16
2156 16
2207 16
2256 16
2307 16
778 16
2358 16
2257 16
2308 16
2359 16
2258 16
2309 16
2360 16
2409 16
2460 16
2511 16
2562 16
2410 16
2461 16
2512 16
2563 16
2411 16
2462 16
2513 16
2564 16
15 16
66 16
117 16
16 16
67 16
118 16
17 16
68 16
119 16
18 16
1033 16
69 16
120 16
168 16
1797 16
1848 16
219 16
1899 16
270 16
169 16
220 16
271 16
170 16
221 16
272 16
171 16
222 16
273 16
321 16
372 16
423 16
322 16
373 16
1695 16
424 16
323 16
374 16
425 16
324 16
375 16
426 16
474 16
525 16
1186 16
1339 16
1492 16
576 16
475 16
526 16
577 16
476 16
527 16
578 16
477 16
528 16
579 16
1084 16
829 16
1798 16
1237 16
1849 16
1900 16
1543 16
1746 16
627 16
1390 16
983 16
880 16
1799 16
1594 16
1136 16
678 16
1289 16
1442 16
1850 16
1901 16
931 16
1034 16
1645 16
1187 16
729 16
1340 16
628 16
1493 16
780 16
779 16
1085 16
1696 16
1238 16
1391 16
831 16
830 16
679 16
1544 16
984 16
1747 16
1137 16
882 16
730 16
1290 16
1443 16
881 16
629 16
1035 16
1595 16
1188 16
933 16
932 16
1494 16
1341 16
680 16
1086 16
1646 16
1239 16
781 16
1596 16
1392 16
1545 16
731 16
985 16
1697 16
1138 16
630 16
832 16
1647 16
1748 16
1444 16
1036 16
1291 16
1189 16
681 16
1698 16
883 16
1800 16
1087 16
1495 16
1342 16
1749 16
934 16
1240 16
732 16
1953 16
2004 16
1851 16
1902 16
2055 16
1954 16
2005 16
2056 16
1955 16
2006 16
986 16
1546 16
1393 16
2057 16
1956 16
2007 16
1139 16
1801 16
1597 16
782 16
1037 16
1445 16
2058 16
2106 16
1852 16
1903 16
1648 16
1292 16
833 16
1190 16
2157 16
1088 16
1496 16
1802 16
1699 16
884 16
1343 16
2208 16
987 16
1241 16
1547 16
1853 16
1904 16
2107 16
1750 16
935 16
1394 16
1038 16
1446 16
1140 16
1803 16
2158 16
1598 16
1293 16
783 16
1089 16
1854 16
1497 16
1191 16
2209 16
1905 16
2259 16
1649 16
1344 16
834 16
2412 16
1548 16
19 16
70 16
121 16
20 16
71 16
122 16
21 16
72 16
123 16
1242 16
172 16
325 16
223 16
274 16
2463 16
2514 16
2565 16
173 16
224 16
2108 16
275 16
174 16
225 16
276 16
478 16
529 16
580 16
376 16
479 16
530 16
581 16
480 16
2413 16
2464 16
2515 16
2566 16
531 16
2414 16
2465 16
2516 16
582 16
2567 16
2415 16
2466 16
2517 16
2568 16
1700 16
2310 16
427 16
326 16
377 16
428 16
327 16
378 16
429 16
2159 16
1395 16
885 16
631 16
2361 16
1751 16
988 16
784 16
1141 16
936 16
2210 16
682 16
2260 16
1599 16
1039 16
835 16
2109 16
2311 16
1192 16
733 16
1294 16
1650 16
886 16
1090 16
2362 16
2160 16
632 16
2261 16
1243 16
2312 16
2363 16
2262 16
2313 16
2211 16
2364 16
1701 16
1345 16
937 16
989 16
683 16
1142 16
1600 16
1752 16
1447 16
1396 16
785 16
1040 16
734 16
1804 16
1651 16
1193 16
1498 16
633 16
836 16
1295 16
1091 16
1855 16
1702 16
1906 16
1244 16
1549 16
887 16
684 16
1346 16
990 16
1753 16
1805 16
1143 16
735 16
938 16
1448 16
1957 16
1856 16
1397 16
1041 16
1601 16
2008 16
1907 16
1194 16
786 16
1499 16
1092 16
1652 16
1296 16
1806 16
2059 16
837 16
1245 16
2263 16
2314 16
2365 16
2264 16
2315 16
2366 16
2265 16
2316 16
2367 16
2416 16
2467 16
2518 16
2569 16
2417 16
2468 16
2519 16
2570 16
2418 16
2469 16
2520 16
2571 16
1550 16
22 16
73 16
124 16
23 16
74 16
125 16
24 16
75 16
126 16
175 16
226 16
277 16
176 16
2110 16
227 16
1703 16
278 16
177 16
228 16
279 16
328 16
379 16
430 16
329 16
380 16
431 16
330 16
381 16
432 16
481 16
532 16
583 16
482 16
1857 16
533 16
584 16
483 16
534 16
585 16
1347 16
1958 16
888 16
2161 16
634 16
2212 16
1754 16
1908 16
1449 16
2009 16
1398 16
2111 16
939 16
685 16
2162 16
2213 16
1602 16
787 16
1500 16
2060 16
991 16
2112 16
2163 16
2214 16
1144 16
736 16
635 16
838 16
1653 16
1959 16
1551 16
1042 16
1297 16
1195 16
686 16
889 16
1704 16
2010 16
1450 16
1093 16
737 16
1348 16
636 16
940 16
1246 16
1755 16
2061 16
687 16
1501 16
992 16
788 16
1145 16
1807 16
1399 16
1603 16
738 16
1552 16
1043 16
839 16
1858 16
1196 16
1298 16
1654 16
1960 16
1451 16
1094 16
890 16
1909 16
1705 16
1247 16
1349 16
2011 16
993 16
1502 16
941 16
1808 16
1756 16
1146 16
1400 16
2062 16
1044 16
1859 16
789 16
1553 16
1604 16
1197 16
1299 16
1961 16
1095 16
2113 16
1910 16
2164 16
2215 16
2114 16
2165 16
2216 16
2115 16
2166 16
2217 16
1452 16
2266 16
2317 16
2368 16
2267 16
2318 16
2369 16
2268 16
2319 16
2370 16
2419 16
2470 16
840 16
2521 16
2572 16
2420 16
2471 16
2522 16
1655 16
2573 16
2421 16
2472 16
2523 16
2574 16
25 16
76 16
127 16
26 16
77 16
128 16
27 16
78 16
129 16
178 16
229 16
280 16
179 16
230 16
281 16
180 16
231 16
2012 16
282 16
331 16
382 16
433 16
332 16
383 16
434 16
333 16
384 16
435 16
484 16
535 16
586 16
485 16
536 16
587 16
486 16
537 16
588 16
637 16
688 16
1248 16
1350 16
2063 16
891 16
1706 16
1809 16
739 16
638 16
689 16
740 16
639 16
690 16
741 16
1503 16
1962 16
790 16
2013 16
2064 16
1860 16
1401 16
1757 16
942 16
994 16
1554 16
841 16
1911 16
1147 16
1300 16
1605 16
1453 16
1045 16
1810 16
1606 16
892 16
1861 16
1912 16
1198 16
1811 16
1862 16
1913 16
1812 16
1863 16
1914 16
1963 16
2014 16
2065 16
1964 16
2015 16
2066 16
1351 16
1965 16
2016 16
2067 16
2116 16
2167 16
1656 16
2218 16
2117 16
2168 16
2219 16
2118 16
2169 16
2220 16
2269 16
2320 16
1504 16
1096 16
2371 16
2270 16
2321 16
1657 16
2372 16
2271 16
2322 16
2373 16
2422 16
2473 16
2524 16
2575 16
2423 16
2474 16
2525 16
2576 16
2424 16
2475 16
2526 16
2577 16
28 16
79 16
130 16
29 16
80 16
131 16
30 16
81 16
132 16
181 16
232 16
283 16
182 16
233 16
284 16
183 16
943 16
234 16
285 16
334 16
385 16
436 16
335 16
386 16
437 16
336 16
387 16
438 16
487 16
538 16
589 16
488 16
539 16
590 16
489 16
540 16
591 16
640 16
691 16
742 16
641 16
692 16
743 16
642 16
693 16
744 16
793 16
844 16
895 16
1249 16
1707 16
791 16
946 16
1555 16
794 16
995 16
845 16
896 16
947 16
795 16
846 16
897 16
948 16
1402 16
1708 16
1758 16
997 16
842 16
1148 16
1759 16
1046 16
1454 16
1301 16
1048 16
893 16
1150 16
1097 16
1607 16
1199 16
1505 16
1352 16
1099 16
998 16
1201 16
1049 16
944 16
792 16
843 16
1250 16
1658 16
996 16
1556 16
1403 16
1100 16
999 16
1050 16
1101 16
894 16
1709 16
1252 16
1149 16
1760 16
1047 16
1455 16
1302 16
1151 16
1303 16
945 16
1202 16
1608 16
1200 16
1098 16
1506 16
1353 16
1609 16
1660 16
1711 16
1762 16
1610 16
1661 16
1712 16
1763 16
1611 16
1662 16
1713 16
1764 16
1813 16
1864 16
1915 16
1814 16
1865 16
1916 16
1815 16
1866 16
1917 16
1966 16
2017 16
2068 16
1967 16
2018 16
2069 16
1968 16
2019 16
2070 16
2119 16
2170 16
2221 16
2120 16
2171 16
2222 16
2121 16
2172 16
2223 16
2272 16
1354 16
2323 16
1456 16
2374 16
2273 16
2324 16
2375 16
2274 16
2325 16
2376 16
2425 16
2476 16
2527 16
2578 16
2426 16
1253 16
2477 16
2528 16
1152 16
2579 16
2427 16
2478 16
1203 16
2529 16
1254 16
2580 16
31 16
184 16
235 16
82 16
286 16
185 16
236 16
133 16
287 16
186 16
32 16
237 16
83 16
1659 16
134 16
33 16
84 16
288 16
135 16
34 16
85 16
136 16
337 16
187 16
388 16
238 16
439 16
289 16
338 16
490 16
389 16
541 16
440 16
592 16
339 16
390 16
441 16
491 16
340 16
391 16
442 16
1710 16
643 16
1761 16
542 16
694 16
745 16
796 16
644 16
847 16
695 16
898 16
746 16
949 16
593 16
645 16
797 16
696 16
848 16
747 16
899 16
646 16
950 16
798 16
697 16
492 16
849 16
748 16
1251 16
900 16
1000 16
1153 16
951 16
1204 16
1051 16
1255 16
1102 16
799 16
1154 16
1001 16
850 16
1205 16
1256 16
901 16
1155 16
1052 16
543 16
1206 16
952 16
1103 16
1257 16
1306 16
1156 16
1002 16
1207 16
1357 16
1258 16
1053 16
1408 16
1459 16
1104 16
1307 16
1510 16
1003 16
594 16
1561 16
1358 16
1054 16
1460 16
1409 16
1105 16
1511 16
493 16
1308 16
1612 16
1562 16
1359 16
1461 16
1663 16
1410 16
1512 16
544 16
1714 16
1563 16
1765 16
1309 16
1462 16
1613 16
1513 16
1360 16
1664 16
1564 16
1715 16
1411 16
1816 16
1766 16
1969 16
1867 16
595 16
2020 16
1918 16
2071 16
1817 16
1614 16
1868 16
1970 16
2122 16
2173 16
2224 16
2123 16
1665 16
2174 16
2225 16
2124 16
2175 16
2226 16
2125 16
2176 16
2227 16
2275 16
2326 16
2377 16
2276 16
2327 16
2378 16
2277 16
2328 16
2379 16
2278 16
2329 16
2380 16
2428 16
2479 16
2530 16
2581 16
2429 16
2480 16
2531 16
1557 16
2582 16
35 16
2430 16
86 16
2481 16
137 16
2532 16
36 16
2583 16
87 16
2431 16
138 16
2482 16
37 16
2533 16
88 16
2584 16
139 16
188 16
341 16
239 16
392 16
290 16
189 16
443 16
240 16
291 16
342 16
190 16
393 16
241 16
444 16
292 16
343 16
494 16
394 16
545 16
445 16
596 16
647 16
495 16
698 16
1716 16
1919 16
2021 16
1767 16
2072 16
1615 16
1818 16
1666 16
1971 16
1869 16
1717 16
1920 16
1768 16
2022 16
800 16
1819 16
2073 16
851 16
1870 16
1972 16
902 16
1921 16
2023 16
953 16
1004 16
2074 16
801 16
1055 16
852 16
1157 16
903 16
1208 16
1106 16
954 16
1259 16
1005 16
802 16
1158 16
1056 16
853 16
904 16
1107 16
1209 16
955 16
1006 16
1260 16
1310 16
1057 16
1159 16
1361 16
1108 16
1210 16
1412 16
1404 16
1311 16
1261 16
1463 16
1362 16
1616 16
1413 16
1820 16
1514 16
749 16
1871 16
546 16
1312 16
1565 16
1667 16
1363 16
1922 16
1464 16
1414 16
1821 16
1718 16
1973 16
1515 16
1872 16
2024 16
1769 16
1566 16
2075 16
1923 16
1617 16
1974 16
1465 16
1668 16
2025 16
1822 16
1516 16
2076 16
1719 16
1873 16
1975 16
1567 16
1924 16
1770 16
2026 16
1405 16
1618 16
2126 16
2077 16
2279 16
2432 16
1669 16
2177 16
2330 16
2483 16
1720 16
2534 16
2381 16
2228 16
1771 16
2585 16
2280 16
2433 16
2127 16
38 16
2484 16
2331 16
2535 16
2178 16
89 16
2382 16
2586 16
2229 16
2434 16
140 16
2281 16
2485 16
2128 16
39 16
2536 16
2332 16
2179 16
2587 16
90 16
2383 16
191 16
2230 16
141 16
242 16
344 16
40 16
293 16
497 16
192 16
395 16
91 16
243 16
548 16
446 16
294 16
142 16
599 16
648 16
193 16
345 16
498 16
650 16
244 16
396 16
549 16
295 16
701 16
600 16
752 16
803 16
447 16
651 16
854 16
499 16
346 16
905 16
702 16
550 16
956 16
397 16
753 16
804 16
652 16
601 16
448 16
855 16
703 16
1007 16
906 16
1160 16
957 16
754 16
1058 16
805 16
1211 16
1313 16
856 16
1109 16
1262 16
907 16
1008 16
699 16
597 16
1364 16
496 16
547 16
598 16
750 16
1466 16
649 16
700 16
1517 16
1059 16
1568 16
751 16
1110 16
1619 16
1467 16
1670 16
1161 16
1518 16
1721 16
1415 16
1569 16
1772 16
1468 16
1620 16
1009 16
1212 16
1519 16
1671 16
1570 16
1722 16
1773 16
1823 16
1263 16
1621 16
1874 16
1672 16
1925 16
1723 16
1824 16
1507 16
1774 16
1875 16
1976 16
1926 16
2027 16
1825 16
2078 16
1876 16
1314 16
1977 16
1927 16
2028 16
2129 16
2079 16
2180 16
1978 16
2231 16
2029 16
2130 16
1162 16
2080 16
1060 16
1365 16
2181 16
2282 16
2232 16
2333 16
2131 16
2384 16
1416 16
958 16
2182 16
1213 16
1111 16
2233 16
41 16
2283 16
92 16
2334 16
143 16
42 16
2385 16
93 16
2284 16
1315 16
1264 16
194 16
347 16
1366 16
245 16
398 16
296 16
1417 16
449 16
2435 16
195 16
500 16
551 16
348 16
2486 16
246 16
2335 16
602 16
399 16
297 16
501 16
450 16
2537 16
196 16
552 16
349 16
247 16
603 16
2588 16
400 16
298 16
502 16
451 16
653 16
553 16
2436 16
806 16
604 16
704 16
857 16
1010 16
2487 16
755 16
144 16
908 16
2538 16
1061 16
959 16
654 16
1112 16
807 16
705 16
2589 16
1011 16
858 16
756 16
2386 16
655 16
909 16
2437 16
706 16
960 16
1062 16
808 16
757 16
1113 16
2488 16
859 16
1316 16
1012 16
910 16
2539 16
1063 16
1163 16
1367 16
961 16
1114 16
1418 16
1469 16
1622 16
1317 16
2590 16
1520 16
1368 16
1673 16
1571 16
1826 16
1419 16
1724 16
1470 16
1318 16
1521 16
1775 16
1877 16
1572 16
1369 16
1623 16
1928 16
1471 16
1420 16
1674 16
1522 16
1725 16
1827 16
1979 16
1573 16
1776 16
2030 16
1878 16
1624 16
2132 16
2081 16
1214 16
2183 16
1980 16
1929 16
1675 16
2234 16
2031 16
1726 16
43 16
2133 16
2082 16
1828 16
1777 16
2184 16
1981 16
1879 16
2285 16
2032 16
2235 16
2336 16
1265 16
2083 16
2134 16
2387 16
2438 16
2185 16
1930 16
2286 16
2489 16
2236 16
2337 16
2540 16
197 16
44 16
2591 16
2388 16
1164 16
248 16
2439 16
299 16
2287 16
95 16
2490 16
198 16
2338 16
146 16
2541 16
249 16
2389 16
1215 16
300 16
2592 16
350 16
199 16
45 16
2440 16
401 16
2491 16
452 16
96 16
250 16
2542 16
351 16
301 16
94 16
147 16
402 16
2593 16
503 16
453 16
1266 16
656 16
46 16
554 16
352 16
707 16
97 16
605 16
403 16
758 16
504 16
148 16
454 16
555 16
657 16
1013 16
1165 16
606 16
708 16
809 16
1064 16
145 16
1216 16
1166 16
1267 16
1217 16
1319 16
1268 16
1370 16
1167 16
1421 16
1218 16
1320 16
1269 16
1371 16
1168 16
1422 16
1219 16
1321 16
1270 16
1372 16
860 16
1472 16
1423 16
1523 16
1625 16
1574 16
1676 16
505 16
911 16
759 16
1115 16
1473 16
1727 16
1524 16
1778 16
1575 16
1626 16
1474 16
1677 16
1525 16
1576 16
1728 16
1829 16
1779 16
1880 16
1627 16
1931 16
1678 16
1830 16
1729 16
1881 16
1780 16
1932 16
1982 16
2033 16
1831 16
2084 16
1882 16
1983 16
1933 16
2034 16
2135 16
2085 16
2186 16
1984 16
2237 16
2035 16
2136 16
2086 16
2187 16
2238 16
2288 16
2137 16
2339 16
2188 16
2390 16
2239 16
2289 16
2441 16
2340 16
2492 16
2391 16
2543 16
2290 16
2594 16
2341 16
2442 16
2392 16
2493 16
47 16
2544 16
98 16
2595 16
149 16
2443 16
48 16
962 16
1304 16
2494 16
99 16
2545 16
150 16
2596 16
49 16
200 16
100 16
251 16
151 16
302 16
1014 16
810 16
556 16
658 16
1065 16
607 16
861 16
709 16
1116 16
912 16
353 16
963 16
1015 16
760 16
811 16
404 16
1066 16
506 16
862 16
455 16
557 16
1117 16
913 16
964 16
354 16
608 16
659 16
812 16
405 16
507 16
710 16
863 16
456 16
914 16
558 16
761 16
965 16
355 16
609 16
813 16
864 16
660 16
508 16
915 16
50 16
201 16
406 16
711 16
559 16
762 16
966 16
457 16
610 16
814 16
661 16
356 16
509 16
865 16
712 16
916 16
407 16
560 16
967 16
763 16
458 16
611 16
815 16
662 16
866 16
1016 16
1169 16
917 16
713 16
1067 16
764 16
252 16
968 16
1118 16
1220 16
1322 16
1475 16
1017 16
1526 16
1271 16
1373 16
1170 16
1577 16
1068 16
1424 16
1476 16
1221 16
1119 16
1527 16
1323 16
1272 16
1578 16
1018 16
1374 16
1477 16
1171 16
1069 16
1528 16
1120 16
1425 16
1222 16
101 16
1579 16
1324 16
1273 16
1478 16
1019 16
1375 16
1172 16
1070 16
1529 16
1223 16
1426 16
1580 16
1121 16
1274 16
1628 16
1325 16
1832 16
1679 16
1985 16
1730 16
2036 16
1376 16
1781 16
1883 16
2087 16
1427 16
1629 16
1680 16
1934 16
1986 16
2138 16
1731 16
1833 16
2037 16
1782 16
2189 16
1630 16
2088 16
1884 16
2240 16
1681 16
1935 16
1987 16
1732 16
2139 16
1783 16
1834 16
2190 16
1631 16
2038 16
1885 16
1682 16
1733 16
2089 16
2241 16
1936 16
1784 16
1988 16
2291 16
2140 16
1835 16
2342 16
2039 16
2191 16
1886 16
2393 16
2090 16
2292 16
2242 16
1937 16
2343 16
2444 16
2141 16
2394 16
2495 16
2192 16
2293 16
2546 16
2243 16
2344 16
152 16
2597 16
2395 16
2294 16
2445 16
303 16
2345 16
2496 16
2396 16
2547 16
202 16
2598 16
253 16
304 16
203 16
254 16
2446 16
305 16
2497 16
2548 16
1558 16
2599 16
2447 16
2498 16
2549 16
2600 16
1457 16
1508 16
1559 16
1458 16
1509 16
1560 16
1355 16
1406 16
1305 16
1356 16
1407 16
