306 1
459 1
969 1
0 1
1122 1
612 1
765 1
153 1
51 1
1020 1
510 1
663 1
1173 1
357 1
816 1
204 1
102 1
1071 1
714 1
561 1
408 1
1224 1
867 1
255 1
1 1
970 1
613 1
307 1
460 1
1123 1
918 1
154 1
52 1
1021 1
664 1
358 1
511 1
1174 1
766 1
205 1
103 1
1072 1
715 1
1225 1
409 1
562 1
817 1
256 1
2 1
971 1
1124 1
308 1
461 1
614 1
868 1
155 1
53 1
1022 1
1175 1
359 1
512 1
665 1
919 1
206 1
104 1
1073 1
410 1
1226 1
563 1
716 1
767 1
257 1
1275 1
1428 1
1581 1
1785 1
1938 1
2091 1
818 1
2244 1
1326 1
1632 1
1479 1
1836 1
2142 1
1989 1
869 1
2295 1
1377 1
1683 1
1530 1
1887 1
2193 1
2040 1
2346 1
920 1
1276 1
1734 1
1429 1
1786 1
1939 1
2092 1
2245 1
2397 1
1327 1
1480 1
1582 1
1837 1
1990 1
2143 1
2448 1
2296 1
1378 1
1888 1
1531 1
1633 1
2041 1
2194 1
2499 1
2347 1
1277 1
1430 1
1787 1
2246 1
1940 1
1481 1
2550 1
1684 1
2093 1
1328 1
1838 1
2297 1
1991 1
1532 1
2398 1
1735 1
2144 1
1379 1
1889 1
2348 1
2042 1
3 1
2449 1
1583 1
2195 1
156 1
309 1
462 1
54 1
615 1
2500 1
1634 1
768 1
207 1
360 1
513 1
105 1
666 1
2551 1
1685 1
819 1
258 1
411 1
564 1
4 1
717 1
2399 1
870 1
1736 1
55 1
157 1
310 1
616 1
2450 1
921 1
463 1
972 1
106 1
208 1
361 1
667 1
2501 1
769 1
514 1
1023 1
5 1
259 1
412 1
718 1
2552 1
820 1
565 1
1074 1
158 1
56 1
311 1
617 1
1125 1
871 1
464 1
973 1
107 1
209 1
668 1
362 1
1176 1
922 1
515 1
1024 1
1278 1
260 1
719 1
413 1
1227 1
770 1
566 1
1075 1
1329 1
1431 1
1584 1
1788 1
1126 1
821 1
1941 1
1380 1
974 1
1482 1
1635 1
1839 1
1177 1
872 1
1992 1
1279 1
1025 1
1533 1
1686 1
1890 1
1228 1
923 1
2043 1
1330 1
1076 1
1432 1
1737 1
1942 1
2094 1
2247 1
1789 1
1585 1
1127 1
2145 1
2298 1
1381 1
1636 1
1993 1
1483 1
2196 1
1687 1
2044 1
2349 1
2095 1
1738 1
2248 1
2146 1
1943 1
1586 1
2299 1
1840 1
2197 1
1637 1
1994 1
2350 1
2096 1
2045 1
2249 1
1534 1
2147 1
1688 1
2400 1
2300 1
2198 1
1739 1
2351 1
2451 1
6 1
159 1
312 1
2502 1
1891 1
57 1
2553 1
210 1
363 1
108 1
2401 1
414 1
7 1
261 1
1433 1
2452 1
58 1
313 1
160 1
2503 1
364 1
109 1
211 1
2554 1
262 1
415 1
8 1
1790 1
2402 1
161 1
314 1
59 1
2453 1
212 1
1484 1
365 1
2504 1
263 1
110 1
416 1
2555 1
618 1
465 1
771 1
975 1
516 1
669 1
822 1
1841 1
567 1
1026 1
1535 1
873 1
720 1
466 1
924 1
1077 1
619 1
517 1
772 1
976 1
670 1
568 1
823 1
1027 1
721 1
467 1
874 1
1078 1
620 1
518 1
925 1
671 1
1892 1
569 1
773 1
722 1
824 1
1434 1
875 1
1178 0
1587 1
1485 1
1536 1
1638 1
1435 1
1486 1
1280 0
1689 1
1537 1
926 0
1740 1
1588 1
1639 1
1690 1
1741 1
977 0
1791 1
1842 1
1893 1
1792 1
1843 1
1894 1
1331 0
1793 1
1128 0
1844 1
1589 0
1895 1
1944 1
1995 1
2046 1
1945 1
1996 1
1436 0
2047 1
1946 1
1229 0
1997 1
2048 1
1382 0
2097 1
2148 1
2250 1
2199 1
2098 1
2301 1
2149 1
2200 1
2099 1
2150 1
2201 1
2403 1
2454 1
2505 1
2556 1
2404 1
2455 1
2506 1
2557 1
2405 1
2456 1
2507 1
2558 1
9 1
60 1
111 1
10 1
61 1
112 1
11 1
62 1
113 1
162 1
213 1
264 1
163 1
214 1
265 1
164 1
215 1
266 1
315 1
366 1
417 1
316 1
367 1
418 1
2352 1
317 1
368 1
419 1
468 1
519 1
2251 1
2302 1
2353 1
2252 1
2303 1
2354 1
1281 0
1640 0
1691 0
1742 0
774 0
1028 0
621 0
570 0
1179 0
1487 0
469 0
825 0
978 0
520 0
672 0
1079 0
876 0
1538 0
723 0
1332 0
571 0
1230 0
1029 0
927 0
1131 0
622 0
470 0
1284 0
1383 0
521 0
1129 0
1282 0
1080 0
1180 0
775 0
572 0
1182 0
1335 0
673 0
1333 0
826 0
1231 0
979 0
1233 0
1437 0
1386 0
724 0
1384 0
1283 0
877 0
623 0
1130 0
1132 0
1030 0
1488 0
1285 0
674 0
1334 0
725 0
928 0
1181 0
1183 0
1336 0
1081 0
1590 0
1539 0
1385 0
1232 0
776 0
1794 1
1845 1
1896 1
1795 1
1846 1
1897 1
1641 0
1796 0
1947 1
1234 0
1998 1
2049 1
1948 1
1999 1
2050 1
1847 0
1898 0
1949 1
2100 1
2000 1
1387 0
2051 1
2151 1
2202 1
2101 1
2253 1
2152 1
2304 1
2203 1
2355 1
2254 1
2305 1
2356 1
2255 1
2102 1
2306 1
2153 1
980 0
2357 1
1438 0
2204 1
2406 1
12 1
2457 1
2508 1
2559 1
2407 1
2458 1
2509 1
2560 1
2408 1
2459 1
2510 1
2561 1
165 1
216 1
267 1
63 1
114 1
13 1
64 1
115 1
14 1
65 1
116 1
318 1
369 1
420 1
319 1
1692 0
370 1
166 1
421 1
217 1
268 1
320 1
167 1
371 1
422 1
218 1
471 1
269 1
1743 0
522 0
827 0
624 0
1286 0
1133 0
1591 0
1031 0
1489 0
675 0
573 0
878 0
726 0
472 0
523 0
1184 0
1337 0
1642 0
1540 0
574 0
1082 0
625 0
929 0
473 0
524 0
1388 0
1235 0
1693 0
676 0
575 0
1439 0
777 0
1744 0
727 0
981 0
1134 0
1287 0
1440 0
1490 0
1592 0
828 0
1032 0
626 0
1185 0
1491 0
1338 0
1541 0
1643 0
879 0
677 0
1083 0
1236 0
1389 0
1542 0
1593 0
1694 0
930 0
728 0
982 0
1441 0
1288 0
1135 0
1745 0
1644 0
778 0
1033 0
1950 1
1797 0
2001 1
2052 1
1951 1
2002 1
2053 1
1952 1
2003 1
2054 1
2103 1
2154 1
2205 1
2104 1
2155 1
2206 1
2105 1
2156 1
2207 1
2256 1
2307 1
2358 1
1186 0
2257 1
1339 0
2308 1
2359 1
2258 1
1492 0
2309 1
2360 1
2409 1
2460 1
2511 1
2562 1
2410 1
2461 1
2512 1
2563 1
2411 1
2462 1
2513 1
2564 1
15 1
66 1
117 1
16 1
67 1
118 1
17 1
68 1
1695 0
119 1
18 1
69 1
120 1
168 1
219 1
1848 0
1899 0
270 1
169 1
220 1
271 1
170 1
221 1
272 1
171 1
222 1
273 1
321 1
372 1
423 1
322 1
373 1
424 1
323 1
374 1
425 1
1084 0
324 1
375 1
426 1
474 1
525 1
829 0
576 0
475 0
526 0
577 0
476 0
1798 0
527 0
578 0
477 0
528 0
579 0
1237 0
1746 0
1543 0
1390 0
627 0
1849 0
1900 0
880 0
983 0
1136 0
1799 0
1594 0
678 0
1289 0
1442 0
931 0
1034 0
1850 0
1645 0
1901 0
1187 0
729 0
1340 0
1493 0
780 0
779 0
628 0
1085 0
1696 0
1238 0
1391 0
679 0
1544 0
831 1
830 0
984 0
1747 0
1137 0
1290 0
882 0
730 0
881 1
1443 0
1035 1
1595 0
629 0
1188 1
933 0
932 0
1494 1
1341 0
680 0
1086 0
1646 0
1239 0
781 0
1596 0
1545 0
1392 0
731 0
985 1
1697 0
1138 1
832 0
1647 0
630 0
1748 0
1444 1
1036 0
1291 1
1189 0
681 0
883 0
1698 1
1800 0
1087 1
1495 0
1342 0
1749 0
1240 0
934 0
732 0
1851 0
986 0
1546 0
1953 1
2004 1
1902 0
2055 1
1393 0
1954 1
2005 1
2056 1
1955 1
2006 1
1139 0
2057 0
1801 1
782 0
1597 0
1956 0
2007 0
1037 0
1445 0
2058 0
1292 0
1852 0
1648 0
833 1
1190 0
2106 1
1903 0
1088 0
1496 1
2157 0
1802 0
1699 0
884 1
1343 0
1241 0
2208 0
987 0
1547 0
1853 0
1750 0
935 0
1394 0
2107 0
1904 0
1038 1
1446 1
1140 0
1803 0
2158 0
1598 0
1293 0
783 0
1089 1
1497 0
1854 0
1191 0
2209 0
1649 0
1344 1
1905 0
834 0
2259 0
1548 0
1242 0
2108 0
2412 0
2310 0
2463 0
19 1
70 1
121 1
20 1
71 1
122 1
21 1
1395 0
72 1
123 1
172 1
325 1
223 1
376 1
274 1
1700 0
2514 0
2565 0
173 1
224 1
275 1
174 1
2413 0
225 1
276 1
478 1
529 1
580 1
479 1
530 1
581 1
480 1
2464 0
531 1
2515 0
2566 0
2414 0
2465 0
2516 0
582 1
2567 0
2415 0
2466 0
2517 0
2568 0
2159 0
427 1
326 1
377 1
428 1
327 1
378 1
429 1
885 0
631 0
2361 0
1751 0
784 0
988 0
1141 0
2210 0
936 0
682 0
2260 0
1599 1
1039 0
835 0
2109 0
1294 0
2311 0
1192 0
733 0
1650 0
1090 0
886 0
2362 0
2160 0
632 0
1243 0
1345 0
2261 0
1701 0
2211 0
937 0
989 0
2312 0
2363 0
2262 0
2313 0
2364 0
683 0
1142 0
1600 0
1447 0
1752 0
1396 0
785 0
1040 0
734 0
1804 0
1193 1
1651 0
1498 0
836 0
1295 0
633 0
1091 0
1855 0
1702 0
1244 0
1549 0
1906 0
684 0
887 0
1346 1
990 0
1753 0
1805 0
1143 0
735 0
1448 0
938 1
1397 0
1041 0
1856 0
1601 1
1957 0
1194 0
2008 0
786 0
1907 0
1499 0
1296 0
1092 0
1652 0
2059 0
1806 0
837 0
1245 0
1550 0
1703 0
2110 0
1347 0
1857 0
2263 1
2314 1
2365 1
2264 1
2315 1
2366 1
2265 1
2316 1
2367 1
2416 1
2467 1
2518 1
2569 1
2417 1
2468 1
2519 1
2570 1
1958 0
2418 1
2469 1
2520 1
2571 1
22 1
73 1
124 1
23 1
74 1
125 1
24 1
75 1
126 1
175 1
226 1
277 1
176 1
227 1
278 1
177 1
228 1
888 1
279 1
328 1
379 1
430 1
329 1
380 1
431 1
330 1
381 1
432 1
481 1
532 1
583 1
482 1
533 1
584 1
483 1
534 1
585 1
2161 0
1754 0
634 0
1449 0
1908 0
2212 0
2009 0
1398 0
939 0
2111 0
685 0
1602 0
787 0
1500 0
2162 0
2213 0
2060 0
991 0
1144 0
736 0
2112 0
1653 0
838 0
2163 0
2214 0
1959 0
1551 0
635 0
1042 0
1297 0
1195 1
686 0
889 0
1704 1
2010 0
1450 1
1093 0
1348 0
1246 0
737 0
940 0
1755 0
2061 0
1501 0
636 0
992 0
687 0
788 0
1145 0
1399 0
1603 0
1807 0
738 0
1552 0
1043 0
839 0
1196 0
1858 0
1298 1
1654 1
1960 0
1451 0
1094 0
890 0
1909 0
1705 0
1349 0
1247 0
2011 0
993 0
1502 0
941 0
1808 1
1756 0
1146 0
1400 0
2062 0
1044 0
1859 0
1553 0
789 0
1604 0
1197 1
1299 0
1961 0
1095 0
840 0
1910 0
1452 1
1655 0
2113 1
1248 0
2164 1
2215 1
2114 1
2165 1
2216 1
1350 0
2115 1
2166 1
2217 1
2266 1
2317 1
2368 1
2267 1
2318 1
2369 1
2268 1
2319 1
2370 1
2419 1
2470 1
2521 1
2572 1
2012 0
2420 1
2471 1
2522 1
2573 1
2421 1
2472 1
2523 1
2574 1
25 1
76 1
127 1
26 1
77 1
128 1
27 1
78 1
129 1
178 1
891 0
229 1
280 1
179 1
230 1
281 1
1706 0
180 1
231 1
282 1
331 1
382 1
433 1
332 1
383 1
1809 0
434 1
333 1
384 1
435 1
484 1
535 1
586 1
485 1
536 1
587 1
486 1
537 1
588 1
637 1
688 1
2063 0
739 0
1503 1
790 0
638 0
689 0
740 0
639 0
690 0
741 0
1962 0
1401 0
1757 0
1860 0
942 0
994 0
2013 0
2064 0
1554 0
841 0
1911 0
1147 0
1300 0
1453 0
1605 0
1045 0
1606 0
892 1
1810 0
1198 0
1656 0
1504 0
1351 0
1861 0
1096 0
1657 0
943 0
1912 0
1811 0
1862 0
1913 0
1812 0
1863 0
1914 0
1963 1
2014 1
2065 1
1964 1
2015 1
2066 1
1965 1
2016 1
2067 1
2116 1
2167 1
2218 1
2117 1
2168 1
2219 1
2118 1
2169 1
2220 1
2269 1
2320 1
2371 1
2270 1
2321 1
2372 1
2271 1
2322 1
2373 1
2422 1
2473 1
2524 1
2575 1
2423 1
2474 1
2525 1
2576 1
2424 1
2475 1
2526 1
2577 1
28 1
79 1
130 1
29 1
80 1
131 1
30 1
81 1
132 1
181 1
232 1
283 1
182 1
233 1
1707 0
284 1
1249 0
183 1
234 1
285 1
334 1
995 0
385 1
436 1
335 1
386 1
437 1
336 1
387 1
438 1
487 1
538 1
589 1
488 1
539 1
590 1
489 1
540 1
591 1
640 1
691 1
1555 1
742 1
641 1
692 1
743 1
1402 0
1708 0
642 1
693 1
744 1
793 1
844 1
791 0
895 1
946 0
794 0
845 0
896 0
947 0
795 0
846 0
897 0
948 0
1758 0
997 0
842 0
1148 0
1046 0
1454 0
1759 0
1301 0
1150 0
1048 0
893 0
1607 0
1199 1
1097 0
1505 0
1352 0
1099 0
1201 0
944 0
1658 0
1250 1
996 0
1556 0
1403 0
998 0
1049 0
792 0
843 0
1100 0
894 0
1252 0
999 0
1050 0
1101 0
1709 0
1149 0
1047 0
1455 0
1302 0
1303 0
1760 0
1151 0
945 0
1200 0
1608 0
1098 0
1202 0
1506 0
1353 0
1354 0
1456 0
1609 0
1253 0
1660 0
1711 0
1762 0
1610 0
1661 0
1712 0
1763 0
1611 0
1662 0
1713 0
1764 0
1813 1
1864 1
1915 1
1814 1
1865 1
1916 1
1815 1
1866 1
1659 0
1917 1
1966 1
2017 1
2068 1
1967 1
2018 1
2069 1
1968 1
2019 1
2070 1
2119 1
2170 1
2221 1
2120 1
2171 1
2222 1
2121 1
2172 1
2223 1
2272 1
2323 1
1251 0
2374 1
2273 1
2324 1
2375 1
2274 1
2325 1
2376 1
2425 1
2476 1
2527 1
2578 1
2426 1
2477 1
2528 1
1152 0
2579 1
2427 1
1203 0
2478 1
2529 1
1254 0
2580 1
1557 0
184 1
31 1
82 1
235 1
286 1
133 1
185 1
236 1
287 1
186 1
32 1
237 1
288 1
83 1
1404 0
134 1
33 1
84 1
187 1
135 1
34 1
85 1
136 1
337 1
388 1
238 1
439 1
289 1
338 1
490 1
389 1
541 1
440 1
592 1
339 1
1710 0
390 1
441 1
491 1
340 1
391 1
542 1
442 1
643 1
1761 0
694 1
745 1
796 1
644 1
847 1
593 1
695 1
898 1
746 1
949 1
645 1
797 1
696 1
848 1
747 1
899 1
646 1
492 1
950 1
697 1
798 1
849 1
1405 0
748 1
900 1
1000 1
1153 1
951 1
1051 1
1204 1
1255 1
799 1
1102 1
543 1
1154 1
1001 1
850 1
1205 1
1052 1
1256 1
901 1
1155 1
1103 1
1206 1
952 1
1257 1
1306 1
1156 1
1002 1
1207 1
1357 1
1053 1
594 1
1258 1
1408 1
1459 1
1104 1
1307 1
1510 1
1003 1
1561 1
1358 1
1054 1
1460 1
1409 1
1105 1
1511 1
493 1
1308 1
1612 1
1562 1
1359 1
1461 1
1663 1
544 1
1410 1
1512 1
1714 1
1309 1
1563 1
1765 1
1462 1
1613 1
1360 1
1513 1
1664 1
595 1
1564 1
1715 1
1411 1
1816 1
1766 1
1969 1
1867 1
1918 1
2020 1
1614 1
2071 1
1817 1
1970 1
1868 1
1665 1
1919 1
2122 1
2173 1
2224 1
2123 1
1507 0
2174 1
2225 1
2124 1
2175 1
2226 1
2125 1
2176 1
2227 1
2275 1
2326 1
2377 1
2276 1
2327 1
2378 1
2277 1
2328 1
2379 1
2278 1
2329 1
2380 1
2428 1
2479 1
2530 1
2581 1
2429 1
2480 1
2531 1
2582 1
35 1
2430 1
86 1
2481 1
137 1
2532 1
36 1
2583 1
87 1
2431 1
138 1
2482 1
37 1
2533 1
88 1
2584 1
139 1
188 1
341 1
239 1
392 1
290 1
189 1
443 1
240 1
342 1
291 1
190 1
393 1
241 1
444 1
292 1
343 1
494 1
394 1
545 1
445 1
596 1
647 1
495 1
698 1
546 1
1716 1
2021 1
1767 1
1818 1
2072 1
1615 1
1666 1
1971 1
1869 1
1717 1
1920 1
2022 1
1768 1
800 1
1819 1
2073 1
851 1
1870 1
1972 1
902 1
1921 1
2023 1
953 1
1004 1
2074 1
801 1
1055 1
852 1
1157 1
749 1
903 1
1106 1
1208 1
954 1
1259 1
1005 1
802 1
1158 1
1056 1
853 1
1107 1
904 1
1209 1
955 1
1006 1
1260 1
1310 1
1057 1
1159 1
1361 1
1108 1
1210 1
1412 1
1311 1
1261 1
1463 1
1362 1
1616 1
1820 1
1413 1
1514 1
1312 1
1667 1
1871 1
1565 1
1922 1
1363 1
1464 1
1718 1
1414 1
1821 1
1515 1
1973 1
1872 1
1769 1
2024 1
1566 1
2075 1
1923 1
1617 1
1465 1
1974 1
1822 1
1668 1
2025 1
1516 1
648 1
1719 1
2076 1
1873 1
1975 1
1567 1
1770 1
1924 1
2026 1
2126 1
1618 1
2279 1
2077 1
1669 1
2432 1
2177 1
2330 1
2483 1
1720 1
2534 1
2228 1
2381 1
2585 1
1771 1
2280 1
2433 1
2127 1
38 1
2484 1
2331 1
2535 1
2178 1
89 1
2382 1
2586 1
2229 1
2434 1
140 1
2281 1
2485 1
39 1
2128 1
2536 1
2332 1
2179 1
90 1
2587 1
2383 1
2230 1
191 1
141 1
242 1
344 1
497 1
40 1
293 1
192 1
395 1
548 1
91 1
243 1
446 1
294 1
142 1
599 1
193 1
345 1
498 1
650 1
244 1
396 1
549 1
701 1
295 1
600 1
803 1
752 1
447 1
499 1
651 1
854 1
346 1
905 1
702 1
550 1
397 1
956 1
753 1
804 1
652 1
601 1
448 1
855 1
703 1
1007 1
1160 1
906 1
957 1
1304 0
754 1
1058 1
805 1
1211 1
1313 1
1109 1
856 1
1262 1
907 1
1008 1
1364 1
699 1
597 1
750 1
496 1
547 1
598 1
1466 1
649 1
1059 1
700 1
1517 1
1161 1
751 1
1568 1
958 1
1415 1
1110 1
1619 1
1467 1
1670 1
1009 1
1518 1
1721 1
1569 1
1772 1
1468 1
1620 1
1212 1
1519 1
1671 1
1570 1
1263 1
1722 1
1823 1
1773 1
1621 1
1874 1
1672 1
1925 1
1723 1
1824 1
1774 1
1875 1
1976 1
1926 1
2027 1
1825 1
2078 1
1876 1
1060 1
1314 1
1977 1
1927 1
2028 1
2129 1
1162 1
2079 1
2180 1
1978 1
2231 1
2029 1
2130 1
2080 1
1365 1
2181 1
1416 1
2282 1
2232 1
2333 1
2131 1
2384 1
2182 1
1213 1
1111 1
2283 1
2233 1
41 1
92 1
2334 1
143 1
42 1
2385 1
93 1
2284 1
144 1
1315 1
1264 1
194 1
347 1
1366 1
245 1
398 1
296 1
1417 1
2435 1
449 1
195 1
500 1
348 1
2335 1
551 1
2486 1
246 1
602 1
399 1
297 1
2537 1
501 1
450 1
196 1
552 1
349 1
247 1
2588 1
603 1
400 1
298 1
502 1
2436 1
2386 1
653 1
451 1
553 1
806 1
704 1
604 1
857 1
2487 1
1010 1
755 1
908 1
2538 1
1061 1
959 1
654 1
2589 1
1112 1
807 1
705 1
1011 1
858 1
756 1
655 1
909 1
2437 1
706 1
960 1
1062 1
757 1
808 1
2488 1
1113 1
1163 1
859 1
1316 1
1012 1
2539 1
910 1
1063 1
1367 1
961 1
1114 1
1418 1
2590 1
1469 1
1622 1
1317 1
1520 1
1673 1
43 1
1368 1
1826 1
1571 1
1419 1
1724 1
1470 1
1877 1
1318 1
1775 1
1521 1
1369 1
1572 1
1623 1
1928 1
1471 1
1420 1
1674 1
1522 1
1725 1
1827 1
1979 1
1214 1
1573 1
1776 1
2030 1
1878 1
1624 1
2132 1
2081 1
1675 1
2183 1
1980 1
1929 1
2234 1
2031 1
1726 1
2133 1
1828 1
2082 1
1265 1
1777 1
2184 1
1981 1
1879 1
2285 1
2235 1
2032 1
2336 1
2083 1
2134 1
1930 1
2387 1
2438 1
2185 1
1164 1
2286 1
2489 1
2236 1
2337 1
2540 1
197 1
44 1
2388 1
2591 1
248 1
95 1
2439 1
299 1
2287 1
94 1
2490 1
198 1
2338 1
146 1
2541 1
249 1
2389 1
1215 1
2592 1
350 1
300 1
45 1
199 1
2440 1
401 1
96 1
2491 1
452 1
250 1
1266 1
2542 1
351 1
301 1
147 1
402 1
2593 1
503 1
453 1
656 1
46 1
554 1
352 1
707 1
97 1
605 1
403 1
1165 1
758 1
504 1
148 1
454 1
657 1
555 1
1013 1
606 1
809 1
708 1
1064 1
145 1
1216 1
1166 1
1267 1
1217 1
1319 1
1268 1
1370 1
1167 1
1421 1
1218 1
1320 1
1269 1
1371 1
1168 1
1422 1
860 1
1219 1
1321 1
1270 1
1372 1
1472 1
1423 1
1523 1
1625 1
1558 0
1574 1
505 1
1676 1
759 1
911 1
1115 1
1473 1
1727 1
962 1
1014 1
1524 1
1778 1
1575 1
1626 1
1474 1
1677 1
1525 1
1728 1
1576 1
1829 1
1779 1
1880 1
1627 1
1931 1
1678 1
1830 1
1729 1
1881 1
1780 1
1932 1
1982 1
1831 1
2033 1
2084 1
1882 1
1983 1
1933 1
2034 1
2135 1
2085 1
2186 1
1984 1
2237 1
2035 1
2136 1
2086 1
2187 1
2238 1
2288 1
2137 1
2339 1
2188 1
2390 1
2239 1
2289 1
2441 1
2340 1
2492 1
2391 1
2543 1
2290 1
2594 1
2341 1
2442 1
2392 1
2493 1
47 1
2544 1
98 1
2595 1
149 1
2443 1
48 1
2494 1
99 1
2545 1
150 1
2596 1
49 1
200 1
100 1
251 1
151 1
302 1
810 1
556 1
658 1
1065 1
607 1
861 1
709 1
1116 1
912 1
353 1
760 1
1015 1
963 1
404 1
811 1
1066 1
506 1
455 1
862 1
557 1
1117 1
913 1
354 1
608 1
964 1
659 1
405 1
507 1
812 1
710 1
863 1
456 1
558 1
914 1
761 1
965 1
355 1
609 1
813 1
660 1
864 1
508 1
915 1
50 1
406 1
711 1
201 1
559 1
966 1
252 1
762 1
457 1
610 1
661 1
814 1
356 1
509 1
865 1
712 1
916 1
407 1
560 1
967 1
763 1
458 1
815 1
611 1
662 1
866 1
1016 1
713 1
1169 1
917 1
1067 1
968 1
1220 1
764 1
101 1
1118 1
1322 1
1475 1
1017 1
1271 1
1373 1
1526 1
1577 1
1170 1
1068 1
1424 1
1476 1
1221 1
1119 1
1323 1
1527 1
1272 1
1018 1
1578 1
1374 1
1171 1
1477 1
1069 1
1528 1
1425 1
1120 1
1222 1
1579 1
1324 1
1019 1
1273 1
1478 1
1375 1
1172 1
1529 1
1070 1
1426 1
1223 1
1121 1
1580 1
1274 1
1325 1
1628 1
1832 1
1985 1
1679 1
1730 1
1376 1
2036 1
1883 1
1781 1
2087 1
1427 1
1629 1
1680 1
1934 1
1986 1
2138 1
1731 1
1833 1
2037 1
1782 1
2189 1
2088 1
1630 1
1884 1
2240 1
1681 1
1987 1
1935 1
1732 1
2139 1
1783 1
1834 1
2190 1
2038 1
1631 1
1885 1
1682 1
2241 1
2089 1
1733 1
1936 1
1784 1
1988 1
2140 1
1835 1
2291 1
2342 1
2039 1
2191 1
1886 1
2393 1
2090 1
2292 1
2242 1
1937 1
152 1
2343 1
2444 1
2141 1
2394 1
2495 1
2192 1
2293 1
2546 1
2243 1
2344 1
2597 1
2395 1
303 1
2445 1
2294 1
2345 1
2496 1
2396 1
2547 1
202 1
2598 1
253 1
304 1
203 1
2446 1
254 1
305 1
2497 1
2548 1
2599 1
2447 1
2498 1
2549 1
2600 1
1355 0
1457 0
1508 0
1559 0
1458 0
1509 0
1560 0
1406 0
1305 0
1356 0
1407 0
