66 1
11 1
55 1
22 1
33 1
44 1
0 1
77 1
88 1
1 1
110 1
12 1
23 1
99 1
78 1
89 1
100 1
111 1
2 1
13 1
34 0
45 0
67 0
56 0
90 1
101 1
112 1
3 1
14 1
24 0
79 0
46 0
35 0
25 0
57 0
68 0
36 0
47 0
80 0
69 0
113 1
4 1
15 1
58 0
102 0
26 0
91 0
37 0
48 0
103 1
114 1
5 1
16 1
27 1
59 0
92 0
70 0
81 0
38 0
49 0
71 0
60 0
93 1
104 1
115 1
6 1
17 1
82 0
28 1
39 1
50 1
61 1
72 1
94 1
83 1
105 1
116 1
18 1
29 1
40 1
7 1
62 1
73 1
51 1
84 1
95 1
106 1
117 1
19 1
8 1
41 1
30 1
52 1
63 1
74 1
85 1
96 1
107 1
118 1
9 1
20 1
31 1
42 1
53 1
75 1
64 1
97 1
108 1
21 1
32 1
43 1
54 1
65 1
76 1
87 1
98 1
109 1
120 1
86 1
119 1
10 1
132 1
121 1
154 1
176 1
165 1
187 1
143 1
209 1
231 1
220 1
122 1
198 1
133 1
144 1
199 1
210 1
221 1
232 1
155 0
123 1
134 1
166 0
188 0
177 0
211 1
222 1
233 1
124 1
135 1
200 0
145 0
156 0
167 0
189 0
178 0
146 0
168 0
157 0
201 0
234 1
125 1
136 1
179 0
223 0
190 0
212 0
147 0
158 0
224 1
235 1
126 1
137 1
148 1
169 0
180 0
191 0
213 0
159 0
202 0
170 0
181 0
203 0
214 1
225 1
236 1
127 1
138 1
149 1
160 1
171 1
182 1
193 1
204 1
192 0
215 1
237 1
128 1
139 1
150 1
161 1
172 1
183 1
194 1
205 1
216 1
227 1
238 1
226 1
129 1
140 1
151 1
162 1
173 1
184 1
206 1
195 1
217 1
228 1
239 1
130 1
141 1
152 1
163 1
174 1
185 1
196 1
207 1
218 1
240 1
142 1
131 1
229 1
175 1
153 1
164 1
186 1
208 1
197 1
219 1
230 1
241 1
