0 1
0 1
0 1
0 1
32706 1
0 1
0 1
0 1
0 1
0 1
1065353216 1
0 1
0 1
1065353216 1
0 1
1051747574 1
1065353216 1
0 1
0 1
1065353216 1
1065353216 1
0 1
1065353216 0
0 0
1065353216 0
1065353216 0
0 0
1065353216 0
0 1
1041797256 1
1 0
0 1
1065353216 1
1065353216 1
1065353216 1
1065353216 0
32706 0
1065353216 0
32706 0
-65 0
0 0
1065353216 0
1065353216 0
1065353216 1
1057478083 1
0 1
32706 0
32706 0
1065353216 0
9 0
1952539756 0
0 0
-42 0
1062743276 1
0 1
1065353216 1
-84 1
1015320546 1
0 0
32706 0
1064664308 0
1065353216 1
0 0
0 1
32706 1
1014263780 1
-268435456 1
0 1
-16 1
32706 1
7 1
32706 1
-4 1
-37 1
1054945864 1
-81 1
1065353216 1
1059712834 1
-70 1
-59 1
1065353216 1
-15 1
32706 1
8 1
1065353216 1
0 1
1003585236 1
-91 1
1065353216 1
0 1
-69 1
1065353216 1
32706 1
-102 1
-36 1
-57 1
32706 1
1065353216 1
-14 1
1065353216 1
-82 1
-68 1
1019741082 1
1006395403 1
-23 1
1065353216 1
1065353216 1
32706 1
1065353216 1
0 1
1065353216 1
-12 1
-34 1
1879050236 1
1053762318 1
-11 1
6 1
0 1
-268435456 1
1065353216 1
32706 1
