15075 0.786917
12462 1.92905
10050 0.149971
0 0.0462495
7437 0.0929324
17487 4.54397
2412 0.114457
5025 0.0975409
15276 0.808527
201 0.0492055
10251 0.166364
7638 0.0980334
17688 4.72002
12663 1.81995
2613 0.106682
5226 0.0927934
15477 0.878059
402 0.0535574
10452 0.195976
7839 0.103645
17889 4.656
12864 1.66267
2814 0.097289
5427 0.0874492
15678 0.977548
603 0.0604186
10653 0.264838
8040 0.109594
18090 4.24815
13065 1.47728
5628 0.0817727
3015 0.0894661
15879 1.11256
804 0.0696861
10854 0.363365
8241 0.116277
18291 3.88172
13266 1.24756
3216 0.0864842
5829 0.0771143
16080 1.31038
1005 0.079793
11055 0.495961
8442 0.123725
18492 3.56884
13467 1.05547
6030 0.0744177
3417 0.0861087
16281 1.56962
1206 0.0903717
11256 0.666238
8643 0.128462
18693 3.2322
13668 0.921756
6231 0.0752162
3618 0.0891251
16482 1.98404
11457 0.90195
1407 0.10271
8844 0.132031
18894 2.95916
13869 0.837911
6432 0.0782539
3819 0.0923448
16683 2.45556
11658 1.17879
1608 0.112854
9045 0.13408
14070 0.781469
6633 0.0820284
19095 2.78153
4020 0.0961711
16884 2.92534
11859 1.50767
1809 0.117273
9246 0.13435
14271 0.761265
19296 2.73268
6834 0.0852524
4221 0.0989681
17085 3.49547
12060 1.85076
9447 0.133948
2010 0.119475
14472 0.761987
19497 2.78127
7035 0.0864374
17286 4.07165
4422 0.101437
12261 1.94543
9648 0.13878
2211 0.119382
14673 0.77146
19698 2.98099
10051 0.15785
4623 0.102272
15076 0.769936
9849 0.144542
7236 0.0890183
1 0.0588273
14874 0.776812
19899 3.20686
10252 0.180827
4824 0.100958
15277 0.809991
7438 0.0984871
5026 0.105709
12463 2.24844
202 0.0626917
17488 4.57017
10453 0.219177
2413 0.104933
15478 0.882062
7639 0.104417
5227 0.099434
12664 1.92751
403 0.0672154
17689 4.82986
10654 0.327912
2614 0.101616
15679 0.98541
7840 0.110961
12865 1.62426
5428 0.0933835
604 0.0733406
17890 4.86843
15880 1.12559
2815 0.0976084
10855 0.500251
8041 0.116953
13066 1.3494
5629 0.0872885
805 0.0806651
18091 4.41456
16081 1.32382
3016 0.0939002
8242 0.122786
11056 0.731789
5830 0.0825297
1006 0.0877637
13267 1.11804
16282 1.59033
18292 3.97096
3217 0.0936101
8443 0.128849
6031 0.080577
11257 1.02584
1207 0.094671
13468 0.941443
16483 1.98856
18493 3.56751
3418 0.0949747
8644 0.131891
6232 0.0818005
11458 1.37906
13669 0.844296
1408 0.100724
16684 2.45002
18694 3.16432
3619 0.0994062
8845 0.133273
13870 0.785783
11659 1.79718
6433 0.0855467
3820 0.103891
18895 2.85461
16885 3.01398
1609 0.105239
9046 0.133591
11860 2.20011
14071 0.746401
6634 0.0891893
4021 0.108186
1810 0.106644
19096 2.67794
17086 3.62512
9247 0.132344
12061 2.48989
14272 0.735786
6835 0.0922127
4222 0.11242
2011 0.106868
19297 2.65622
17287 4.18598
9448 0.130216
12262 2.4526
14473 0.730425
4423 0.11543
7036 0.0927311
19498 2.72197
9649 0.136016
10052 0.174993
15077 0.765552
2212 0.106911
14674 0.73111
7237 0.0948398
4624 0.115055
19699 2.89529
15278 0.814455
9850 0.145566
10253 0.210095
2 0.0824696
14875 0.745654
5027 0.109896
19900 3.12528
4825 0.112234
7439 0.105682
15479 0.89
12464 2.52392
203 0.0866292
10454 0.271247
17489 5.10502
2414 0.096853
5228 0.105068
7640 0.111931
15680 1.00018
404 0.0899206
10655 0.430143
12665 2.08753
17690 5.25736
2615 0.0977959
5429 0.101862
7841 0.118938
15881 1.19099
605 0.0941094
10856 0.671771
12866 1.68866
17891 5.16474
2816 0.098176
5630 0.0976101
16082 1.43426
8042 0.123551
806 0.0951784
11057 1.01568
13067 1.33524
18092 4.78208
5831 0.0937224
3017 0.0981634
8243 0.127318
1007 0.0961606
16283 1.74752
11258 1.42578
13268 1.07828
18293 4.39968
6032 0.0933025
3218 0.0994729
8444 0.13048
1208 0.0969423
16484 2.12635
11459 1.90234
13469 0.892381
18494 4.03943
6233 0.0939176
3419 0.101533
1409 0.0971054
8645 0.131393
11660 2.42861
16685 2.63241
13670 0.797946
18695 3.65077
6434 0.0950063
3620 0.105283
8846 0.131113
1610 0.096495
11861 2.8815
16886 3.33392
13871 0.731098
18896 3.30793
6635 0.095183
3821 0.10907
9047 0.130153
1811 0.0955487
12062 3.13548
17087 4.03508
14072 0.682176
19097 3.0093
6836 0.0951976
4022 0.112499
12263 2.92366
9248 0.128796
2012 0.0947238
14273 0.680186
17288 4.70669
19298 2.86146
7037 0.0979014
4223 0.115596
10053 0.21235
9449 0.12684
2213 0.0956736
14474 0.688088
19499 2.82119
7238 0.101612
15078 0.766161
4424 0.118289
10254 0.282255
9650 0.135381
3 0.105939
14675 0.700877
5028 0.111875
4625 0.117807
19700 2.9383
15279 0.823347
10455 0.393853
9851 0.150797
204 0.105553
14876 0.728443
5229 0.109247
4826 0.11559
19901 3.15325
15480 0.90663
7440 0.111205
10656 0.592124
405 0.105678
12465 2.73158
5430 0.108622
15681 1.03108
17490 5.87256
2415 0.0955669
7641 0.115113
10857 0.884071
606 0.105788
12666 2.25203
5631 0.106995
15882 1.26131
17691 5.90631
7842 0.118217
2616 0.0979677
807 0.102658
11058 1.29875
12867 1.80055
5832 0.10476
16083 1.57281
17892 5.6903
2817 0.100184
8043 0.120532
1008 0.0993059
6033 0.103975
13068 1.40337
11259 1.79312
16284 1.97615
18093 5.35669
8244 0.122361
3018 0.101891
1209 0.096926
6234 0.10375
13269 1.08704
16485 2.38754
11460 2.33947
18294 4.97642
8445 0.122856
3219 0.103653
1410 0.094802
6435 0.10369
16686 2.95338
11661 2.93051
18495 4.57794
13470 0.867584
8646 0.121487
3420 0.105425
1611 0.0929665
6636 0.102515
16887 3.81394
18696 4.13418
11862 3.44158
13671 0.761569
8847 0.119107
3621 0.107694
1812 0.0920696
6837 0.100602
17088 4.66779
18897 3.70206
12063 3.65943
13872 0.679391
9048 0.118808
3822 0.109672
2013 0.0918681
7038 0.103128
17289 5.4035
19098 3.31477
12264 3.32448
9249 0.120679
14073 0.612027
4023 0.1114
2214 0.0934025
7239 0.107262
15079 0.76757
19299 3.05931
10054 0.254925
9450 0.125648
4224 0.113273
14274 0.619867
4 0.12759
5029 0.11133
15280 0.837641
19500 2.93144
9651 0.142014
10255 0.349034
4425 0.115274
14475 0.642013
205 0.119329
19701 3.01432
15481 0.943996
5230 0.110507
9852 0.169346
10456 0.503313
4626 0.115746
14676 0.673961
406 0.11435
19902 3.23574
5431 0.111595
15682 1.09968
7441 0.114769
10657 0.750533
4827 0.115268
607 0.111577
14877 0.716511
17491 6.87738
5632 0.112243
15883 1.35243
10858 1.08343
7642 0.116058
2416 0.0959329
808 0.106418
12466 2.74496
17692 6.9635
5833 0.112051
16084 1.74138
11059 1.54721
7843 0.114008
2617 0.0984409
1009 0.100831
12667 2.08201
17893 6.78624
6034 0.110054
16285 2.29877
8044 0.113651
2818 0.100544
11260 2.11282
1210 0.0969489
12868 1.60228
18094 6.34838
6235 0.107824
16486 2.89699
8245 0.113915
3019 0.101735
11461 2.73513
1411 0.0938158
13069 1.29631
18295 5.73981
6436 0.109567
16687 3.61034
8446 0.113653
3220 0.102353
11662 3.30199
13270 0.981024
1612 0.0920173
6637 0.110054
18496 4.98933
8647 0.111796
16888 4.62651
3421 0.102586
11863 3.73183
13471 0.731184
1813 0.0912587
18697 4.2731
6838 0.10797
8848 0.10917
17089 5.54014
3622 0.102513
12064 3.83503
13672 0.650463
2014 0.0918103
18898 3.70471
7039 0.108944
9049 0.111081
17290 6.34275
3823 0.102911
12265 3.43783
13873 0.601354
2215 0.0935947
19099 3.3282
7240 0.111382
15080 0.770106
9250 0.116312
10055 0.298395
14074 0.573041
4024 0.103722
5 0.13313
19300 3.10483
5030 0.109423
15281 0.858694
9451 0.129216
10256 0.411134
4225 0.104795
14275 0.596736
206 0.121537
19501 3.00741
5231 0.110342
9652 0.153897
15482 0.998707
10457 0.596496
407 0.113973
14476 0.630721
4426 0.10676
5432 0.112365
19702 3.11691
9853 0.191337
15683 1.19823
10658 0.877216
608 0.109848
14677 0.663245
5633 0.114019
4627 0.109081
15884 1.5029
19903 3.36023
7442 0.10725
10859 1.26516
809 0.105965
14878 0.710937
5834 0.114553
4828 0.111693
16085 1.97388
17492 8.27646
7643 0.10671
11060 1.77935
1010 0.102138
12467 2.60563
6035 0.112249
2417 0.0990966
16286 2.67846
17693 8.3077
7844 0.105004
1211 0.0997629
11261 2.38257
12668 1.82661
6236 0.108649
2618 0.0998261
16487 3.44542
8045 0.104257
17894 7.9718
1412 0.0979594
11462 3.03923
12869 1.29095
6437 0.108119
2819 0.100053
16688 4.37751
8246 0.104672
18095 7.26716
11663 3.49625
1613 0.0968656
13070 1.12108
6638 0.107334
3020 0.0992471
16889 5.50009
8447 0.105143
18296 6.32427
1814 0.0964155
13271 0.838948
11864 3.75791
6839 0.105728
3221 0.0980196
17090 6.60732
8648 0.106748
18497 5.24663
2015 0.0967659
13472 0.601883
7040 0.105615
12065 3.70497
17291 7.58856
8849 0.110639
3422 0.0965074
18698 4.3365
2216 0.0978106
13673 0.554395
7241 0.106429
12266 3.30184
15081 0.768147
9050 0.117047
18899 3.68188
3623 0.0952911
6 0.124488
13874 0.539709
5031 0.106058
10056 0.345729
15282 0.885316
9251 0.126268
19100 3.32028
207 0.116339
14075 0.544229
5232 0.108477
3824 0.0944623
10257 0.472764
9452 0.144554
15483 1.07023
19301 3.13072
408 0.109922
14276 0.578557
5433 0.110695
4025 0.0949863
10458 0.669179
9653 0.173788
19502 3.07428
15684 1.33548
609 0.106399
14477 0.617967
5634 0.112257
4226 0.0963535
10659 0.976222
19703 3.22476
15885 1.75223
9854 0.221898
810 0.103902
14678 0.652486
5835 0.111991
4427 0.0988356
10860 1.42351
19904 3.53491
16086 2.32119
7443 0.098854
1011 0.102892
14879 0.702626
6036 0.110109
4628 0.102279
11061 1.92766
17493 10.0483
16287 3.11188
7644 0.0978528
12468 2.07225
1212 0.102234
6237 0.106953
4829 0.107197
11262 2.42055
16488 4.08677
17694 9.98868
7845 0.0976257
6438 0.103422
1413 0.102042
12669 1.43108
2418 0.102921
11463 2.75963
16689 5.21579
17895 9.22579
8046 0.0983624
6639 0.100102
1614 0.10176
11664 2.90632
12870 0.954891
2619 0.102572
16890 6.44428
8247 0.100208
18096 8.01405
6840 0.0994371
1815 0.101763
11865 2.9035
2820 0.101373
13071 0.817882
8448 0.103416
17091 7.83169
18297 6.66149
2016 0.102303
7041 0.0993711
3021 0.0995332
13272 0.671683
12066 2.77577
8649 0.108702
18498 5.3224
17292 9.12805
2217 0.10279
7242 0.0996657
3222 0.0973918
13473 0.546648
12267 2.51275
18699 4.33436
8850 0.119018
15082 0.834919
7 0.118717
5032 0.0993448
3423 0.0949801
13674 0.523764
10057 0.38819
18900 3.65343
15283 0.997887
3624 0.0930311
9051 0.129789
208 0.114658
5233 0.103232
13875 0.52421
10258 0.523247
19101 3.30531
15484 1.23726
3825 0.0919674
9252 0.143305
14076 0.539
5434 0.104499
409 0.111176
10459 0.718751
19302 3.15359
15685 1.55619
4026 0.0922767
9453 0.164282
610 0.108369
14277 0.564415
5635 0.103863
10660 1.01267
19503 3.14647
15886 2.03926
4227 0.0934749
9654 0.198651
811 0.106059
14478 0.594562
5836 0.103118
16087 2.69168
10861 1.49121
4428 0.0958027
19704 3.35653
9855 0.256404
1012 0.105059
14679 0.633044
6037 0.101718
16288 3.56904
11062 1.91839
4629 0.098821
19905 3.74148
7444 0.09617
1213 0.104694
14880 0.688865
16489 4.71011
6238 0.0995063
11263 2.24277
4830 0.102933
17494 10.2807
7645 0.0962943
1414 0.105045
16690 6.08158
12469 1.41728
6439 0.0969319
11464 2.24301
2419 0.107601
17695 9.93362
7846 0.0982247
1615 0.105751
12670 1.0391
16891 7.59083
6640 0.0948392
11665 2.15615
2620 0.106027
17896 9.11164
8047 0.1014
1816 0.106603
12871 0.70507
17092 8.86916
6841 0.0943145
11866 1.98504
2821 0.103687
18097 7.92193
8248 0.106165
2017 0.107687
13072 0.606035
7042 0.0945553
17293 9.90561
12067 1.82075
3022 0.101071
18298 6.59922
2218 0.108477
8449 0.11343
13273 0.546932
7243 0.0957541
15083 0.942679
12268 1.61704
3223 0.0984636
18499 5.21801
8 0.114251
8650 0.122941
13474 0.506081
15284 1.16755
5033 0.0904666
3424 0.0956068
10058 0.400282
18700 4.30371
209 0.113764
8851 0.136638
13675 0.497006
15485 1.45681
5234 0.0952358
3625 0.0932974
18901 3.66069
10259 0.510687
410 0.112862
9052 0.152229
13876 0.504574
15686 1.82756
5435 0.0964186
3826 0.091868
19102 3.32906
10460 0.659657
611 0.110618
9253 0.169884
14077 0.529761
15887 2.38133
5636 0.093873
4027 0.0914478
19303 3.25711
10661 0.868426
9454 0.19185
812 0.107949
14278 0.555921
16088 3.08351
5837 0.0928642
4228 0.0920674
19504 3.35681
10862 1.15896
9655 0.226385
14479 0.588931
1013 0.106545
16289 4.0026
6038 0.0922795
4429 0.0933407
19705 3.67156
11063 1.37421
9856 0.291223
14680 0.643182
1214 0.105821
6239 0.0911372
16490 5.23456
4630 0.0949349
19906 4.11695
7445 0.0952855
14881 0.724582
1415 0.106276
6440 0.0904109
11264 1.47976
16691 6.77203
4831 0.097088
17495 10.0124
7646 0.0972575
12470 0.752306
1616 0.107012
6641 0.090094
11465 1.41048
2420 0.108232
16892 8.49636
17696 9.47505
7847 0.101696
12671 0.644896
1817 0.108119
6842 0.0901611
11666 1.28004
17093 9.62762
2621 0.106929
17897 8.64252
8048 0.107522
2018 0.108847
12872 0.560961
7043 0.0908673
11867 1.13166
17294 10.1721
2822 0.104933
8249 0.115542
18098 7.65293
2219 0.109158
13073 0.51141
7244 0.0931436
12068 0.979051
15084 1.10464
3023 0.102844
18299 6.49157
9 0.11777
8450 0.126351
5034 0.0863723
13274 0.485207
12269 0.851689
15285 1.36314
3224 0.100847
18500 5.15735
210 0.116372
8651 0.139842
5235 0.0898081
10059 0.401992
13475 0.476998
15486 1.69724
3425 0.0994533
18701 4.31159
411 0.113756
8852 0.156168
5436 0.091279
10260 0.47966
13676 0.473721
15687 2.12317
3626 0.0985666
18902 3.74884
612 0.11055
9053 0.17513
5637 0.08919
10461 0.583254
13877 0.483135
15888 2.68707
3827 0.0961988
813 0.107293
19103 3.47666
9254 0.196678
5838 0.0887322
10662 0.705193
16089 3.38832
4028 0.0938771
14078 0.516729
1014 0.105695
19304 3.46867
9455 0.223615
6039 0.0889787
10863 0.832777
16290 4.27237
4229 0.0923806
14279 0.553222
1215 0.10491
19505 3.63407
9656 0.260835
11064 0.910863
6240 0.0878531
16491 5.42635
4430 0.0911458
14480 0.601189
1416 0.105102
19706 3.97758
11265 0.926573
9857 0.318992
6441 0.0869672
16692 6.73879
4631 0.0900803
1617 0.105584
14681 0.679904
19907 4.38902
7446 0.0969175
11466 0.853195
6642 0.0867247
16893 8.04643
4832 0.0896242
1818 0.106635
14882 0.793984
17496 9.63248
7647 0.101116
6843 0.0876911
11667 0.777484
17094 8.92408
2421 0.107007
2019 0.107191
7848 0.108509
17697 9.33943
12471 0.51124
7044 0.0896352
2622 0.10662
11868 0.708787
17295 9.4219
2220 0.107282
8049 0.117436
17898 8.59718
12672 0.491722
7245 0.093034
2823 0.105908
12069 0.627159
15085 1.30711
10 0.122314
8250 0.127942
18099 7.71977
12873 0.483399
5035 0.0852018
3024 0.105168
15286 1.60926
12270 0.554133
211 0.118687
8451 0.141498
18300 6.59899
13074 0.464522
5236 0.0867051
3225 0.103999
15487 2.00828
10060 0.389195
412 0.113716
8652 0.15725
18501 5.20919
5437 0.0877217
10261 0.432452
15688 2.4666
3426 0.103616
13275 0.456093
613 0.109147
8853 0.177063
10462 0.47945
18702 4.42358
5638 0.0867418
3627 0.103496
814 0.104935
13476 0.461547
9054 0.198835
15889 3.00467
10663 0.52628
18903 4.00549
5839 0.0864636
3828 0.0999877
1015 0.102355
13677 0.471561
16090 3.64058
9255 0.22324
10864 0.561053
6040 0.0865655
19104 4.00093
4029 0.0957167
1216 0.100801
13878 0.490783
16291 4.45863
9456 0.256185
11065 0.584887
6241 0.0854493
4230 0.0924011
19305 4.00388
1417 0.100426
14079 0.529844
16492 5.43192
9657 0.295758
11266 0.575527
6442 0.0844728
4431 0.0896801
19506 4.01965
14280 0.580766
1618 0.100615
9858 0.343418
6643 0.084586
16693 6.48592
11467 0.558087
4632 0.0876748
19707 4.06887
14481 0.650998
1819 0.102014
7447 0.101942
6844 0.0863918
16894 7.48935
4833 0.0864611
11668 0.549528
19908 4.2469
2020 0.103561
14682 0.772109
7648 0.109566
7045 0.089713
17095 8.23161
2422 0.105914
17497 9.22606
11869 0.546523
2221 0.105001
14883 0.916949
7849 0.120516
2623 0.106385
17296 8.79391
17698 9.13517
7246 0.0952027
12070 0.530797
11 0.120491
8050 0.132256
12472 0.481876
2824 0.108145
15086 1.59951
17899 8.4219
212 0.115495
12271 0.509659
5036 0.0878361
8251 0.145709
12673 0.45958
3025 0.11002
15287 1.97522
18100 7.602
413 0.110037
5237 0.0882128
10061 0.365161
8452 0.160454
3226 0.109697
15488 2.4049
12874 0.443535
614 0.104811
18301 6.57135
5438 0.0887148
10262 0.385059
8653 0.175503
3427 0.108826
15689 2.86971
13075 0.440831
815 0.100123
18502 5.35294
5639 0.087833
10463 0.406623
8854 0.19416
3628 0.10713
15890 3.33331
13276 0.444673
10664 0.422814
1016 0.096421
18703 4.67148
9055 0.216025
5840 0.0864408
3829 0.102262
13477 0.455066
16091 3.86923
10865 0.431753
1217 0.0942911
9256 0.242865
18904 4.31501
4030 0.0962887
6041 0.0842324
16292 4.45831
13678 0.479374
11066 0.437988
1418 0.0935302
9457 0.274719
19105 4.27705
4231 0.0918546
6242 0.0830344
16493 5.17344
13879 0.513517
11267 0.446166
1619 0.094067
9658 0.312022
19306 4.15808
4432 0.0884456
6443 0.0826489
16694 6.0284
14080 0.558601
1820 0.0961891
9859 0.350362
11468 0.457383
19507 3.98845
4633 0.0867543
6644 0.0837504
16895 7.0084
14281 0.628418
2021 0.0993474
11669 0.47109
19708 3.85367
4834 0.0857061
6845 0.0863725
7448 0.109533
17096 7.83303
14482 0.729405
2423 0.105741
17297 8.4474
11870 0.483487
2222 0.102858
7046 0.0910817
19909 3.88951
7649 0.120988
14683 0.886854
2624 0.106811
20100 3.46012
22713 33.4042
7247 0.0991293
7850 0.134248
12071 0.483272
14884 1.07921
17498 8.79753
2825 0.110007
20301 3.79495
25125 106.192
8051 0.149271
12272 0.473481
22914 40.001
17699 8.68718
12473 0.455732
3026 0.114065
20502 4.19714
8252 0.16438
25326 117.198
23115 46.3786
27738 39.6082
12674 0.442156
17900 8.03317
3227 0.114148
20703 4.67118
8453 0.178972
25527 127.533
27939 29.6161
23316 52.3058
12875 0.435529
18101 7.17818
3428 0.112776
20904 5.40161
8654 0.191823
25728 138.232
23517 57.4599
28140 22.7839
18302 6.33977
13076 0.439933
3629 0.109906
21105 6.31218
25929 147.228
8855 0.209568
28341 20.4727
23718 60.3344
13277 0.450045
18503 5.55715
3830 0.105167
21306 7.48709
26130 154.08
9056 0.230129
28542 20.4614
18704 5.05142
13478 0.465586
21507 8.8004
23919 62.3599
4031 0.0987265
26331 156.225
9257 0.256022
28743 21.907
18905 4.63271
13679 0.501657
21708 10.4612
24120 66.4146
26532 150.756
4232 0.0942475
9458 0.284746
28944 24.0076
13880 0.554766
19106 4.18435
21909 12.8915
26733 133.736
9659 0.317266
4433 0.0907339
24321 71.7183
29145 26.4721
19307 3.82745
14081 0.618133
22110 16.5635
26934 109.999
9860 0.343522
4634 0.0893466
29346 29.4045
19508 3.53915
24522 78.0065
14282 0.713136
22311 21.4271
27135 86.6172
30150 39.1282
4835 0.0883764
29547 32.6531
24723 84.9277
14483 0.844773
27336 68.3689
19709 3.32723
30351 39.9461
22512 27.3395
29748 35.7131
32763 40.442
24924 93.6574
14684 1.04572
27537 52.8067
19910 3.35253
30552 41.2416
20101 3.40666
32964 38.1573
29949 37.794
22714 32.5763
14885 1.29397
25126 105.547
35175 24.5808
30753 42.5001
20302 3.78113
27739 29.807
33165 36.6575
22915 37.693
37788 30.6573
25327 115.705
35376 20.6495
20503 4.23203
30954 43.409
27940 23.688
33366 35.9624
37989 38.8599
23116 43.9041
25528 125.533
35577 16.3754
20704 4.77065
31155 44.4178
28141 19.1921
38190 45.9777
33567 35.5055
23317 50.3979
35778 12.553
25729 135.588
20905 5.45904
31356 45.1509
28342 16.727
38391 53.905
23518 57.2469
25930 143.409
35979 10.8813
33768 35.2656
21106 6.29626
31557 46.5582
26131 148.966
38592 63.1294
28543 16.3636
23719 59.9911
33969 35.2323
36180 10.0503
21307 7.27429
31758 47.6333
26332 146.879
38793 73.4045
23920 61.4728
28744 17.2571
36381 10.2279
34170 35.569
21508 8.51226
31959 47.8617
26533 137.075
38994 83.8373
28945 19.3298
24121 65.5239
36582 10.9198
21709 10.1434
34371 36.1889
32160 46.7236
26734 114.915
39195 91.5474
29146 21.7954
36783 12.216
24322 70.9427
21910 12.6636
32361 44.6304
34572 34.4273
39396 98.6186
26935 93.3916
29347 24.7988
36984 13.5994
24523 77.4883
22111 16.59
32562 42.6145
39597 104.166
34773 31.7021
29548 28.0722
27136 73.1231
37185 15.3127
24724 84.1562
22312 21.6307
30151 36.5022
34974 28.2611
39798 109.202
29749 31.2965
27337 54.194
24925 92.8904
37386 18.1015
22513 27.0383
30352 38.5916
39999 113.867
32764 37.4176
27538 40.0167
29950 34.0461
20102 3.46585
22715 31.1195
37587 22.3087
30553 41.1539
32965 36.6745
40200 117.856
25127 99.1066
35176 23.2795
20303 3.8676
27740 24.4081
30754 43.4809
22916 37.3804
33166 36.3305
37789 30.1956
25328 109.306
35377 20.1049
27941 20.007
20504 4.36946
23117 45.0174
30955 45.1229
33367 36.1581
37990 37.4118
25529 119.167
35578 15.7335
28142 16.747
23318 51.9415
20705 4.97644
33568 35.9515
31156 46.4135
38191 43.6287
35779 11.9419
25730 129.993
28343 14.1587
20906 5.77592
33769 35.8543
23519 56.7877
31357 47.5049
38392 51.7507
35980 10.5898
25931 136.481
28544 13.5619
21107 6.74781
23720 59.696
33970 36.1399
31558 48.1797
38593 61.2332
36181 9.86121
26132 139.122
28745 14.096
21308 7.84735
34171 36.5991
23921 62.0443
38794 71.8347
36382 9.78789
31759 48.2155
26333 135.714
28946 15.9122
21509 9.18559
34372 36.5576
24122 65.3219
38995 81.5428
31960 47.157
29147 18.202
21710 10.9381
26534 123.932
36583 10.6236
34573 33.3596
24323 69.2906
39196 87.2817
32161 44.8006
29348 20.7286
21911 13.5208
26735 104.764
36784 12.0061
34774 29.8116
24524 73.916
39397 92.4513
32362 41.7559
29549 23.6807
22112 17.041
36985 13.0522
24725 79.1738
26936 85.7309
39598 96.4844
34975 26.5109
32563 38.9917
29750 26.6698
22313 21.5803
37186 14.4027
24926 87.0863
39799 100.553
27137 66.3058
32765 29.7948
30152 32.7783
29951 30.0124
22514 25.991
37387 17.327
22716 30.189
40000 104.75
27338 46.1857
32966 30.4238
27741 22.2792
30353 35.6531
20103 3.56387
22917 37.3695
37588 22.0609
40201 108.33
27539 32.8768
33167 31.4672
27942 18.0938
30554 39.164
20304 4.00114
23118 45.6367
35177 20.726
37790 28.7641
25128 90.4646
28143 15.0979
33368 32.1657
30755 42.1824
20505 4.58292
23319 52.5073
35378 17.633
37991 35.1144
25329 100.67
28344 12.694
33569 32.0088
30956 44.3422
20706 5.30871
23520 55.7944
38192 41.4143
25530 111.478
35579 14.0315
28545 12.2652
33770 31.6697
31157 45.7091
20907 6.21467
23721 59.0783
38393 49.3641
25731 122.74
28746 12.7113
35780 11.1255
31358 46.6461
33971 31.3178
21108 7.28413
23922 62.3537
38594 58.5427
28947 14.0324
25932 127.492
31559 46.4966
35981 10.0944
34172 31.5149
38795 69.7456
24123 64.7756
21309 8.55501
26133 127.588
29148 15.6414
31760 45.2544
36182 9.54198
38996 78.167
34373 31.43
24324 66.9112
21510 10.0341
29349 17.4677
31961 43.2471
26334 123.173
36383 9.4038
24525 69.3142
21711 11.8739
34574 29.0711
29550 19.583
39197 83.4807
26535 113.812
32162 40.4334
36584 10.2342
24726 73.2791
21912 14.2829
39398 87.6097
34775 26.4361
26736 100.315
32363 36.8744
29751 21.7834
36785 11.4671
24927 80.0147
22113 17.3505
39599 90.7219
34976 23.8091
32564 32.0805
26937 82.0282
29952 24.3276
36986 12.3435
22314 21.1254
22717 30.5148
39800 93.5453
32766 23.3717
30153 26.8126
27138 62.289
27742 20.9366
37187 13.7517
22515 25.0107
22918 36.4166
40001 96.0264
32967 23.9143
30354 29.1867
27339 42.2395
27943 16.6106
20104 3.70382
37388 16.6295
23119 43.4718
40202 98.0448
33168 25.1468
30555 32.1155
27540 30.0401
28144 13.4644
20305 4.2599
37589 21.6268
33369 26.2885
23320 49.6949
30756 35.0112
37791 26.278
28345 11.3284
25129 83.0734
20506 4.90449
35178 17.4901
23521 53.6557
37992 31.7127
33570 26.4786
30957 37.406
25330 92.2467
28546 11.0361
20707 5.75049
35379 14.582
23722 57.5084
38193 37.9782
33771 25.9846
31158 36.9263
25531 101.79
28747 11.39
35580 12.087
20908 6.79503
23923 60.6517
38394 45.8484
33972 25.1915
25732 111.94
31359 36.708
28948 12.4361
35781 10.2701
21109 7.96926
24124 61.9569
38595 53.5955
31560 38.0606
34173 25.5311
35982 9.49903
25933 116.099
29149 13.585
24325 63.8814
21310 9.25776
38796 61.9096
31761 36.8294
34374 25.3524
29350 14.8502
24526 66.2524
36183 9.13503
21511 10.8375
38997 68.1505
26134 117.22
34575 24.2505
31962 34.1046
29551 16.2532
24727 69.8749
36384 9.07481
21712 12.5284
34776 22.3882
26335 115.398
32163 31.6866
29752 17.7191
39198 73.696
24928 75.2762
36585 9.64742
21913 14.4519
34977 20.3418
26536 106.143
32364 28.8585
39399 78.2619
22718 30.1764
36786 10.556
29953 19.4587
22114 16.9965
32767 17.712
26737 91.4402
32565 25.0218
39600 82.1577
22919 35.442
36987 11.8221
22315 20.3714
27743 19.832
32968 17.4679
26938 71.2943
30154 21.0479
39801 84.3962
23120 41.2836
37188 13.82
22516 25.1276
27944 14.8572
33169 18.171
27139 53.6542
30355 22.7604
23321 47.0587
37389 16.8194
20105 3.96307
33370 18.9531
28145 11.8923
40002 86.4965
27340 37.8558
30556 24.6914
23522 51.9878
37590 20.9582
20306 4.60668
40203 87.6516
28346 10.0518
33571 19.6773
27541 27.9103
30757 27.0299
35179 12.8237
23723 55.7294
20507 5.37236
37792 24.3382
28547 9.77061
33772 19.2072
25130 75.2777
30958 28.8287
35380 11.1156
23924 58.3601
20708 6.24838
28748 10.1261
37993 29.7186
33973 18.5258
25331 83.7592
31159 27.0838
24125 58.9981
20909 7.43394
35581 9.87799
25532 92.8919
34174 18.6284
38194 35.6164
28949 11.0275
31360 26.6986
24326 60.4348
35782 9.04685
21110 8.66829
25733 101.829
38395 42.6803
29150 11.8812
34375 18.7132
31561 29.0405
24527 62.7328
35983 8.60224
21311 9.87028
25934 105.817
38596 48.603
34576 17.9826
29351 12.7609
31762 27.5463
36184 8.47518
24728 66.0047
21512 11.5694
26135 107.667
38797 53.3205
34777 16.4744
29552 13.6879
36385 8.59037
31963 24.2497
24929 70.291
21713 13.3265
26336 107.121
38998 57.9033
29753 14.4834
34978 14.7011
36586 9.10557
32164 22.5245
22719 29.4166
21914 14.864
26537 97.4716
39199 62.9084
29954 15.2697
32768 13.4303
36787 10.034
22920 34.4058
32365 20.8282
26738 80.9008
22115 17.0816
39400 68.2809
27744 17.9805
32969 13.2807
36988 11.5394
32566 18.7669
26939 60.6603
23121 39.6998
22316 20.2503
39601 72.5361
27945 13.0636
33170 13.9046
37189 13.8178
30155 15.9837
27140 45.0581
23322 45.1673
39802 74.8778
22517 25.0853
28146 10.2249
33371 14.5972
37390 16.7889
30356 16.7572
27341 33.7289
23523 50.4905
40003 76.4074
20106 4.30652
28347 8.54569
33572 15.1567
30557 17.3253
37591 20.2688
27542 26.0439
23724 53.64
40204 77.6569
28548 8.15871
20307 5.03256
33773 14.9244
30758 18.2095
35180 9.45948
25131 68.3701
37793 24.804
23925 55.5532
20508 5.86783
33974 14.4541
30959 19.3548
35381 8.6672
28749 8.31402
25332 75.9836
37994 30.8189
24126 55.933
20709 6.76846
34175 14.3624
28950 8.79628
31160 19.3688
35582 8.18712
25533 84.9575
38195 36.5203
24327 56.8188
20910 8.04012
34376 14.1315
29151 9.38501
31361 19.5101
38396 42.0258
25734 94.448
24528 58.1917
21111 9.21105
35783 7.90313
34577 13.7203
29352 10.0629
31562 20.4072
38597 46.9609
25935 99.5753
24729 60.5649
21312 10.3014
35984 7.73058
34778 12.2151
29553 10.9151
31763 18.7229
38798 51.4518
26136 100.221
24930 63.9748
36185 7.8045
34979 10.6791
21513 12.108
29754 11.6546
31964 16.3243
38999 55.6457
26337 94.5461
22720 28.7123
32769 10.226
36386 8.06952
32165 15.314
21714 14.0636
29955 12.3882
26538 82.0626
39200 59.4911
22921 33.519
32970 10.3971
36587 8.64657
32366 14.5556
27745 15.7911
21915 15.4465
26739 66.7556
23122 38.6025
39401 62.74
33171 11.0651
32567 13.9076
36788 9.73008
27946 11.2099
22116 17.6343
26940 52.5
39602 65.5948
23323 43.5975
33372 11.5707
30156 13.0657
36989 11.3469
28147 8.6905
27141 39.9629
22317 20.5833
39803 67.6889
23524 48.4339
33573 12.0068
30357 13.4131
37190 13.7685
28348 7.20948
22518 24.7834
27342 30.1427
23725 51.026
33774 12.0733
40004 69.1573
30558 13.3768
28549 6.76585
37391 16.7553
27543 23.392
20107 4.64359
23926 52.6113
40205 70.2504
33975 12.0695
30759 13.6315
37592 20.3508
28750 6.67198
25132 65.2424
20308 5.24118
24127 53.032
30960 14.0107
37794 25.2831
28951 6.80179
35181 8.34814
34176 12.0283
25333 72.6075
20509 5.97446
24328 53.6175
31161 14.3862
37995 31.7796
35382 7.81578
29152 7.17601
20710 6.85827
25534 80.9176
24529 54.6305
34377 11.6502
38196 36.8506
31362 14.4528
35583 7.48916
29353 7.70816
20911 7.87791
25735 89.4939
34578 10.9968
24730 56.9016
38397 41.4193
31563 14.0552
35784 7.24465
29554 8.47795
25936 93.293
21112 9.04449
34779 9.97787
24931 60.441
38598 46.0398
31764 12.4495
35985 7.08295
29755 9.49529
26137 92.2268
34980 9.03626
38799 50.5153
21313 10.3285
36186 7.24431
31965 11.0322
29956 10.4359
22721 27.9021
26338 85.1952
39000 54.5707
32770 8.71105
21514 12.0526
36387 7.60147
32166 10.3611
27746 13.3135
22922 32.6627
26539 72.9179
32971 9.12265
39201 57.2571
21715 13.9013
32367 10.1928
36588 8.19558
27947 9.25806
23123 37.6249
26740 59.6484
33172 9.66305
32568 10.2531
21916 15.6621
39402 58.3593
36789 9.5748
28148 7.463
26941 47.7081
23324 41.9977
33373 10.1709
30157 11.2512
22117 17.7312
36990 11.3572
28349 6.43672
39603 59.956
27142 36.8739
23525 45.9738
33574 10.5823
30358 11.735
22318 20.373
37191 13.5866
28550 5.7783
27343 27.7077
23726 48.3915
39804 61.7972
33775 10.7861
22519 24.2639
30559 11.9659
37392 16.4056
28751 5.65554
23927 49.8749
33976 10.8136
40005 63.6105
27544 21.3526
37593 20.2823
28952 5.80703
30760 12.045
20108 4.83815
34177 10.6095
24128 50.4544
40206 65.4443
25133 64.5562
29153 6.33114
35182 7.42409
30961 12.0422
20309 5.27214
24329 50.6532
34378 10.0434
35383 7.13036
29354 6.97229
25334 72.5045
31162 11.8163
37795 25.7179
20510 5.87631
24530 51.5712
34579 9.3541
35584 6.90929
29555 7.79088
25535 80.0359
31363 11.263
20711 6.69989
37996 32.1548
24731 53.9918
34780 8.50871
35785 6.68922
25736 86.2232
29756 8.85095
31564 10.5595
20912 7.48085
24932 58.4799
34981 7.8596
38197 36.5752
35986 6.61085
25937 86.6771
29957 9.88075
31765 9.4364
21113 8.4991
22722 26.6752
32771 7.89108
38398 40.8912
36187 6.79819
31966 8.57373
27747 11.5087
26138 84.4311
21314 9.94458
22923 31.3457
32972 8.42624
38599 45.3235
36388 7.21669
32167 8.15786
27948 7.70792
26339 79.8874
21515 11.4793
23124 35.9606
33173 8.95246
38800 49.37
28149 6.41611
32368 8.13214
36589 7.89383
26540 69.9156
23325 40.3898
21716 13.2636
33374 9.46457
39001 52.6155
