0 1.28188e-07
612 4.24478e-07
765 3.06606e-06
969 6.57321e-07
306 1.74817e-08
459 1.63513e-08
1122 1.44195e-06
153 1.29943e-08
51 4.80938e-08
1020 2.83162e-06
510 7.68451e-09
663 3.71544e-06
1173 2.09661e-06
357 2.97098e-08
816 2.29707e-06
204 1.88547e-08
102 2.147e-08
1071 6.10423e-06
714 5.56573e-06
408 1.53169e-08
561 4.5772e-09
1224 3.90628e-07
867 1.13822e-07
255 1.40991e-08
1 2.46277e-08
970 2.50888e-06
613 6.79261e-07
307 8.13212e-09
460 1.21458e-08
1123 5.61432e-06
918 5.78265e-08
154 4.26366e-09
52 6.49574e-09
1021 6.39297e-06
664 3.31822e-06
358 3.02647e-09
511 2.36002e-08
1174 2.55645e-06
766 6.72754e-06
205 4.36565e-09
103 6.61983e-09
1072 1.08772e-05
715 5.06607e-06
1225 4.84138e-07
409 5.22169e-09
562 1.34314e-07
817 3.53905e-06
256 8.78104e-09
2 4.59733e-09
971 3.84227e-06
1124 3.95007e-06
308 2.12242e-09
461 1.53002e-08
614 6.70805e-07
868 5.19827e-08
155 1.99986e-09
53 3.74433e-09
1022 6.88665e-06
1175 1.77531e-06
359 5.00517e-09
512 1.05834e-07
665 3.10629e-06
919 1.37408e-07
206 8.78641e-09
104 5.29126e-09
1073 2.51976e-06
1226 9.83916e-07
410 2.34423e-09
563 1.58126e-07
716 3.9261e-06
767 6.8217e-07
257 3.1995e-09
1275 1.5465e-06
1428 4.0859e-05
1581 3.77141e-05
1785 1.43518e-05
1938 1.46077e-05
2091 1.18748e-05
818 2.92554e-08
2244 2.26359e-05
1326 5.81131e-06
1632 1.61466e-05
1479 9.68967e-06
1836 2.85741e-05
2142 2.35204e-05
1989 1.85159e-05
869 8.26665e-08
2295 3.14962e-06
1377 2.75373e-05
1683 8.77826e-05
1530 1.68223e-05
1887 3.31727e-05
2193 2.9867e-05
2040 5.04407e-05
2346 2.32859e-05
920 1.77133e-06
1276 2.8387e-06
1734 5.52432e-05
1429 2.87e-05
1786 5.15721e-06
1939 3.89292e-05
2092 3.4055e-05
2245 1.32383e-05
2397 2.3679e-05
1327 9.71293e-06
1480 1.31331e-05
1582 3.56338e-05
1837 1.05612e-05
1990 4.54347e-05
2143 2.14727e-05
2448 3.04748e-05
2296 2.16982e-06
1378 9.26088e-06
1531 1.23807e-05
1888 2.84578e-05
1633 2.70668e-05
2041 5.52678e-05
2194 2.37238e-05
2499 2.7739e-05
2347 1.8395e-05
1277 4.1298e-06
1430 2.86357e-05
1787 3.22936e-06
2246 5.99778e-08
1940 1.12246e-06
1481 7.84865e-06
2550 3.56191e-05
1684 0.000176047
2093 4.27537e-06
1328 6.00547e-06
1838 3.2212e-06
2297 3.79123e-06
1991 1.99508e-06
1532 3.20509e-06
2398 2.6103e-05
1735 6.58328e-05
2144 2.92613e-06
1379 1.46283e-05
1889 1.36337e-06
2348 2.21782e-05
2042 7.67952e-07
3 2.13275e-08
2449 1.62753e-05
1583 1.74184e-05
2195 2.49733e-07
156 6.75508e-09
309 1.21701e-08
462 3.00285e-08
54 1.93399e-09
615 5.58175e-08
2500 1.93644e-05
1634 2.65971e-05
768 1.77389e-08
207 3.71923e-09
360 3.91964e-08
513 2.87344e-08
105 6.56526e-09
666 4.75239e-08
2551 1.87013e-05
1685 0.000115956
819 1.09908e-07
258 1.80336e-09
411 4.01266e-08
564 2.17762e-08
4 1.84256e-08
717 4.60538e-08
2399 1.59445e-05
870 2.30513e-06
1736 5.17572e-05
157 9.24483e-09
55 1.46917e-08
310 4.98328e-08
616 2.6841e-08
2450 2.06081e-05
921 2.6291e-06
463 3.36457e-08
972 7.04628e-07
106 1.95005e-09
208 1.59202e-08
361 5.19637e-08
667 5.28742e-08
2501 1.89103e-05
769 2.36227e-07
514 1.11287e-08
1023 2.68388e-06
5 3.05048e-09
259 8.05737e-09
412 6.77661e-08
718 2.48855e-08
2552 1.0883e-05
820 8.83417e-07
565 5.33566e-09
1074 6.37492e-07
158 4.13179e-09
56 2.7176e-08
311 5.68923e-08
617 3.90105e-08
1125 7.53535e-06
871 2.82464e-06
464 2.29463e-09
107 6.26615e-09
973 6.05184e-07
209 6.03516e-09
668 8.72457e-08
362 8.16545e-08
1176 5.36849e-06
922 7.12559e-07
515 2.03635e-08
1024 1.20631e-06
1278 3.08285e-06
260 2.56227e-08
719 1.38221e-07
413 2.83561e-08
1227 9.49556e-07
770 4.91041e-06
566 6.89532e-08
1075 2.30842e-07
1329 8.42562e-06
1431 7.72014e-06
1584 1.22679e-05
1788 1.03863e-06
1126 1.80366e-06
821 1.72576e-06
1941 9.65101e-06
1380 1.52505e-05
974 6.81035e-07
1482 4.75736e-06
1635 9.06491e-06
1839 6.11612e-06
1177 6.54612e-07
872 9.96806e-07
1992 1.38704e-05
1279 4.66213e-06
1025 1.56593e-06
1533 4.95441e-06
1686 8.05316e-05
1890 1.03867e-05
1228 6.37822e-07
923 5.12245e-07
2043 8.5546e-06
1330 6.82329e-06
1076 5.25764e-07
1432 1.00923e-05
1737 2.11838e-05
2094 1.81146e-06
1942 1.53621e-05
2247 5.75521e-07
1789 3.31161e-06
1127 2.46424e-06
1585 7.26494e-06
2145 1.47139e-06
1381 1.00837e-05
2298 3.16877e-06
1636 1.76478e-05
1483 1.90887e-06
1993 1.77469e-05
2196 1.02018e-06
1687 5.59812e-05
2044 1.48344e-05
2349 7.96413e-06
2095 2.6905e-05
1840 1.20826e-05
1738 1.15341e-05
2248 4.874e-06
2146 2.57933e-05
1943 0.000421603
1586 1.16847e-06
2299 1.30577e-06
2197 3.50601e-05
1994 0.00049247
1637 1.30993e-05
2350 4.50201e-06
2096 0.000162918
2045 0.000382175
1688 4.18381e-05
2249 1.7036e-05
1534 3.52658e-06
2147 6.36007e-05
2400 7.00372e-06
2300 9.7263e-07
2198 6.22782e-05
1739 5.67145e-06
2351 4.41809e-06
2451 1.38573e-06
6 1.16514e-08
159 4.4942e-08
312 2.37684e-07
1891 3.13726e-05
2502 4.33376e-06
57 9.04204e-10
210 5.38468e-08
363 3.04105e-08
2553 9.958e-06
108 1.47034e-08
2401 7.37461e-06
414 2.4381e-08
7 5.0872e-09
261 1.18706e-07
1433 4.25556e-06
58 1.16204e-08
2452 3.44318e-06
313 5.32173e-10
160 5.98467e-08
2503 7.116e-06
364 1.20335e-08
109 6.74369e-09
211 3.60124e-08
2554 1.73292e-05
1790 5.91735e-06
262 6.42117e-08
415 1.41006e-08
8 2.52736e-08
1484 2.00768e-06
2402 6.93813e-06
161 1.93978e-07
314 1.01521e-07
59 3.11585e-08
2453 5.16254e-07
212 7.76662e-08
365 3.39646e-08
2504 8.49881e-07
263 9.26801e-08
110 2.91512e-07
416 1.41178e-08
2555 1.18821e-05
465 2.62574e-08
618 4.69447e-08
771 3.19967e-07
1841 7.96332e-06
975 1.04747e-06
516 9.05488e-09
669 3.06822e-07
822 1.80187e-07
1535 3.87809e-06
567 1.03609e-08
1026 1.4627e-06
873 2.41313e-07
720 3.07012e-06
466 9.26271e-09
924 6.73035e-07
1077 1.0064e-06
619 3.03571e-06
517 8.57586e-09
772 1.87804e-07
976 4.12783e-07
670 4.29006e-06
568 5.52782e-08
823 2.99413e-08
1027 3.29604e-07
721 4.41299e-07
467 1.56425e-07
874 3.93797e-07
1078 5.72456e-07
620 7.26483e-06
518 8.55945e-07
925 2.09155e-07
671 4.72068e-08
1892 7.78765e-05
569 2.24314e-06
773 4.03002e-09
722 2.31585e-08
824 1.78084e-07
1434 3.30301e-06
1178 1.17556e-05
875 3.33578e-07
1587 2.258e-06
1485 5.10544e-07
1536 1.60295e-06
1638 1.61245e-05
1435 8.71005e-07
1486 5.80421e-07
1280 3.93672e-05
1689 1.65794e-05
1537 1.69893e-06
1740 2.57571e-06
926 4.71233e-06
1588 4.11268e-06
1639 6.76896e-06
1690 5.67587e-06
1741 2.98472e-06
977 2.3694e-05
1791 5.19713e-05
1842 0.0036331
1893 0.0185128
1792 0.0100381
1843 0.0969536
1894 0.534588
1331 6.99971e-05
1793 0.271442
1128 1.74836e-05
1844 0.690239
1589 0.000150747
1895 0.973364
1944 0.18327
1995 0.109299
2046 0.154836
1945 1.43247
1996 2.07139
1436 0.000297388
2047 2.262
1946 1.16095
1229 1.42272e-05
1997 0.730918
2048 0.992739
1382 5.79874e-06
2097 0.0171583
2148 0.00164139
2250 6.89381e-05
2199 0.000241701
2098 0.798828
2301 5.88427e-06
2149 0.0708715
2200 0.00244192
2099 2.42119
2150 1.38462
2201 0.049242
2403 6.51674e-07
2454 4.61325e-06
2505 9.00345e-06
2556 4.54345e-06
2404 3.01991e-06
2455 5.43995e-06
2506 9.69117e-06
2557 2.03667e-06
2405 4.1649e-06
2456 5.54069e-06
2507 3.54708e-06
2558 2.01232e-06
9 3.54898e-08
60 7.8124e-08
111 9.06816e-08
10 2.75717e-07
61 3.8323e-08
112 1.4279e-07
11 9.96911e-08
62 1.59399e-07
113 2.56993e-07
162 1.17807e-08
213 5.28312e-08
264 3.43268e-08
163 7.82885e-09
214 9.15328e-09
265 2.95054e-08
164 1.15623e-07
215 1.31561e-07
266 2.18479e-07
315 1.89914e-08
366 9.03817e-08
417 3.48591e-08
316 2.46541e-07
367 1.47979e-07
2352 3.79122e-06
418 4.33852e-06
317 8.6717e-07
368 1.70247e-05
419 4.45966e-05
468 1.00912e-06
519 1.29463e-05
2251 0.000277028
2302 3.58952e-05
2353 2.12254e-06
2252 0.00106677
2303 3.64158e-05
2354 1.19258e-05
1281 3.0545e-06
1640 2.50972e-06
1691 5.49645e-05
1742 0.00434582
774 1.09612e-05
1028 3.66201e-05
621 1.8312e-05
570 1.52884e-05
1179 1.08641e-05
1487 0.000180923
469 3.10169e-05
825 1.45685e-05
978 4.08349e-06
520 3.39875e-05
672 9.15712e-06
1079 2.5467e-06
876 9.88554e-06
1538 0.00039964
723 1.14165e-05
1332 1.08644e-05
571 0.000106265
1230 1.70126e-06
1029 6.50323e-08
927 4.52311e-06
1131 2.00581e-07
622 8.83529e-05
1284 7.7076e-06
470 1.51275e-05
1383 0.000147662
521 1.57579e-05
1129 1.87471e-06
1282 9.21161e-06
1080 1.08375e-07
1180 1.07091e-05
775 6.05032e-06
572 2.9495e-05
1182 5.86419e-07
1335 1.77453e-06
673 5.5022e-05
1333 8.88701e-06
826 4.20403e-06
1231 1.97503e-05
979 1.04023e-08
1233 8.85704e-06
1437 1.08299e-07
1386 2.16336e-07
724 1.21112e-05
1384 6.02157e-05
1283 2.20563e-06
877 4.14694e-06
623 4.35852e-05
1130 1.62921e-06
1132 8.25072e-09
1030 1.15042e-08
1488 6.06053e-08
1285 1.14213e-06
674 5.08261e-05
1334 1.06242e-05
725 1.28146e-05
928 1.76905e-08
1181 1.54502e-05
1183 2.16648e-08
1336 3.53559e-07
1081 8.5784e-09
1590 5.10798e-06
1539 2.70708e-06
1385 1.12244e-06
1232 5.69141e-06
776 1.31263e-05
1794 0.839838
1845 3.61843
1896 4.10745
1795 1.01264
1846 2.57713
1897 1.66547
1641 0.000285767
1796 0.975899
1947 2.99932
1234 9.07833e-07
1998 2.17185
2049 0.743721
1948 1.51644
1999 2.04328
2050 0.381218
1847 1.50173
1898 1.43494
1949 0.575385
2100 0.313144
2000 0.525728
1387 1.86527e-08
2051 0.707613
2151 1.16144
2202 0.0745556
2101 1.345
2152 1.23643
2253 0.00158501
2304 5.61223e-05
2203 0.133867
2355 1.59844e-05
2254 0.000805888
2305 0.000101667
2356 3.21823e-05
2255 0.000665476
2102 4.28561
2306 0.000231575
2153 2.3691
980 7.04775e-09
2357 8.98684e-05
1438 1.23223e-08
2204 0.0506636
2406 1.59708e-05
12 1.81597e-08
2457 1.3077e-05
2508 2.9037e-06
2559 1.05612e-08
2407 2.42556e-05
2458 1.11111e-05
2509 2.44402e-06
2560 4.07273e-07
2408 1.04299e-05
2459 2.99493e-06
2510 1.24926e-06
2561 2.93986e-07
165 4.27824e-07
216 4.14503e-07
267 1.53401e-07
63 2.21819e-08
114 5.70791e-08
13 2.06979e-07
64 7.3549e-08
115 3.61901e-07
14 2.33607e-07
65 7.59022e-07
116 7.4255e-08
318 7.34421e-06
369 2.90199e-05
420 1.57558e-05
319 1.18042e-05
1692 0.00159081
370 1.50139e-05
166 9.46417e-08
421 1.15149e-05
217 1.59459e-06
268 7.74294e-06
320 1.30302e-05
167 3.10522e-06
371 9.18886e-06
422 6.8105e-05
218 1.45818e-05
471 8.00056e-06
269 1.40675e-05
1743 0.089816
522 1.87457e-05
827 7.62028e-06
1286 2.56728e-08
624 1.10458e-05
1133 2.17248e-09
1591 2.89388e-08
1031 8.28117e-09
1489 5.93101e-09
675 1.64752e-05
573 2.81642e-05
878 4.01511e-08
726 4.2268e-05
472 2.83537e-05
523 7.95615e-05
1184 4.67139e-09
1337 1.75402e-08
1642 1.45547e-07
1540 1.40179e-08
574 2.0322e-05
1082 5.44117e-09
625 1.49644e-05
929 1.85293e-08
473 0.000243631
524 0.000370489
1388 1.17693e-08
1235 2.31656e-08
1693 1.75745e-06
676 0.0457936
575 0.00941973
1439 1.30061e-08
777 4.75225e-06
1744 0.313186
727 2.70003e-06
981 6.90525e-09
1134 2.99895e-08
1287 8.44868e-08
1440 2.58451e-08
1490 1.90584e-08
1592 1.67685e-08
828 2.76061e-05
1032 2.79525e-08
626 3.03395e-05
1185 3.34521e-08
1491 1.66107e-08
1338 4.04561e-08
1541 9.24263e-09
1643 2.3776e-08
879 2.72756e-06
677 4.49301e-06
1083 2.57003e-08
1236 5.12125e-08
1389 3.32282e-08
1542 1.31237e-08
1593 4.30017e-07
1694 1.04678e-05
930 3.80399e-07
728 1.57477e-06
982 1.03883e-05
1441 6.43906e-07
1288 1.20114e-07
1135 4.41946e-07
1745 2.44141e-05
1644 2.58953e-06
778 8.15919e-07
1033 7.61024e-06
1950 0.865526
1797 0.500589
2001 1.80372
2052 2.57521
1951 5.13775
2002 2.97964
2053 0.628544
1952 0.00158195
2003 0.00026916
2054 0.000540429
2103 1.24691
2154 0.409583
2205 0.00192882
2104 0.0529982
2155 0.00339789
2206 0.000192481
2105 0.000441899
2156 7.65258e-05
2207 1.61459e-05
2256 0.000216432
2307 5.38377e-05
2358 2.60071e-05
1186 1.70309e-07
2257 4.18184e-05
1339 5.51137e-07
2308 1.28016e-05
2359 5.26909e-06
2258 1.34548e-05
1492 9.81555e-07
2309 1.29172e-05
2360 1.25838e-05
2409 4.25675e-06
2460 2.39276e-06
2511 7.60238e-07
2562 5.42202e-07
2410 1.2848e-05
2461 2.79644e-06
2512 5.00889e-07
2563 6.38684e-07
2411 4.0455e-06
2462 3.93212e-07
2513 8.29859e-08
2564 3.79994e-07
15 7.0358e-07
66 2.14618e-08
117 2.63629e-06
16 1.09136e-06
67 8.19002e-06
118 1.02776e-05
17 5.76912e-06
68 2.34768e-06
1695 7.19787e-06
119 6.98234e-07
18 6.57809e-06
69 8.06094e-07
120 1.06561e-06
168 7.86145e-06
219 7.73713e-06
1848 2.19726
1899 3.19185
270 1.69844e-06
169 4.88804e-06
220 1.9248e-06
271 6.83898e-07
170 1.44644e-06
221 8.24406e-07
272 2.11113e-07
171 4.7081e-07
222 5.84088e-07
273 1.19461e-06
321 8.6735e-06
372 3.18793e-05
423 0.000156843
322 7.16542e-06
373 1.86991e-05
424 0.000118794
323 1.79574e-06
374 1.53977e-05
425 0.000160246
1084 3.5866e-07
324 8.51522e-06
375 2.84074e-05
426 3.21617e-05
474 0.000144781
525 0.00213034
576 1.01274
829 5.18115e-06
475 0.000375015
526 0.00664923
577 1.26508
476 0.000690553
1798 2.24353e-07
527 0.00255669
578 0.0418752
477 5.34015e-05
528 8.97319e-05
579 0.000118606
1237 1.85683e-07
1746 9.63116e-06
1543 2.20004e-05
1390 1.41739e-06
627 4.59531
1849 0.134599
1900 2.01621
880 1.81988e-05
983 7.69253e-06
1136 6.021e-05
1799 1.62547e-07
1594 4.47873e-05
1289 7.66664e-05
678 1.64801e-06
1442 4.71089e-05
931 3.29116e-05
1034 1.38698e-05
1850 0.000514833
1645 3.22283e-05
1901 0.000106665
1187 6.45916e-05
729 8.95153e-07
1340 7.26334e-05
1493 2.46533e-05
780 8.43055e-07
779 9.64872e-07
628 1.23164
1085 3.56711e-05
1696 7.22803e-06
1238 7.13532e-05
1391 7.13188e-05
679 1.56093e-06
1544 1.57523e-05
831 5.37847e-07
830 4.58639e-07
984 1.75661e-07
1747 1.38052e-06
1137 9.3413e-08
1290 4.99114e-07
882 2.92297e-07
730 7.19596e-07
881 4.74957e-07
1443 3.53479e-08
1035 1.78874e-07
1595 4.74201e-06
629 0.00463816
1188 6.01727e-08
933 2.23803e-07
932 2.52874e-06
1494 3.3801e-08
1341 3.92017e-07
680 1.86789e-06
1086 1.58409e-07
1646 1.0708e-06
1239 9.52023e-08
781 7.27806e-07
1596 8.32034e-07
1545 4.09848e-07
1392 1.33287e-08
731 9.00209e-07
985 3.54666e-07
1697 1.50479e-06
1138 1.135e-07
832 4.33652e-07
1647 9.18075e-07
630 7.34299e-07
1748 1.71762e-06
1444 1.67285e-08
1036 2.09675e-07
1291 3.71005e-08
1189 9.01871e-08
681 1.35821e-06
883 3.77234e-07
1698 2.60457e-06
1800 6.06856e-07
1087 1.35603e-07
1495 7.49605e-08
1342 2.93467e-08
1749 2.19791e-06
1240 2.78858e-08
934 1.60744e-07
732 9.49585e-07
1851 3.31098e-06
986 2.57944e-07
1546 9.68627e-08
1953 3.21202e-05
2004 2.15069e-05
1902 3.6121e-05
2055 1.14946e-05
1393 1.41402e-08
1954 3.60137e-06
2005 1.44919e-06
2056 2.41365e-06
1955 1.62672e-08
2006 1.61117e-07
1139 8.38696e-08
2057 1.57064e-05
1801 8.97127e-07
782 3.68895e-07
1597 3.74588e-07
1956 2.34128e-09
2007 2.43458e-06
1037 2.07175e-07
1445 5.93388e-08
2058 2.80763e-05
1292 7.62384e-08
1852 2.74625e-06
1648 6.13243e-07
833 4.5605e-07
1190 5.15608e-08
2106 1.16181e-05
1903 7.9396e-06
1088 8.49822e-08
1496 5.95115e-08
2157 3.80082e-05
1802 2.62449e-06
1699 2.40382e-06
884 4.91858e-07
1343 1.23896e-08
1241 3.30092e-08
2208 1.60135e-05
987 1.91747e-07
1547 4.11837e-08
1853 3.23221e-06
1750 3.06369e-06
935 2.24656e-07
1394 3.85734e-08
2107 1.05473e-05
1904 1.40934e-05
1038 1.61704e-07
1446 4.2168e-08
1140 1.25023e-07
1803 3.51515e-06
2158 4.75103e-05
1598 3.39256e-07
1293 3.05034e-08
783 6.01019e-07
1089 1.05582e-07
1497 4.62204e-08
1854 7.48744e-07
1191 7.45044e-08
2209 4.79574e-05
1649 8.41133e-07
1344 2.27703e-08
1905 5.21251e-05
834 4.62601e-07
2259 1.7729e-05
1548 7.23349e-08
1242 6.60953e-08
2412 2.94945e-05
2108 5.97636e-05
2310 1.32939e-05
2463 4.9869e-07
19 4.77044e-07
70 1.30817e-07
121 1.36355e-07
20 1.55061e-07
71 1.50995e-07
122 6.35235e-08
21 1.41883e-07
1395 2.30797e-08
72 5.98874e-07
123 1.07196e-06
172 1.93524e-07
325 3.15166e-06
223 1.70881e-06
376 4.00123e-06
274 5.23733e-06
1700 1.6891e-06
2514 4.16036e-07
2565 4.54017e-07
173 1.82193e-06
224 4.7385e-06
275 3.63601e-06
174 3.96609e-06
2413 0.000272916
225 3.45938e-06
276 3.55729e-07
478 2.72467e-06
529 6.31355e-07
580 1.28125e-07
479 4.31803e-07
530 8.67145e-08
581 6.22918e-07
480 1.19862e-07
2464 3.11552e-07
531 1.02714e-06
2515 1.46335e-08
2566 2.32009e-09
2414 4.0514e-06
2465 2.65099e-06
2516 2.46161e-06
582 6.17433e-07
2567 1.28789e-07
2415 0.000109993
2466 6.68992e-05
2517 3.01896e-05
2568 3.76152e-06
2159 5.62277e-05
427 3.89627e-06
326 9.2892e-07
377 7.47277e-07
428 1.72685e-06
327 8.38871e-07
378 6.56121e-06
429 3.38849e-07
885 2.07666e-07
631 2.85558e-06
2361 1.54175e-05
1751 3.91406e-06
784 4.85994e-07
988 1.00161e-07
1141 1.30708e-07
2210 6.24699e-05
936 2.9104e-07
682 6.20337e-07
2260 7.99068e-05
1599 2.2513e-07
1039 1.68091e-07
835 4.69945e-07
2109 4.79616e-05
1294 4.98227e-08
1192 7.4624e-08
2311 0.000432387
733 8.02551e-07
1650 3.87572e-07
1090 1.8346e-07
886 1.68752e-07
2362 0.000618391
2160 3.89393e-05
632 2.45132e-06
1243 7.86839e-08
1345 7.24209e-08
2261 0.000718127
1701 1.8268e-06
2211 0.000839324
937 2.44401e-07
989 2.24568e-07
2312 0.000434799
2363 9.59049e-07
2262 4.5216e-07
2313 6.29741e-07
2364 1.02856e-05
683 6.76327e-07
1142 1.0622e-07
1600 2.00081e-07
1447 3.26477e-08
1752 4.21408e-06
1396 8.89902e-08
785 3.71283e-07
1040 2.4999e-07
734 8.08034e-07
1804 5.26706e-06
1193 1.362e-07
1651 4.64124e-07
1498 1.65569e-07
836 4.34926e-07
1295 9.35688e-08
633 3.55273e-05
1091 1.16276e-07
1855 2.03473e-06
1702 1.9626e-06
1244 1.14498e-07
1549 1.20247e-07
1906 2.41387e-05
684 7.8607e-07
887 1.91712e-07
1346 1.12718e-07
990 2.42249e-07
1753 4.77439e-06
1805 1.92518e-05
1143 2.70358e-07
735 7.15376e-07
1448 1.45922e-07
938 2.49685e-07
1397 6.56412e-08
1041 2.90656e-07
1856 5.05995e-07
1601 3.59198e-07
1957 4.51963e-05
1194 1.9744e-07
2008 6.47862e-05
786 5.83721e-07
1907 1.12871e-07
1499 1.48702e-07
1296 1.46502e-07
1092 2.32504e-07
1652 4.14195e-07
2059 7.25155e-05
1806 9.32403e-06
837 4.79545e-07
1245 7.94326e-08
1550 1.84784e-07
1703 1.48584e-06
2110 5.399e-05
1347 8.1618e-08
1857 3.20634e-06
2263 7.02614e-08
2314 1.74435e-06
2365 3.03977e-05
2264 1.41123e-07
2315 1.8921e-06
2366 8.05598e-06
2265 4.6431e-09
2316 6.05365e-07
2367 7.25918e-06
2416 5.04401e-05
2467 1.61834e-05
2518 3.55991e-05
2569 2.10385e-06
2417 6.06785e-05
2468 3.43689e-05
2519 2.91158e-05
2570 3.877e-06
2418 1.43102e-05
1958 3.85942e-06
2469 4.14445e-05
2520 4.80282e-06
2571 1.27516e-06
22 3.35916e-07
73 1.81037e-06
124 3.39635e-06
23 1.20263e-06
74 3.12068e-06
125 7.32392e-07
24 4.35186e-06
75 1.85515e-06
126 2.54392e-08
175 6.92695e-07
226 1.38395e-07
277 4.55332e-07
176 6.83811e-08
227 2.78526e-07
278 6.17067e-07
177 4.42302e-07
228 7.65142e-07
279 1.71524e-07
888 4.26312e-07
328 5.44142e-07
379 5.14772e-05
430 3.51113e-06
329 6.93178e-08
380 1.57817e-07
431 1.07219e-06
330 1.77909e-08
381 3.2956e-07
432 4.39714e-07
481 1.55224e-07
532 6.47682e-07
583 1.00526e-06
482 5.54957e-07
533 1.1831e-06
584 6.68105e-07
483 4.85613e-07
534 1.61517e-06
585 6.91438e-07
2161 0.00062984
1754 1.06444e-05
634 4.54841e-06
1449 1.13469e-07
1908 5.17387e-06
2212 3.2202e-07
2009 8.74033e-05
1398 1.40275e-07
939 3.38499e-07
2111 4.59276e-06
685 7.40829e-07
1602 3.70973e-07
787 2.84951e-07
1500 1.74542e-07
2162 0.00030652
2213 6.01631e-08
2060 7.19804e-05
991 1.08401e-07
736 3.1829e-07
1144 1.38347e-07
2112 0.000315193
1653 5.55002e-07
838 4.93221e-07
2163 1.87914e-08
2214 3.55582e-08
1959 6.14975e-05
1551 3.14652e-07
635 9.97747e-07
1042 3.22391e-07
1297 2.73052e-07
1195 2.06769e-07
686 1.58649e-06
889 6.4268e-07
1704 7.16785e-07
2010 6.26696e-05
1450 2.81126e-07
1093 1.65618e-07
1348 2.4356e-07
737 1.10848e-06
1246 2.36459e-07
940 2.97647e-07
1755 2.57772e-05
2061 1.57758e-05
636 9.93643e-07
1501 2.96948e-07
992 3.93258e-07
687 3.80842e-05
788 5.23893e-07
1145 2.73753e-07
1399 3.31802e-07
1603 4.08641e-07
1807 5.67179e-06
738 4.52329e-06
1552 5.22282e-07
1043 6.99541e-07
839 3.82912e-07
1196 2.40925e-07
1858 1.19295e-05
1298 2.37606e-07
1654 5.6431e-07
1960 3.732e-05
1451 3.46304e-07
1094 3.77315e-07
890 4.27763e-07
1909 2.88439e-05
1705 2.06036e-06
1349 3.69231e-07
1247 2.14795e-07
2011 3.76849e-05
993 3.96228e-07
1502 7.49005e-07
941 5.411e-07
1808 2.18836e-05
1756 6.49369e-05
1146 7.78946e-07
1400 4.05241e-07
2062 0.000326237
1044 6.84008e-07
1859 4.22366e-05
1553 7.44175e-07
789 8.37059e-07
1604 6.69776e-07
1197 5.16314e-07
1299 8.29286e-07
1961 3.40622e-05
1095 5.2384e-07
840 9.98348e-07
1910 5.33225e-05
1452 6.26081e-07
1655 9.83108e-07
2113 4.8976e-08
1248 9.07068e-07
2164 3.83946e-08
2215 4.82473e-08
2114 3.73308e-08
2165 1.03546e-07
2216 9.4395e-08
1350 7.06821e-07
2115 1.56579e-07
2166 2.21864e-07
2217 5.0633e-08
2266 2.43463e-07
2317 6.16958e-08
2368 1.17688e-06
2267 2.4328e-08
2318 2.99725e-07
2369 8.23475e-07
2268 4.19654e-08
2319 1.11869e-07
2370 1.98701e-07
2419 1.88818e-06
2470 2.34138e-07
2521 3.43458e-06
2572 1.13424e-06
2012 8.03063e-06
2420 1.67977e-06
2471 2.06007e-06
2522 3.03304e-06
2573 1.35072e-06
2421 2.97021e-06
2472 6.30443e-06
2523 4.4478e-06
2574 9.55969e-07
25 7.70628e-07
76 1.3101e-07
127 6.07677e-07
26 2.4253e-07
77 3.58014e-07
128 4.02931e-07
27 5.72873e-07
78 2.99405e-07
129 4.65013e-08
178 7.86939e-07
891 8.65372e-07
229 2.36831e-07
280 7.51276e-09
179 4.86965e-08
230 7.21655e-09
281 1.73247e-07
1706 1.32399e-06
180 4.18906e-08
231 8.05298e-08
282 2.71278e-07
331 2.11552e-07
382 2.82574e-07
433 2.69033e-07
332 9.14017e-08
383 1.59082e-07
1809 4.64284e-05
434 1.53822e-07
333 1.39269e-07
384 2.00019e-07
435 1.84212e-07
484 6.88359e-07
535 8.07046e-07
586 8.90387e-07
485 3.16021e-07
536 4.28085e-07
587 4.63566e-07
486 2.60203e-07
537 3.60415e-07
588 5.4202e-07
637 5.31863e-07
688 1.4101e-06
2063 0.000577116
739 0.000165151
1503 7.21806e-07
790 7.12682e-06
638 3.79135e-07
689 1.49479e-06
740 6.0568e-07
639 3.26812e-07
690 5.14207e-07
741 1.33806e-07
1962 0.000221501
1401 6.47087e-07
1757 6.07638e-05
1860 5.12244e-05
942 7.65013e-07
994 9.64698e-07
2013 0.000274647
2064 2.3087e-06
1554 7.47503e-07
841 3.68551e-06
1911 4.28987e-05
1147 8.746e-07
1300 1.27056e-06
1453 1.56693e-06
1605 1.18126e-06
1045 1.26168e-06
1606 1.94561e-06
892 1.35526e-06
1810 0.000742633
1198 7.00038e-07
1656 1.57358e-06
1504 1.72412e-06
1351 1.10168e-06
1861 0.000873353
1096 1.24405e-06
1657 1.84913e-06
943 1.36559e-06
1912 0.000654685
1811 3.31157e-07
1862 8.07839e-08
1913 1.28006e-07
1812 7.32347e-08
1863 5.95673e-08
1914 5.57527e-08
1963 4.9227e-05
2014 1.19792e-05
2065 7.85214e-07
1964 4.65762e-07
2015 8.30857e-07
2066 1.47491e-07
1965 1.61932e-07
2016 5.93571e-07
2067 3.2395e-07
2116 4.95646e-07
2167 4.09843e-08
2218 5.03711e-08
2117 1.89103e-07
2168 1.52136e-07
2219 1.11327e-07
2118 7.0194e-08
2169 5.09173e-08
2220 1.18945e-07
2269 3.6459e-07
2320 1.04689e-07
2371 1.52489e-08
2270 6.05301e-08
2321 2.71281e-07
2372 1.44727e-07
2271 1.77955e-07
2322 2.04862e-07
2373 2.52215e-07
2422 1.03891e-06
2473 6.5938e-06
2524 6.67015e-07
2575 4.94811e-07
2423 1.84892e-06
2474 3.40422e-06
2525 1.11509e-06
2576 1.1947e-06
2424 1.7159e-06
2475 1.61277e-06
2526 2.37589e-06
2577 7.62023e-07
28 7.33567e-07
79 5.95919e-08
130 5.91868e-09
29 6.76097e-08
80 1.11715e-08
131 1.28742e-07
30 6.75353e-08
81 1.46946e-08
132 1.87865e-07
181 1.12412e-07
232 2.10375e-07
283 3.82901e-08
182 5.43628e-08
233 4.055e-08
1707 1.84341e-06
284 7.46669e-08
1249 1.11264e-06
183 1.31184e-07
234 7.8609e-08
285 1.2868e-07
334 2.56571e-07
995 5.71278e-06
385 3.82777e-07
436 1.73981e-07
335 2.03797e-07
386 2.55592e-07
437 2.48515e-07
336 1.52e-07
387 1.88848e-07
438 3.22591e-07
487 3.28144e-07
538 2.56182e-07
589 8.08829e-08
488 2.87536e-07
539 3.93667e-07
590 3.87596e-08
489 3.00417e-07
540 1.33211e-07
591 1.39976e-07
640 3.62647e-07
691 1.03455e-06
742 8.33901e-07
1555 2.19021e-06
641 2.90757e-08
692 9.52258e-08
743 8.36781e-07
1402 1.27752e-06
642 3.7802e-08
1708 5.7753e-06
693 1.84464e-07
744 4.71518e-07
793 1.68499e-06
844 3.02621e-06
791 0.000175756
895 7.23199e-07
946 0.000495059
794 3.74173e-06
845 6.50566e-07
896 6.39071e-07
947 1.85234e-07
795 5.07735e-07
846 2.68381e-07
897 8.37052e-08
948 1.02283e-07
1758 1.39945e-05
997 0.000571188
1148 1.44638e-06
842 1.19413e-05
1046 2.1162e-06
1454 1.82746e-06
1759 2.38647e-05
1301 1.18704e-06
1150 7.60945e-06
1048 5.27962e-06
893 7.36307e-06
1607 1.04821e-05
1199 1.57374e-06
1097 1.54896e-06
1505 1.43186e-06
1352 1.91298e-06
1099 5.86776e-06
1201 8.0787e-06
944 9.14787e-06
1658 1.46109e-05
1250 1.5832e-06
996 8.92181e-06
1556 6.1764e-06
1403 1.6401e-06
998 1.42514e-07
1049 1.57955e-07
792 4.11836e-07
843 4.31892e-05
1100 0.000497112
894 0.000339853
1252 9.06195e-06
999 3.2346e-08
1050 1.92472e-07
1101 2.59202e-07
1709 0.000318825
1149 1.03066e-05
1047 8.81127e-06
1455 1.13497e-05
1302 1.25924e-05
1303 8.02896e-06
1760 0.000312677
1151 0.000608616
945 9.43611e-06
1608 1.0915e-05
1200 1.01639e-05
1098 1.12514e-05
1202 0.000791139
1506 9.8842e-06
1353 1.25922e-05
1354 6.67805e-06
1456 5.63839e-06
1609 0.000865822
1253 0.000686221
1660 1.01868e-06
1711 8.50566e-07
1762 2.86673e-07
1610 2.28476e-08
1661 6.47037e-07
1712 7.65984e-07
1763 1.29399e-06
1611 2.04462e-07
1662 8.54001e-08
1713 5.32705e-09
1764 2.59101e-07
1813 3.73325e-07
1864 1.67305e-06
1915 7.02622e-07
1814 1.95499e-06
1865 2.06159e-06
1916 8.94407e-07
1815 2.82432e-07
1866 2.60853e-07
1659 0.000731447
1917 8.25208e-07
1966 7.60769e-07
2017 7.70154e-07
2068 2.50525e-07
1967 1.0408e-06
2018 1.23444e-06
2069 3.61968e-07
1968 8.34261e-07
2019 8.43185e-07
2070 1.7441e-07
2119 5.44106e-08
2170 3.41452e-07
2221 2.02112e-07
2120 2.58639e-07
2171 1.79515e-07
2222 7.03157e-08
2121 1.93745e-07
2172 2.92949e-08
2223 1.93849e-08
2272 7.08213e-08
2323 7.45827e-09
1251 1.20814e-05
2374 2.13045e-07
2273 2.16816e-08
2324 9.27904e-08
2375 2.34353e-07
2274 1.90139e-07
2325 2.63422e-07
2376 1.20043e-07
2425 5.60759e-07
2476 1.08679e-06
2527 9.88562e-07
2578 2.14356e-07
2426 5.57698e-08
2477 7.34059e-08
2528 4.10178e-08
1152 3.73471e-08
2579 6.94905e-07
1203 3.25167e-07
2427 6.8412e-08
2478 1.44974e-07
2529 1.53919e-07
1254 7.54438e-07
2580 3.01375e-06
31 5.97031e-08
1557 1.08885e-05
184 1.82067e-07
82 2.16233e-07
235 2.55104e-08
286 3.71855e-08
133 4.6168e-08
185 2.52968e-07
236 2.82776e-08
287 6.50659e-08
186 2.36722e-07
32 1.70999e-07
237 3.84354e-07
288 1.52281e-07
83 1.19309e-07
1404 1.32129e-05
134 3.10263e-07
33 8.59027e-08
84 7.76992e-07
187 6.21003e-07
135 2.37232e-07
34 2.10856e-07
85 1.00165e-07
136 1.91249e-07
337 1.15588e-07
388 2.75104e-07
238 4.4795e-08
439 7.85585e-08
289 7.13773e-08
338 3.58274e-07
490 2.20012e-07
389 1.15247e-07
541 2.81271e-07
440 4.91749e-08
592 9.00638e-08
339 2.72908e-07
1710 0.00041584
390 7.85518e-07
491 1.77769e-07
441 4.73606e-07
340 2.0736e-07
542 1.24288e-07
391 7.37591e-07
442 2.63729e-07
643 3.0064e-08
1761 1.18341e-07
694 4.87098e-08
745 2.10449e-07
796 4.2842e-07
593 1.53653e-07
644 1.37871e-07
847 1.29979e-07
695 8.3279e-08
898 1.23584e-07
746 2.00814e-07
949 2.46958e-08
645 4.11775e-07
797 4.4145e-07
696 2.95386e-07
848 1.29823e-07
747 1.22024e-07
899 9.54615e-08
646 2.15538e-07
492 3.45528e-07
950 3.90001e-08
697 1.74603e-07
798 2.93414e-07
849 2.24522e-07
748 3.39043e-08
1405 7.13636e-06
900 9.44014e-08
1000 7.51111e-08
1153 5.40533e-08
951 7.40427e-08
1051 1.1731e-07
1204 2.32645e-07
543 8.88488e-08
1255 8.38696e-07
799 6.85338e-08
1102 3.43774e-07
1154 4.07454e-07
1001 1.24012e-07
850 8.92951e-08
1205 1.93087e-07
1052 3.31275e-07
901 1.12346e-07
1256 4.37141e-07
1155 6.42238e-08
952 1.24547e-07
1206 1.46377e-07
1103 2.15547e-07
1257 1.78284e-07
1306 5.54007e-07
1156 2.90756e-07
1002 1.4727e-08
1357 1.07865e-07
1207 2.15623e-07
594 3.48922e-07
1053 1.46687e-07
1258 1.07445e-07
1408 6.9389e-09
1459 1.39003e-07
1104 1.44431e-07
1307 9.16451e-07
1510 5.73972e-08
1003 1.15983e-08
1561 2.60968e-08
1358 1.51409e-07
1054 5.93107e-08
1460 2.63392e-07
1409 1.40521e-07
1105 2.09858e-08
493 4.28916e-07
1511 1.71955e-07
1308 2.91545e-07
1612 1.15791e-07
1562 1.25843e-07
1359 5.8769e-07
1461 1.04964e-07
1663 6.73954e-08
544 3.48872e-07
1410 6.37948e-08
1512 1.12468e-07
1714 2.12488e-07
1309 3.0595e-08
1563 2.2049e-07
1765 3.77985e-07
595 1.66587e-07
1462 2.44222e-08
1613 3.51978e-07
1360 5.72565e-07
1513 2.53891e-07
1664 1.5239e-06
1564 6.94207e-07
1715 3.88432e-06
1411 7.99205e-07
1816 3.09782e-07
1766 2.22762e-06
1969 1.67557e-07
1867 2.40579e-07
2020 1.10338e-07
1614 3.01295e-07
1918 2.82972e-07
2071 2.44629e-08
1817 7.02888e-07
1970 1.4292e-07
1868 3.59195e-08
1665 3.72753e-07
1919 1.3124e-07
2021 7.58781e-08
2122 7.46172e-08
2173 1.24338e-07
2224 1.22099e-07
2123 2.37851e-08
1507 0.000477909
2174 4.38359e-08
2225 3.61077e-08
2124 1.30922e-07
2175 6.81096e-08
2226 9.56623e-09
2125 7.79129e-08
2176 8.84051e-08
2227 6.87128e-08
2275 3.84817e-08
2326 1.28756e-08
2377 7.85474e-08
2276 2.49228e-09
2327 5.13793e-08
2378 1.52386e-07
2277 6.80358e-08
2328 8.07247e-08
2379 1.13592e-08
2278 9.63828e-08
2329 4.01886e-08
2380 6.63812e-08
2428 1.34678e-07
2479 2.04868e-07
2530 7.41853e-07
2581 3.29185e-06
2429 3.97405e-08
2480 3.13054e-07
2531 2.31373e-06
2582 7.86666e-06
35 1.56421e-07
2430 1.39143e-07
86 4.51816e-08
2481 6.36779e-07
137 3.77555e-07
2532 5.58411e-06
36 2.47289e-08
2583 1.48908e-05
87 2.17045e-08
2431 2.52005e-07
138 4.77965e-07
2482 1.49022e-06
37 5.90988e-08
2533 3.25951e-06
88 3.06229e-07
2584 1.02323e-05
139 1.33269e-07
188 2.51985e-07
341 4.23694e-08
239 4.92361e-08
392 1.67669e-07
290 4.18909e-09
443 2.03994e-07
189 3.9648e-08
240 2.8493e-09
342 1.7518e-07
291 3.19576e-08
190 5.73918e-09
393 1.06928e-07
241 8.77868e-09
444 3.43153e-07
292 3.74835e-08
343 2.32239e-07
1716 6.82129e-07
494 2.359e-07
394 2.4322e-07
545 9.65405e-08
445 5.25469e-07
596 6.37559e-08
647 1.78777e-07
495 3.32552e-07
698 2.5613e-07
546 7.19382e-08
1767 5.16876e-07
1818 3.55286e-07
2072 6.03746e-08
1615 1.04683e-06
1666 1.02137e-06
1971 8.36582e-07
1869 3.52937e-07
1717 7.74556e-07
1920 5.16307e-07
2022 3.2992e-07
1768 1.97843e-07
1819 1.61173e-07
800 3.32376e-07
2073 1.46139e-07
851 7.11743e-07
1870 1.80463e-08
1972 2.1896e-07
902 5.95082e-07
749 2.06336e-07
1921 5.55158e-08
2023 1.44965e-07
953 2.35937e-07
1004 6.91192e-08
2074 1.00059e-07
801 1.30947e-07
1055 3.73583e-08
852 3.11798e-07
1157 1.1833e-07
1106 4.78307e-08
903 6.83256e-07
1208 1.62238e-07
954 4.02467e-07
1259 1.20701e-07
1005 4.82715e-08
802 1.3699e-07
1158 2.49573e-07
1056 1.41894e-07
853 3.24422e-07
1209 4.80328e-08
1107 1.07457e-07
904 1.04074e-06
955 5.22421e-07
1006 1.58566e-07
1260 6.77271e-08
1310 2.14513e-08
1057 1.08226e-07
1159 6.72464e-07
1361 8.99603e-08
1108 2.82998e-07
1210 1.93205e-07
1412 9.27274e-07
1463 4.29019e-07
1311 3.44816e-07
1261 2.29735e-07
1362 1.01392e-07
1616 5.37399e-07
1820 1.30149e-06
1413 1.01326e-07
1514 7.28189e-08
1312 1.36304e-07
1667 1.16233e-06
1871 1.7364e-06
1565 2.59888e-08
1922 1.52851e-06
1363 6.1539e-07
1464 1.70608e-07
1718 2.10219e-06
1414 7.55913e-08
1821 3.03151e-07
1515 5.03252e-07
1973 8.26791e-07
1872 5.89718e-07
1769 3.10076e-06
2024 5.90325e-07
1566 1.64446e-07
2075 2.12775e-07
1923 7.15216e-07
648 3.4875e-07
1617 1.33302e-08
1465 1.21517e-07
1974 7.02595e-07
1822 2.58331e-07
1668 2.84756e-08
2025 4.17565e-07
1516 7.74332e-08
1719 6.21295e-09
2076 1.88797e-07
1873 3.55342e-07
1567 1.03444e-07
1975 4.06086e-09
1770 4.5025e-08
1924 1.26202e-07
2026 5.63449e-09
2126 1.32804e-07
1618 1.92908e-07
2279 6.92104e-08
2077 1.7183e-08
1669 2.60722e-07
2432 4.57721e-07
2177 4.57384e-08
2330 1.88675e-08
2483 1.55041e-06
1720 5.50691e-08
2534 4.19116e-06
2228 8.88222e-08
2381 9.53641e-08
2585 4.93518e-06
1771 1.97134e-07
2280 2.18405e-09
2433 5.13767e-07
2127 1.38308e-07
38 3.4528e-08
2331 5.55536e-08
2484 1.18091e-06
2535 2.38897e-06
2178 3.64824e-08
89 1.25703e-07
2382 8.09406e-08
2586 8.29423e-06
2229 2.01652e-08
2434 8.89214e-07
140 8.21633e-08
2281 6.49598e-08
2128 1.33706e-08
2485 1.10225e-06
39 2.97773e-08
2536 1.51208e-06
2332 3.53799e-07
2179 1.68953e-08
90 5.59907e-08
2587 2.50054e-06
2383 6.31966e-07
2230 1.78082e-08
191 1.44936e-08
141 6.52156e-08
242 4.61502e-08
344 1.80619e-07
497 3.68194e-06
40 3.43399e-09
293 6.44116e-08
192 1.17648e-09
395 6.21481e-07
548 2.3551e-06
91 2.75599e-08
243 1.05077e-07
446 2.30023e-06
294 1.57466e-07
142 4.7051e-08
599 1.08384e-06
193 2.31531e-08
345 1.60463e-07
498 3.4456e-06
650 2.87956e-07
244 8.78646e-08
396 3.33225e-07
549 9.01551e-07
701 1.5973e-07
295 1.66731e-07
600 1.41512e-06
803 2.08482e-07
447 1.97749e-06
752 6.16665e-07
499 1.59616e-06
651 8.15782e-07
854 7.60828e-07
346 1.60722e-07
905 7.43859e-07
702 1.79745e-07
550 5.0098e-07
397 3.65955e-07
956 5.69863e-07
753 1.96434e-08
601 1.90361e-06
804 2.14832e-07
652 3.25592e-07
448 1.24034e-06
699 6.15398e-07
855 1.11435e-06
703 3.132e-07
1007 1.41356e-07
1160 2.60305e-07
906 1.09521e-06
754 1.10496e-08
957 4.32504e-07
1304 0.000963133
1058 2.26531e-07
805 8.15556e-07
1211 3.19274e-08
1313 9.10723e-08
1109 4.275e-08
856 6.87682e-07
1262 6.81015e-08
907 5.66033e-07
1364 6.34783e-08
1008 3.55458e-08
1161 1.45722e-07
958 2.73956e-07
597 1.0042e-07
750 2.02946e-07
496 1.12526e-06
547 7.08703e-07
598 7.51335e-07
1059 1.56279e-08
1466 1.86576e-07
649 1.18964e-07
700 1.18264e-06
1517 3.85526e-07
751 3.9936e-07
1568 3.69723e-07
1415 5.90733e-07
1110 6.53876e-08
1619 4.22782e-08
1467 6.05494e-07
1009 1.84645e-08
1670 1.68747e-08
1518 9.46696e-07
1721 2.55184e-08
1212 4.75946e-08
1569 2.74823e-07
1772 2.90533e-08
1468 4.77098e-08
1620 1.80265e-07
1519 4.32528e-07
1671 6.19569e-08
1263 3.54191e-08
1570 6.66965e-07
1722 2.34042e-07
1823 1.1219e-07
1773 8.98752e-08
1621 9.19465e-07
1874 1.49597e-08
1672 1.25048e-06
1925 3.19665e-08
1723 1.2488e-06
1824 4.95377e-08
1774 2.29898e-07
1875 1.75572e-07
1976 5.16004e-08
1926 2.16117e-07
1060 1.6475e-08
2027 3.94517e-08
1825 1.07541e-08
2078 2.50107e-08
1876 4.40282e-08
1314 6.1132e-08
1162 1.24978e-07
1977 5.31636e-08
1927 1.82294e-08
2028 1.26709e-08
2129 5.09766e-08
2079 7.84917e-09
2180 5.34871e-08
1978 4.79805e-08
2231 1.34433e-07
2029 8.47868e-08
2130 2.87998e-08
2080 1.31206e-07
1365 4.25521e-08
2181 4.64706e-09
1213 5.9539e-09
2282 2.05893e-07
1416 7.52009e-08
2232 1.1685e-07
2333 3.35323e-07
2131 7.28816e-07
2384 4.91878e-07
2182 1.32542e-06
1111 1.3954e-07
2283 1.12185e-07
1315 3.37471e-08
2233 5.82831e-07
1264 5.60573e-09
41 1.9621e-09
92 8.16269e-08
2334 1.62563e-07
143 4.04624e-09
42 2.1679e-08
2385 8.87349e-08
93 7.93369e-08
2284 1.15726e-07
144 8.78162e-09
194 3.33947e-08
347 2.76963e-07
1366 5.16587e-08
245 7.68608e-08
398 7.5549e-07
296 2.65059e-07
1417 5.63086e-09
2435 2.36832e-07
449 3.79383e-06
195 2.70356e-08
500 1.81567e-06
2335 2.56614e-08
348 6.32366e-07
2486 2.70805e-07
551 2.46495e-07
246 1.30848e-07
602 1.2396e-06
399 1.01599e-06
297 2.97153e-07
2537 7.90078e-07
501 4.56652e-06
450 1.56983e-06
196 8.05474e-08
552 2.46971e-06
349 4.80214e-07
2588 3.4944e-06
247 3.65141e-07
603 2.42144e-06
400 1.37036e-06
298 6.36993e-07
502 3.12277e-06
451 1.75872e-06
2386 6.73656e-08
2436 1.61707e-07
653 4.26804e-07
553 2.3877e-07
806 7.20922e-07
704 6.29029e-08
604 2.82727e-06
857 4.02573e-07
2487 7.21228e-07
1010 2.17838e-08
755 4.8102e-07
908 2.91052e-07
2538 1.09457e-06
1061 4.59801e-08
959 1.17218e-07
654 1.97529e-07
2589 2.12779e-06
1112 1.39751e-07
807 1.18054e-06
705 5.93441e-08
1011 1.73933e-07
858 5.56881e-07
756 6.55911e-08
655 2.73468e-06
909 4.13201e-07
2437 2.00032e-07
706 1.18189e-07
960 8.58131e-08
1062 8.52627e-08
2488 9.69496e-07
757 2.24327e-07
808 5.35683e-07
1113 1.66645e-07
43 2.12997e-08
1163 6.82803e-08
859 6.12302e-07
1012 6.29631e-08
1316 2.35942e-09
2539 1.65021e-06
910 1.53377e-07
1063 1.32869e-07
1367 4.44656e-09
961 9.6464e-08
1114 1.97316e-07
2590 3.79887e-06
1418 6.94586e-08
1469 4.77603e-08
1622 1.93694e-06
1317 2.34515e-08
1520 9.01727e-09
1673 7.85292e-07
1368 3.28767e-08
1571 2.08748e-07
1826 4.00095e-06
1419 2.86336e-08
1724 2.849e-06
1470 2.24895e-08
1877 3.00742e-06
1318 7.06057e-09
1775 8.23652e-06
1521 3.14642e-08
1214 1.09336e-08
1369 2.13633e-08
1572 1.90062e-08
1623 3.18057e-08
1928 1.44019e-06
1471 3.62208e-08
1420 8.58518e-09
1674 5.70421e-06
1522 2.45741e-08
1725 1.21178e-05
1827 2.28564e-06
1979 1.36815e-06
1573 9.55904e-08
1776 4.37057e-06
2030 4.30761e-07
1878 4.43639e-06
1624 2.15359e-08
2132 4.42977e-08
2081 3.53604e-07
1675 5.42803e-08
2183 1.85515e-07
1980 5.65752e-06
1929 6.12986e-06
2234 6.33257e-07
2031 1.54754e-06
1726 9.75169e-07
2133 9.43072e-07
1828 9.13638e-06
2082 4.99558e-07
1265 2.13202e-09
1777 4.44805e-06
2184 4.11337e-07
1981 7.33573e-06
1879 1.16426e-05
2285 3.34746e-07
2235 1.41367e-07
2032 2.12046e-06
2336 1.32251e-07
2083 1.62865e-07
2134 6.051e-09
1930 1.14888e-05
2387 1.20041e-07
2438 2.18924e-07
2185 4.50627e-09
1164 1.1362e-08
94 3.16061e-09
2286 2.61728e-08
2489 2.7049e-07
2236 2.74703e-08
2337 6.4867e-08
2540 1.86142e-06
44 4.27486e-08
197 2.56695e-08
2388 1.46381e-07
2591 2.31911e-06
248 1.88717e-07
95 1.92443e-08
2439 4.30978e-08
2287 4.65725e-08
299 8.24559e-07
2490 2.50339e-07
198 2.76651e-08
2338 8.89185e-08
146 3.59967e-08
2541 7.39222e-07
1215 4.49107e-09
249 9.02194e-08
2389 1.39679e-07
2592 2.28149e-06
45 7.05159e-08
300 3.23881e-07
350 1.53972e-06
199 2.68009e-09
2440 1.95664e-07
401 1.54683e-06
1266 1.14063e-08
96 7.8183e-08
2491 1.31557e-07
452 3.63326e-06
250 6.39726e-08
2542 1.13056e-07
351 9.41791e-07
147 5.71723e-08
301 2.22172e-07
402 7.38413e-06
2593 1.11455e-06
503 5.91682e-06
453 1.52745e-05
656 3.84545e-06
46 1.31502e-07
554 1.38884e-06
352 8.33062e-07
707 2.28544e-07
97 7.35332e-08
605 2.38752e-06
1165 7.74867e-08
403 3.86664e-06
758 4.96781e-07
148 1.15308e-08
504 1.48009e-05
454 2.96053e-05
657 3.44533e-06
555 3.81941e-05
1013 1.50063e-07
606 7.72423e-06
145 8.3351e-09
809 9.89828e-07
708 1.5777e-07
1064 7.63232e-08
505 1.39036e-05
1216 2.02695e-08
1166 3.23276e-08
1267 7.1168e-09
1217 1.61775e-08
1319 1.79156e-08
860 4.29573e-07
1268 1.08e-08
1370 4.7281e-09
1167 7.85581e-08
1421 2.1577e-08
1218 1.13362e-07
1320 7.14661e-09
1269 4.35052e-08
1371 1.6315e-08
1168 7.04995e-09
1422 1.90761e-08
1219 2.05594e-08
1321 6.81359e-09
1270 2.76853e-09
1372 7.66592e-08
1472 6.36471e-09
1423 1.05076e-07
1523 2.50784e-08
1558 0.000868407
1625 1.00781e-07
1574 2.90938e-08
1676 2.69713e-08
759 1.05403e-06
911 1.84724e-07
1115 7.30129e-08
1473 1.47694e-08
1727 2.24422e-08
962 1.25281e-07
556 2.97129e-06
1014 2.90903e-07
1524 6.26172e-08
1778 6.77115e-09
1575 1.25113e-07
1626 1.75233e-08
1474 4.40728e-08
1677 7.01145e-08
1525 6.44203e-08
1728 3.50096e-08
1576 3.95395e-08
1829 1.841e-08
1779 2.55363e-07
1880 1.62049e-08
1627 3.36796e-08
1931 4.43522e-08
1678 4.91935e-09
1830 1.61291e-07
1729 3.89715e-08
1881 7.91212e-08
1780 4.52856e-07
1932 5.63264e-09
1982 3.31496e-08
1831 4.97454e-07
2033 7.41031e-09
2084 3.25706e-09
1882 1.45349e-07
1983 2.1796e-08
1933 1.63875e-07
2034 1.19048e-08
2135 1.13492e-08
2085 2.11856e-08
2186 7.21685e-09
1984 1.01405e-07
2237 3.38882e-08
2035 5.00773e-08
2136 1.4263e-08
2086 3.44915e-08
2187 2.99713e-08
2238 3.99083e-08
2288 1.2809e-07
2137 2.47445e-08
2339 1.31177e-08
2188 1.94232e-08
2390 9.2689e-08
2239 7.29513e-08
2289 6.0183e-09
2441 1.41784e-07
2340 9.2156e-08
2492 5.99393e-08
2391 6.28236e-08
2543 2.12026e-07
2290 1.48695e-07
2594 1.35335e-06
2341 4.03488e-08
2442 1.85928e-08
2392 4.74653e-08
2493 1.54036e-08
47 1.11169e-07
2544 3.32329e-07
98 1.40936e-08
2595 1.04345e-06
149 1.00921e-07
2443 8.51119e-08
48 6.53813e-08
2494 1.33732e-07
99 1.10311e-07
2545 6.08353e-07
150 6.43004e-08
2596 1.41935e-06
49 1.8734e-07
200 9.92153e-09
100 2.38961e-07
251 3.34834e-08
151 1.8582e-07
302 1.0063e-07
50 1.35231e-07
810 4.78097e-07
658 7.27427e-06
1065 2.24072e-07
861 2.28954e-07
607 4.18909e-05
709 5.66492e-07
1116 1.07398e-07
912 3.33083e-07
353 1.42217e-06
760 6.62595e-07
1015 9.16058e-07
963 6.7626e-07
404 2.43154e-06
811 9.70014e-07
1066 3.18297e-07
506 3.39063e-05
455 6.82768e-06
862 1.44739e-07
557 8.18081e-06
1117 7.20734e-08
913 7.30903e-08
354 1.19831e-06
608 2.78804e-05
964 6.0714e-07
659 6.90193e-05
405 3.22796e-06
507 2.82385e-05
812 6.16477e-07
710 9.89235e-07
863 2.7777e-07
456 8.04557e-06
558 1.69376e-06
914 9.62133e-08
761 9.21642e-07
355 2.73634e-07
965 4.80035e-07
609 5.43274e-05
813 5.53892e-07
660 1.96516e-05
864 3.32909e-08
406 4.17799e-06
508 3.40248e-06
915 2.45493e-08
711 5.82892e-06
201 1.22684e-08
559 3.67339e-05
966 3.2813e-07
252 9.30864e-09
457 4.82953e-06
762 5.61224e-07
610 3.99375e-05
661 2.53577e-05
814 4.93064e-07
356 3.89626e-07
509 9.32107e-06
865 9.7968e-08
712 2.67144e-06
916 1.14654e-07
407 2.25144e-06
560 3.39341e-06
967 4.89259e-08
763 7.8753e-07
458 8.87713e-06
815 2.60989e-07
611 5.65001e-06
662 1.00584e-05
866 5.48476e-08
1016 5.50458e-07
713 5.34352e-07
1169 4.28726e-09
917 1.69243e-07
1067 1.99444e-07
968 8.03775e-08
1220 4.94837e-08
101 1.24298e-08
764 3.21974e-07
1118 1.42364e-07
1322 4.06776e-08
1475 4.20125e-08
1017 8.40714e-07
1271 2.94643e-08
1373 1.29883e-07
1526 1.18629e-07
1577 6.5518e-08
1170 1.43661e-07
1068 3.44691e-07
1424 1.26188e-08
1476 1.56929e-08
1221 8.87818e-08
1119 1.06097e-07
1323 2.66406e-08
1527 1.00315e-09
1272 3.4101e-08
1018 8.83931e-07
1578 3.89961e-08
1171 1.76948e-07
1374 3.98519e-08
1477 4.70832e-08
1069 7.23677e-07
1528 5.92948e-08
1425 9.54507e-08
1120 6.0731e-07
1222 3.45312e-08
1579 1.35009e-08
1019 5.1502e-08
1324 2.17115e-09
1273 3.43436e-08
1478 1.57906e-07
1375 9.98736e-08
1172 4.97852e-07
1529 1.27887e-07
1070 3.12571e-08
1426 4.25334e-08
1223 2.6945e-07
1121 4.33135e-07
1580 3.58941e-08
1274 2.76617e-08
1628 3.78257e-08
1325 4.28106e-08
1832 6.03606e-09
1985 2.6987e-08
1679 1.17099e-07
1376 1.85005e-08
1730 4.23618e-08
1883 1.96735e-09
2036 1.01156e-07
1781 2.58379e-08
2087 6.91797e-08
1427 8.87397e-08
1629 5.20933e-08
1934 1.49237e-08
1680 1.01116e-08
1986 1.15051e-07
2138 3.67866e-09
1731 3.64764e-09
1833 6.25046e-09
2037 2.45472e-08
1782 1.18962e-08
2189 4.41095e-08
2088 2.08399e-08
1884 7.30814e-09
1630 5.91831e-08
2240 6.12848e-08
1681 1.18239e-08
1987 4.79929e-08
1935 5.92167e-08
1732 3.17359e-08
2139 5.78095e-08
1783 3.27181e-08
1834 9.50214e-09
2038 6.90317e-08
2190 9.08868e-08
1631 1.02264e-07
1885 3.99731e-09
1682 3.57848e-08
2241 1.38893e-08
2089 9.30593e-08
1733 3.27215e-08
1936 1.74895e-08
1784 1.19079e-07
1988 1.10159e-07
2140 5.91902e-08
1835 1.44005e-07
2291 1.46482e-08
152 6.71213e-08
2342 3.10373e-08
2039 7.80887e-08
2191 4.29974e-08
1886 7.42352e-08
2393 7.77032e-09
2090 2.28741e-08
2242 2.06141e-08
2292 3.33835e-08
1937 6.4506e-08
303 7.53201e-08
2444 7.61929e-08
2343 1.78603e-08
2141 6.28807e-08
2394 2.56981e-08
2495 1.24717e-08
2192 2.15973e-08
2293 2.26833e-08
2546 3.07654e-07
2243 2.55284e-09
2344 1.26483e-08
2597 7.26885e-07
2395 9.68754e-08
2445 5.75701e-08
2294 2.24117e-08
2345 2.81316e-08
2496 4.75607e-08
2396 3.8255e-08
2547 4.19832e-07
202 4.11736e-08
2598 6.61409e-07
253 3.20527e-09
304 1.39747e-07
203 1.33518e-07
2446 3.11698e-08
254 4.39061e-08
305 1.61217e-07
2497 7.43956e-08
2548 4.55008e-07
2599 1.00503e-06
2447 1.81354e-08
2498 6.70248e-08
2549 4.195e-07
2600 1.75393e-06
1355 0.000839929
1457 0.000832374
1508 0.000405723
1559 3.23911e-07
1458 1.63957e-07
1509 1.99632e-08
1560 6.94184e-08
1406 0.00117062
1305 8.44322e-07
1356 1.05113e-07
1407 6.63357e-08
