0 0.0462761
15075 0.786987
10050 0.149914
17487 4.54788
7437 0.092989
12462 1.93016
2412 0.114486
5025 0.0974964
15276 0.808591
201 0.0491464
10251 0.166277
7638 0.0979604
17688 4.71993
12663 1.81847
2613 0.106664
5226 0.0927392
15477 0.878566
402 0.0534489
10452 0.195787
7839 0.103534
17889 4.65308
12864 1.6635
5427 0.0874189
2814 0.0973553
15678 0.977483
603 0.060358
10653 0.265239
8040 0.109562
18090 4.24281
13065 1.47914
3015 0.0895073
5628 0.0817925
15879 1.11145
804 0.0698385
10854 0.363651
8241 0.116417
18291 3.88075
13266 1.24456
3216 0.0864969
5829 0.0771261
16080 1.30511
1005 0.0797698
11055 0.494478
8442 0.123813
13467 1.05472
18492 3.57018
6030 0.0744606
3417 0.0861541
16281 1.56718
1206 0.090347
11256 0.671296
8643 0.128582
18693 3.23361
13668 0.922604
6231 0.0752554
3618 0.0891404
16482 1.98598
11457 0.897878
1407 0.102531
8844 0.132047
13869 0.837987
18894 2.9587
6432 0.0783066
3819 0.0924568
16683 2.44834
11658 1.18254
1608 0.112858
9045 0.134078
14070 0.782362
19095 2.78054
6633 0.0819797
4020 0.0960562
16884 2.93186
11859 1.51137
9246 0.134349
1809 0.11724
14271 0.761541
19296 2.7331
6834 0.0851889
4221 0.0989482
17085 3.5008
12060 1.84454
9447 0.133978
2010 0.119475
14472 0.761713
19497 2.78341
12261 1.94425
7035 0.0864562
4422 0.101346
17286 4.07265
9648 0.138839
2211 0.11941
14673 0.771089
19698 2.98115
10051 0.158
4623 0.102198
15076 0.770316
9849 0.144594
7236 0.0890561
1 0.0586932
14874 0.776572
19899 3.20544
10252 0.180616
4824 0.100993
15277 0.809375
7438 0.0984898
5026 0.105763
12463 2.24802
202 0.0627662
17488 4.57295
10453 0.219169
2413 0.105025
15478 0.882828
7639 0.104416
12664 1.92688
403 0.0673887
5227 0.0994421
17689 4.82441
10654 0.330743
2614 0.101707
15679 0.984777
7840 0.11102
12865 1.62508
5428 0.0933856
604 0.0733157
17890 4.87016
15880 1.12719
10855 0.501612
2815 0.0976496
8041 0.116849
5629 0.0872959
13066 1.35028
805 0.0806775
16081 1.32591
18091 4.41434
3016 0.0939282
8242 0.122786
11056 0.736098
5830 0.0823986
1006 0.087838
13267 1.11652
16282 1.58917
18292 3.96979
3217 0.0935553
8443 0.128965
6031 0.080659
11257 1.02858
13468 0.943297
1207 0.0946542
16483 1.98068
18493 3.57156
3418 0.094996
8644 0.131913
6232 0.0817819
11458 1.37962
1408 0.100601
13669 0.844494
16684 2.45173
18694 3.16646
3619 0.0993101
8845 0.133277
13870 0.784287
11659 1.79605
6433 0.0854755
3820 0.103839
1609 0.105205
18895 2.85458
16885 3.00897
9046 0.133598
11860 2.19865
14071 0.746361
6634 0.0891952
4021 0.108325
1810 0.106536
19096 2.67681
17086 3.62083
9247 0.132365
12061 2.49782
14272 0.735683
4222 0.112355
6835 0.0922154
2011 0.106816
19297 2.65568
9448 0.13021
17287 4.18482
12262 2.45508
14473 0.73091
7036 0.0928071
4423 0.115511
19498 2.72287
9649 0.136046
10052 0.175151
15077 0.765654
14674 0.731116
2212 0.106823
7237 0.0947629
4624 0.115068
19699 2.89546
9850 0.145551
15278 0.81462
10253 0.210791
2 0.0825046
14875 0.745613
5027 0.109916
19900 3.125
4825 0.112246
7439 0.105628
15479 0.890851
203 0.086462
10454 0.269623
12464 2.52466
17489 5.11502
2414 0.0968298
5228 0.105118
7640 0.111832
15680 1.00146
404 0.0903518
10655 0.427033
12665 2.08453
17690 5.25529
2615 0.0977936
5429 0.101727
7841 0.118981
15881 1.18826
605 0.0939808
10856 0.671066
12866 1.6871
17891 5.16705
5630 0.0975834
2816 0.0981656
16082 1.43564
8042 0.12356
806 0.0952201
11057 1.01621
13067 1.33691
18092 4.78159
5831 0.0937567
3017 0.0981154
8243 0.127336
1007 0.0960839
16283 1.7467
11258 1.42574
13268 1.07818
18293 4.40222
6032 0.0932347
3218 0.0994376
1208 0.0969873
8444 0.130426
16484 2.12616
11459 1.896
13469 0.894078
18494 4.04921
6233 0.0938737
3419 0.101555
1409 0.0971132
8645 0.131361
11660 2.41887
16685 2.63381
13670 0.799025
18695 3.65587
6434 0.0949188
3620 0.105291
8846 0.131049
1610 0.0965469
11861 2.87995
16886 3.32619
13871 0.72991
18896 3.30671
6635 0.0951913
3821 0.109076
9047 0.130242
1811 0.0955673
12062 3.13227
17087 4.04146
14072 0.682358
19097 3.01277
6836 0.0952098
4022 0.112501
12263 2.92882
9248 0.128788
2012 0.0947896
19298 2.86385
14273 0.680427
17288 4.70201
7037 0.0979222
4223 0.115609
10053 0.212815
9449 0.126845
2213 0.095698
14474 0.687577
7238 0.10159
19499 2.82209
15078 0.765676
4424 0.11825
10254 0.280236
9650 0.13538
3 0.105761
14675 0.700419
5028 0.111889
4625 0.117799
19700 2.93688
10455 0.390757
15279 0.823462
9851 0.150978
204 0.105373
14876 0.728348
5229 0.109206
4826 0.115576
19901 3.15643
15480 0.906827
7440 0.111171
10656 0.58989
405 0.105673
12465 2.73222
5430 0.108675
15681 1.03024
17490 5.86899
2415 0.0955562
7641 0.11505
10857 0.881697
606 0.105812
12666 2.25137
5631 0.106988
15882 1.26066
17691 5.91143
7842 0.118235
2616 0.0979755
807 0.102724
12867 1.80398
11058 1.29681
5832 0.104641
16083 1.57586
17892 5.68986
2817 0.100202
8043 0.120546
1008 0.099273
6033 0.104047
13068 1.39837
16284 1.97659
11259 1.78649
18093 5.35426
8244 0.122268
3018 0.101899
1209 0.0969327
6234 0.103755
16485 2.38639
13269 1.08927
11460 2.33901
18294 4.9821
8445 0.122848
3219 0.103678
1410 0.0947932
6435 0.103659
16686 2.95658
18495 4.57975
11661 2.92841
13470 0.86917
8646 0.121537
3420 0.105448
6636 0.102469
1611 0.0929852
16887 3.80731
18696 4.13528
11862 3.44258
13671 0.763094
8847 0.118934
3621 0.107666
1812 0.0920527
6837 0.100553
17088 4.64848
18897 3.70242
12063 3.66135
13872 0.677104
9048 0.118736
3822 0.109732
2013 0.0918743
7038 0.103204
17289 5.40243
19098 3.31504
12264 3.32621
9249 0.120544
14073 0.612752
4023 0.111416
2214 0.0934142
7239 0.107202
15079 0.768159
19299 3.06135
9450 0.125667
10054 0.254416
4224 0.1132
14274 0.620136
4 0.127722
15280 0.837804
19500 2.93253
5029 0.111331
9651 0.141991
10255 0.347613
4425 0.115212
14475 0.642777
205 0.119441
19701 3.01231
15481 0.945028
5230 0.11051
9852 0.169394
10456 0.504779
4626 0.115728
14676 0.67458
406 0.114367
19902 3.23227
5431 0.111606
15682 1.09838
7441 0.114747
10657 0.746936
4827 0.115263
607 0.111565
14877 0.716541
17491 6.86152
5632 0.112262
15883 1.34942
10858 1.08285
7642 0.116042
2416 0.0959581
808 0.106443
12466 2.73958
17692 6.96035
5833 0.112106
16084 1.74199
7843 0.113911
11059 1.55067
2617 0.0984196
1009 0.100861
12667 2.09124
17893 6.76795
6034 0.110078
16285 2.30307
8044 0.113665
2818 0.100544
11260 2.11053
1210 0.0969442
12868 1.60282
18094 6.36115
6235 0.107828
16486 2.887
8245 0.114043
3019 0.101763
11461 2.7347
1411 0.0938117
13069 1.30021
18295 5.74979
6436 0.109509
16687 3.61721
8446 0.113527
3220 0.102379
11662 3.29738
13270 0.980695
1612 0.0919978
18496 4.99439
6637 0.110029
8647 0.111734
16888 4.62149
3421 0.102471
11863 3.73211
13471 0.731204
1813 0.0912653
18697 4.27502
6838 0.107964
8848 0.109185
17089 5.54032
3622 0.102618
12064 3.83417
13672 0.652112
2014 0.0918148
18898 3.70382
7039 0.108927
9049 0.11105
17290 6.3452
3823 0.102905
12265 3.43774
13873 0.601883
2215 0.0935807
19099 3.32934
7240 0.111375
15080 0.769958
9250 0.11647
10055 0.298681
14074 0.57258
4024 0.103614
5 0.132902
19300 3.10537
5030 0.109403
15281 0.85799
9451 0.12921
10256 0.410673
206 0.121678
4225 0.104791
14275 0.596893
19501 3.00743
5231 0.110353
9652 0.153523
15482 0.998539
10457 0.597418
407 0.113885
14476 0.630515
5432 0.112358
4426 0.10679
19702 3.11719
15683 1.19768
9853 0.191765
10658 0.87532
608 0.109881
14677 0.663955
5633 0.114028
4627 0.109132
15884 1.50095
19903 3.35762
7442 0.107159
10859 1.26114
809 0.10589
14878 0.711394
5834 0.114534
4828 0.111751
16085 1.97842
17492 8.26508
7643 0.106806
1010 0.102151
11060 1.77683
12467 2.59934
6035 0.112253
2417 0.0990607
16286 2.6842
7844 0.104845
17693 8.33516
1211 0.0997115
11261 2.38264
12668 1.82817
6236 0.10863
2618 0.0998148
16487 3.45553
8045 0.104205
17894 7.98261
1412 0.0979224
11462 3.04279
12869 1.29275
6437 0.108093
2819 0.100056
16688 4.37478
8246 0.104642
18095 7.27305
11663 3.49814
1613 0.0968554
13070 1.12042
6638 0.107396
3020 0.0992632
16889 5.50114
8447 0.105113
18296 6.32757
1814 0.0963848
13271 0.84373
6839 0.105747
11864 3.75825
3221 0.0980391
17090 6.60087
8648 0.106683
18497 5.24088
2015 0.0968211
13472 0.602248
7040 0.105593
12065 3.70315
17291 7.59574
8849 0.110637
18698 4.33497
2216 0.0977864
3422 0.0964988
13673 0.554322
7241 0.106396
12266 3.29569
15081 0.768496
9050 0.116979
18899 3.68073
6 0.124335
3623 0.0952708
13874 0.540015
5031 0.106023
10056 0.345078
15282 0.886207
9251 0.126276
19100 3.32118
207 0.116304
14075 0.544255
5232 0.108479
3824 0.0944685
10257 0.470974
9452 0.144632
15483 1.07264
19301 3.13102
408 0.109921
14276 0.578937
5433 0.110696
4025 0.0950071
10458 0.670751
19502 3.07412
9653 0.174307
15684 1.33929
609 0.106376
14477 0.617807
5634 0.112264
4226 0.096326
10659 0.974474
19703 3.22727
15885 1.74661
9854 0.222325
810 0.103894
14678 0.652297
5835 0.111938
4427 0.0987707
10860 1.4246
19904 3.5319
16086 2.31967
7443 0.0988636
14879 0.703437
1011 0.102879
6036 0.110131
4628 0.10225
11061 1.92689
17493 10.0203
16287 3.12177
7644 0.0978241
12468 2.0679
1212 0.102265
6237 0.106974
4829 0.107204
11262 2.42234
16488 4.08933
17694 9.98369
7845 0.0976158
6438 0.103407
1413 0.102005
11463 2.76056
2418 0.103011
12669 1.43076
16689 5.19751
17895 9.22827
8046 0.0983666
6639 0.100179
1614 0.101782
11664 2.90686
2619 0.102544
12870 0.951979
16890 6.42967
8247 0.100191
18096 8.01809
1815 0.101788
6840 0.0994774
2820 0.101369
13071 0.814558
11865 2.89933
8448 0.103374
18297 6.67112
17091 7.80061
2016 0.102304
7041 0.0994162
3021 0.0995389
13272 0.671726
12066 2.76694
8649 0.10871
18498 5.31596
17292 9.1329
2217 0.102821
7242 0.0996801
3222 0.0974098
13473 0.547825
12267 2.4971
18699 4.33194
15082 0.833679
8850 0.118798
5032 0.0994321
7 0.118697
3423 0.0950078
13674 0.52382
10057 0.388561
18900 3.65132
15283 0.998292
3624 0.0930409
9051 0.129907
208 0.114673
13875 0.524081
5233 0.103129
10258 0.521429
19101 3.3052
15484 1.23381
3825 0.0919688
9252 0.143427
5434 0.1045
14076 0.539156
409 0.111188
10459 0.718601
19302 3.15375
15685 1.55687
4026 0.0922627
9453 0.165043
610 0.108334
14277 0.564151
5635 0.104036
15886 2.0439
10660 1.01446
19503 3.14684
4227 0.0935015
9654 0.198755
811 0.106042
14478 0.594527
5836 0.103171
16087 2.69587
10861 1.4897
19704 3.35669
4428 0.0958275
9855 0.256278
1012 0.10507
14679 0.632421
16288 3.56378
6037 0.101695
11062 1.91953
4629 0.0988212
19905 3.74838
1213 0.104696
7444 0.0961143
14880 0.689759
16489 4.7059
6238 0.0995018
11263 2.24312
4830 0.102868
17494 10.2796
7645 0.0962991
1414 0.105078
16690 6.05629
12469 1.42394
6439 0.0969916
11464 2.25071
2419 0.107586
17695 9.94935
7846 0.0982368
1615 0.105751
12670 1.03709
16891 7.56854
6640 0.094828
11665 2.15156
2620 0.106019
17896 9.10468
8047 0.101402
1816 0.106661
12871 0.704539
17092 8.87801
6841 0.0943241
11866 1.97567
2821 0.103655
18097 7.92792
2017 0.107696
8248 0.106182
13072 0.606555
7042 0.0945363
17293 9.91049
12067 1.81032
3022 0.101077
18298 6.60575
2218 0.108404
8449 0.113478
13273 0.546334
7243 0.0957395
15083 0.944198
12268 1.62282
3223 0.0984407
18499 5.23239
8 0.114238
8650 0.12306
13474 0.506311
15284 1.16792
5033 0.0904416
3424 0.0956382
18700 4.30659
10058 0.40014
209 0.113754
8851 0.136627
13675 0.497366
15485 1.45567
5234 0.0952406
3625 0.0932882
18901 3.66527
10259 0.509674
410 0.112845
9052 0.151917
13876 0.504909
15686 1.82489
5435 0.0963894
3826 0.0918803
19102 3.32911
10460 0.661599
611 0.110604
9253 0.169315
14077 0.529794
15887 2.38306
5636 0.0938166
4027 0.0914638
19303 3.25625
10661 0.868171
9454 0.191955
812 0.107961
14278 0.555778
16088 3.08749
5837 0.0928021
19504 3.35487
4228 0.0920613
10862 1.15482
9655 0.226483
1013 0.106554
14479 0.589171
16289 3.99156
6038 0.0922252
4429 0.09334
19705 3.66934
11063 1.37134
9856 0.291674
14680 0.643886
1214 0.10582
6239 0.0911504
16490 5.23577
4630 0.0948798
19906 4.11176
7445 0.0952695
14881 0.724398
1415 0.106277
6440 0.0904175
11264 1.48647
16691 6.77825
4831 0.0969865
17495 10.0151
7646 0.0972873
1616 0.107029
12470 0.7482
6641 0.0900972
11465 1.40197
16892 8.5124
2420 0.108253
17696 9.47141
7847 0.10174
12671 0.647035
1817 0.108105
6842 0.0901434
11666 1.27472
17093 9.63396
2621 0.106929
17897 8.64261
8048 0.107667
2018 0.108837
12872 0.561357
7043 0.0908563
11867 1.13095
17294 10.1753
2822 0.104914
18098 7.65887
8249 0.115516
2219 0.109155
13073 0.511922
7244 0.0931718
12068 0.97727
15084 1.10004
3023 0.102851
18299 6.48223
9 0.117737
8450 0.126236
5034 0.0863692
12269 0.842686
13274 0.484769
3224 0.100823
15285 1.36083
18500 5.15715
210 0.116389
8651 0.139706
5235 0.0898336
10059 0.402355
13475 0.476998
15486 1.69651
3425 0.0995082
18701 4.30714
411 0.113754
8852 0.156198
5436 0.0912869
10260 0.479992
13676 0.473655
15687 2.12398
3626 0.0985456
612 0.11058
18902 3.74531
9053 0.175136
5637 0.0891943
10461 0.582525
13877 0.483134
15888 2.68952
3827 0.0961822
813 0.107298
19103 3.47406
9254 0.196592
5838 0.0887551
10662 0.70211
16089 3.38884
4028 0.0938777
14078 0.516688
1014 0.105681
19304 3.47029
9455 0.224138
6039 0.0889606
10863 0.831818
16290 4.27949
4229 0.0924051
14279 0.552976
1215 0.104907
19505 3.63319
9656 0.260643
11064 0.909404
6240 0.0878906
16491 5.43539
4430 0.0911575
14480 0.600699
1416 0.105093
19706 3.97991
11265 0.926417
9857 0.319464
6441 0.0869872
16692 6.74691
4631 0.0900522
1617 0.105592
14681 0.681265
19907 4.39039
7446 0.0968909
11466 0.853689
6642 0.0867463
16893 8.04563
4832 0.0895992
1818 0.106613
7647 0.101205
17496 9.63742
14882 0.794553
6843 0.087704
11667 0.776328
17094 8.91308
2421 0.107009
2019 0.107184
7848 0.108449
17697 9.34273
12471 0.511598
7044 0.0896322
2622 0.106626
11868 0.709428
17295 9.42628
2220 0.107262
8049 0.117468
17898 8.5895
12672 0.491765
7245 0.0930358
2823 0.105922
15085 1.30241
12069 0.626696
10 0.122305
8250 0.128087
18099 7.72546
12873 0.482969
5035 0.0852069
3024 0.105176
15286 1.60816
12270 0.553392
211 0.118695
18300 6.59716
8451 0.141445
13074 0.46461
5236 0.0866868
3225 0.104001
15487 1.99554
10060 0.389623
412 0.113765
8652 0.157671
10261 0.432027
18501 5.20898
5437 0.0877199
15688 2.46447
3426 0.103626
13275 0.456109
613 0.109072
8853 0.176966
10462 0.479083
18702 4.42535
5638 0.0867277
3627 0.103496
814 0.10489
13476 0.461518
15889 3.00757
9054 0.198617
10663 0.526411
18903 4.00666
5839 0.0864656
3828 0.100011
1015 0.102281
13677 0.471646
16090 3.64879
9255 0.223614
10864 0.563816
6040 0.08661
19104 3.99823
4029 0.0957319
1216 0.100818
13878 0.491408
16291 4.45745
9456 0.256221
11065 0.582314
6241 0.0854734
4230 0.0924224
19305 3.99972
14079 0.529889
1417 0.100403
16492 5.43195
9657 0.295572
11266 0.575393
6442 0.0844693
4431 0.0896784
19506 4.01661
14280 0.58102
1618 0.100616
9858 0.343072
6643 0.0845789
16693 6.49619
4632 0.0876717
11467 0.560772
19707 4.07006
14481 0.651453
1819 0.10203
7447 0.101922
6844 0.0863587
16894 7.48012
4833 0.0864723
11668 0.549393
19908 4.24522
2020 0.103585
14682 0.771379
7648 0.109812
7045 0.0896979
17095 8.23017
2422 0.105926
17497 9.22336
11869 0.546299
2221 0.105026
14883 0.917519
7849 0.120298
2623 0.106395
17296 8.78908
17698 9.11529
11 0.120435
12070 0.531002
7246 0.0952082
8050 0.132551
12472 0.481604
2824 0.108143
15086 1.59569
17899 8.41177
212 0.115435
5036 0.0878465
12271 0.509089
8251 0.145943
12673 0.459482
3025 0.110048
15287 1.97324
413 0.110037
18100 7.6019
5237 0.0882419
10061 0.365173
8452 0.160361
3226 0.109687
15488 2.4038
12874 0.444016
614 0.104833
18301 6.57927
5438 0.0887066
10262 0.385333
8653 0.175379
3427 0.108751
15689 2.86764
13075 0.441088
18502 5.35548
815 0.100117
5639 0.0878381
10463 0.405647
8854 0.193993
3628 0.107114
13276 0.444771
15890 3.34223
10664 0.423316
1016 0.0963964
18703 4.67914
9055 0.215929
3829 0.102311
5840 0.0864503
16091 3.8615
13477 0.454911
10865 0.432207
1217 0.0942918
9256 0.242754
18904 4.31992
4030 0.0962687
6041 0.0842752
16292 4.45261
13678 0.479651
11066 0.438436
1418 0.0935452
9457 0.274629
19105 4.2779
4231 0.0918512
6242 0.0830298
16493 5.17271
13879 0.514137
11267 0.445772
1619 0.0940254
9658 0.311993
19306 4.15647
4432 0.0884627
6443 0.0826602
16694 6.02445
1820 0.096254
9859 0.350023
14080 0.559233
11468 0.457582
19507 3.99537
4633 0.0867607
6644 0.0837751
16895 7.00647
14281 0.627684
2021 0.0993077
19708 3.84742
11669 0.471237
4834 0.085689
6845 0.0864117
7448 0.109334
17096 7.82942
14482 0.726998
2423 0.105735
17297 8.44419
2222 0.102863
7046 0.0911027
7649 0.12097
11870 0.483155
19909 3.88472
14683 0.888267
2624 0.106815
20100 3.45944
22713 33.4617
7247 0.0991498
7850 0.134252
12071 0.483196
17498 8.80097
14884 1.07959
20301 3.79758
2825 0.109996
25125 106.18
8051 0.149265
12272 0.473227
22914 40.0135
12473 0.455863
17699 8.68329
3026 0.11404
20502 4.19881
25326 117.208
8252 0.164397
23115 46.3722
27738 39.712
12674 0.442162
17900 8.02785
3227 0.114148
20703 4.68157
8453 0.17914
25527 127.604
23316 52.3591
27939 29.595
12875 0.435531
18101 7.19571
3428 0.112778
20904 5.40445
25728 138.276
8654 0.191988
23517 57.4724
28140 22.7259
18302 6.34619
13076 0.439992
3629 0.109927
21105 6.31845
25929 147.289
8855 0.20924
28341 20.4246
18503 5.55672
13277 0.449984
23718 60.3284
3830 0.105112
21306 7.48021
26130 154.01
9056 0.23033
28542 20.4613
18704 5.05377
13478 0.465602
21507 8.80379
23919 62.3667
26331 156.08
4031 0.0988006
9257 0.256151
28743 21.9543
18905 4.63542
13679 0.502295
21708 10.4569
24120 66.4332
26532 150.869
4232 0.0942198
9458 0.28503
28944 24.0252
19106 4.191
13880 0.554204
21909 12.9015
26733 133.914
9659 0.317396
4433 0.0907357
29145 26.4509
24321 71.6665
19307 3.82954
14081 0.618074
22110 16.5485
26934 110.034
9860 0.343225
4634 0.0893353
29346 29.3929
24522 77.966
19508 3.53323
14282 0.712965
27135 86.1897
22311 21.3747
30150 39.1164
4835 0.088409
29547 32.6525
24723 84.8623
14483 0.84447
27336 68.2675
19709 3.32692
30351 39.9575
22512 27.2108
29748 35.7669
32763 40.4515
24924 93.6736
14684 1.04519
27537 52.8451
19910 3.36204
30552 41.2421
20101 3.40662
29949 37.7601
32964 38.1598
22714 32.5172
14885 1.29401
25126 105.448
35175 24.5704
30753 42.5134
20302 3.78269
27739 29.8844
33165 36.6746
22915 37.7333
37788 30.6897
25327 115.737
35376 20.6446
20503 4.23268
30954 43.4537
27940 23.6554
37989 38.8889
33366 35.9905
23116 43.8865
25528 125.499
35577 16.4034
20704 4.76811
31155 44.3455
38190 45.9143
23317 50.4541
28141 19.2266
33567 35.527
35778 12.5572
25729 135.459
20905 5.46501
31356 45.2236
38391 54.0676
25930 143.464
28342 16.7156
23518 57.2167
35979 10.8974
33768 35.2544
21106 6.29592
31557 46.5439
26131 148.898
38592 63.136
28543 16.3888
23719 60.0044
33969 35.2547
36180 10.0498
21307 7.28398
31758 47.6755
26332 146.999
38793 73.409
23920 61.4525
28744 17.2715
36381 10.219
34170 35.5829
21508 8.50761
31959 47.8751
26533 136.604
38994 83.9313
28945 19.3591
36582 10.9166
24121 65.5152
21709 10.1324
32160 46.7364
34371 36.1921
26734 114.906
39195 91.5499
29146 21.8648
36783 12.2011
24322 70.9838
21910 12.6885
32361 44.6435
34572 34.412
39396 98.578
26935 93.6315
29347 24.8032
36984 13.6053
24523 77.5382
22111 16.5825
32562 42.6136
39597 104.148
34773 31.7093
29548 28.0312
27136 73.3188
37185 15.2984
24724 84.2538
22312 21.6206
30151 36.5403
39798 109.346
34974 28.2539
29749 31.2786
27337 54.1728
37386 18.0979
24925 92.9651
22513 27.0551
30352 38.6246
32764 37.3063
39999 113.967
29950 34.118
27538 40.0004
20102 3.4626
22715 31.1412
37587 22.3941
30553 41.1673
32965 36.6426
40200 117.877
25127 98.9337
35176 23.2552
27740 24.3792
20303 3.86443
22916 37.4248
30754 43.4802
33166 36.3194
37789 30.2106
25328 109.221
35377 20.089
27941 20.0094
20504 4.36604
23117 44.8939
33367 36.1628
37990 37.4293
30955 45.129
25529 119.24
35578 15.7351
28142 16.7171
20705 4.98592
23318 51.8585
33568 35.9302
31156 46.4314
38191 43.6874
35779 11.9523
25730 129.976
28343 14.1374
20906 5.78305
23519 56.7634
33769 35.8543
31357 47.4973
38392 51.7724
35980 10.5848
25931 136.489
28544 13.5623
21107 6.73092
23720 59.6922
33970 36.1649
38593 61.1048
31558 48.1841
36181 9.86434
26132 139.236
28745 14.066
21308 7.83474
23921 62.0001
34171 36.5618
38794 71.8149
31759 48.2455
36382 9.79156
26333 135.403
21509 9.18279
28946 15.9201
34372 36.5585
24122 65.3394
38995 81.5296
31960 47.1652
29147 18.1913
21710 10.9288
26534 123.892
36583 10.6187
34573 33.3916
24323 69.2708
39196 87.3176
32161 44.7865
29348 20.7614
21911 13.5102
36784 12.0142
24524 73.8313
26735 104.785
34774 29.7725
39397 92.3531
32362 41.7511
29549 23.6424
22112 17.0693
36985 13.0532
24725 79.1557
39598 96.4877
26936 85.6048
34975 26.4627
32563 39.0193
29750 26.6727
22313 21.5047
37186 14.4139
24926 87.11
39799 100.652
32765 29.7849
27137 66.3028
30152 32.8282
29951 29.9426
22514 25.9367
37387 17.2621
22716 30.211
40000 104.877
27338 46.0369
32966 30.4404
27741 22.2202
30353 35.6694
20103 3.56119
22917 37.3295
37588 22.0211
40201 108.282
27539 32.8498
33167 31.4227
27942 18.1693
30554 39.1018
20304 4.00333
23118 45.659
35177 20.7304
37790 28.8482
25128 90.5411
28143 15.0905
33368 32.1815
30755 42.1509
20505 4.57964
23319 52.5517
35378 17.6218
37991 35.1519
25329 100.738
28344 12.6916
33569 32.0538
30956 44.3954
20706 5.30206
23520 55.7988
38192 41.3974
25530 111.499
35579 13.9917
28545 12.2746
33770 31.6798
31157 45.7614
20907 6.21419
23721 59.137
38393 49.4025
25731 122.776
28746 12.7041
31358 46.6139
33971 31.2327
35780 11.1285
23922 62.3377
21108 7.28665
38594 58.5976
25932 127.529
28947 14.0367
31559 46.4743
34172 31.4838
35981 10.0937
38795 69.4941
24123 64.734
21309 8.53818
29148 15.6385
26133 127.676
31760 45.2756
36182 9.54149
34373 31.475
38996 78.1149
24324 66.9183
21510 10.0334
29349 17.4748
31961 43.1694
26334 123.143
36383 9.40695
24525 69.3092
21711 11.858
39197 83.4973
34574 29.0976
29550 19.5602
26535 113.857
32162 40.4392
36584 10.2412
24726 73.273
21912 14.2686
39398 87.5074
34775 26.4132
32363 36.941
26736 100.234
29751 21.8224
36785 11.4705
22113 17.3803
24927 80.0677
39599 90.7059
34976 23.7838
32564 31.9473
26937 81.911
29952 24.3321
36986 12.3477
22314 21.0972
22717 30.4991
39800 93.4608
32766 23.3899
30153 26.7461
27138 62.3905
27742 20.9155
37187 13.7581
22515 24.9732
22918 36.4119
40001 96.0349
32967 23.938
30354 29.2054
27339 42.238
27943 16.5741
20104 3.71026
37388 16.6496
23119 43.4517
40202 98.0428
33168 25.1635
30555 32.1205
27540 29.9996
28144 13.4704
20305 4.24645
37589 21.5912
33369 26.2363
23320 49.6331
30756 35.0094
37791 26.2164
25129 82.8939
28345 11.3473
20506 4.91246
35178 17.4823
23521 53.7029
37992 31.7058
33570 26.5238
30957 37.3931
25330 92.152
28546 11.0314
20707 5.75133
35379 14.5983
23722 57.5419
38193 37.9244
33771 26.0238
31158 36.9347
25531 102.02
28747 11.4017
35580 12.0751
20908 6.79403
23923 60.6645
38394 45.7885
33972 25.1989
31359 36.6585
25732 111.874
35781 10.2895
28948 12.4444
21109 7.97354
24124 61.9814
38595 53.7041
31560 38.142
34173 25.4978
29149 13.5909
24325 63.841
25933 116.025
35982 9.49366
21310 9.27806
38796 61.7975
34374 25.4493
31761 36.9377
29350 14.8576
24526 66.245
36183 9.13768
21511 10.8238
38997 68.2414
26134 117.028
34575 24.1973
31962 34.0648
29551 16.2571
24727 69.8761
36384 9.08173
21712 12.5345
34776 22.395
26335 115.375
32163 31.6812
39198 73.6944
29752 17.7693
24928 75.2927
36585 9.65357
21913 14.4723
34977 20.358
26536 106.211
32364 28.8685
39399 78.2853
22718 30.1965
36786 10.5524
29953 19.4028
22114 17.036
32767 17.735
26737 91.4553
32565 24.8532
39600 82.1763
22919 35.3986
36987 11.8172
22315 20.3841
27743 19.8189
32968 17.4932
26938 71.5824
30154 21.0537
39801 84.523
23120 41.3301
37188 13.8036
22516 25.1547
27944 14.9131
33169 18.1619
27139 53.496
30355 22.7858
23321 47.0489
37389 16.7919
20105 3.96478
40002 86.4417
33370 18.9542
28145 11.891
27340 37.8069
30556 24.7168
23522 51.9665
37590 20.9557
20306 4.60476
40203 87.655
28346 10.0489
33571 19.6841
27541 27.8781
30757 26.9932
35179 12.809
23723 55.7531
20507 5.3653
37792 24.3455
28547 9.76832
33772 19.2796
25130 75.4078
30958 28.8804
23924 58.3654
35380 11.1218
20708 6.2561
33973 18.62
25331 83.7953
28748 10.1128
37993 29.6207
31159 27.1852
24125 59.0088
35581 9.86375
20909 7.42327
25532 92.9359
34174 18.6748
38194 35.6129
28949 11.0178
24326 60.4784
31360 26.6919
35782 9.04318
21110 8.65183
25733 101.746
38395 42.7496
34375 18.6667
29150 11.8729
31561 29.1187
35983 8.59599
21311 9.87498
24527 62.7026
25934 105.912
38596 48.5612
34576 18.024
29351 12.7658
36184 8.4867
31762 27.5626
24728 65.9671
21512 11.5369
26135 107.687
38797 53.3071
29552 13.6784
36385 8.58889
34777 16.5422
31963 24.3379
24929 70.1488
21713 13.294
26336 107.272
38998 58.0067
29753 14.4774
34978 14.7249
36586 9.10526
22719 29.4054
32164 22.5098
26537 97.1457
21914 14.8677
39199 62.9196
29954 15.2455
32768 13.443
36787 10.022
22920 34.3975
32365 20.7341
26738 80.7996
22115 17.1183
39400 68.2133
27744 17.9315
32969 13.3167
36988 11.5359
32566 18.711
26939 60.6823
23121 39.6741
22316 20.2609
39601 72.642
27945 13.0702
33170 13.8958
37189 13.8328
30155 16.031
27140 44.9074
23322 45.1679
39802 74.9236
22517 25.0995
28146 10.2058
33371 14.5646
30356 16.764
37390 16.8039
27341 33.7951
23523 50.5581
40003 76.529
28347 8.53105
20106 4.30154
33572 15.164
30557 17.3093
37591 20.278
27542 26.0025
40204 77.5857
23724 53.7048
28548 8.1804
20307 5.03545
33773 14.9116
30758 18.2716
35180 9.47481
25131 68.4315
37793 24.8652
23925 55.5584
20508 5.86101
33974 14.4756
30959 19.2895
35381 8.65088
28749 8.31792
25332 75.8873
37994 30.7907
24126 55.9442
20709 6.77693
34175 14.3812
28950 8.80708
31160 19.2928
38195 36.4874
25533 84.8447
24327 56.8064
35582 8.20268
20910 8.02486
34376 14.1324
29151 9.38718
31361 19.5504
38396 42.1
25734 94.5039
24528 58.2136
21111 9.22208
35783 7.90653
34577 13.6739
29352 10.0636
31562 20.4465
38597 46.9425
25935 99.5613
24729 60.6771
35984 7.73124
21312 10.289
34778 12.244
29553 10.9028
31763 18.6853
38798 51.3792
26136 100.234
24930 64.0344
36185 7.81038
34979 10.6739
21513 12.1209
31964 16.4332
29754 11.6596
38999 55.6113
26337 94.6216
22720 28.6981
36386 8.07149
32769 10.2393
29955 12.3722
21714 14.0455
32165 15.3055
26538 82.109
22921 33.557
39200 59.5025
32970 10.419
36587 8.64576
32366 14.5048
27745 15.7971
21915 15.4409
26739 67.0652
23122 38.6043
39401 62.7963
33171 11.041
32567 13.8848
36788 9.74316
27946 11.1861
22116 17.6115
26940 52.4978
39602 65.611
23323 43.6001
33372 11.5735
30156 13.0213
36989 11.3611
28147 8.68002
27141 40.0068
22317 20.5505
39803 67.669
23524 48.3836
33573 12.0177
30357 13.3843
37190 13.7701
28348 7.20925
22518 24.7649
27342 30.0843
23725 51.0619
33774 12.0808
40004 69.1373
30558 13.4044
28549 6.75511
37391 16.7387
27543 23.4614
20107 4.64304
23926 52.6295
30759 13.6483
40205 70.295
33975 12.0492
37592 20.3561
28750 6.66099
25132 65.2661
20308 5.23881
24127 53.0686
30960 13.9804
37794 25.3483
35181 8.32964
28951 6.79466
34176 12.0101
25333 72.6231
20509 5.97284
24328 53.6
31161 14.361
37995 31.7955
35382 7.82382
29152 7.15465
20710 6.8566
25534 80.9769
24529 54.6132
34377 11.6333
38196 36.8401
31362 14.4144
35583 7.49215
29353 7.70858
20911 7.88109
25735 89.636
34578 11.0198
24730 56.9153
38397 41.4254
31563 14.0735
35784 7.23156
29554 8.5169
25936 93.208
34779 10.0037
38598 46.0021
21112 9.02595
35985 7.08163
31764 12.4797
24931 60.4595
29755 9.48653
26137 92.2411
34980 9.03124
38799 50.5008
21313 10.3042
36186 7.24397
31965 11.0391
29956 10.4315
22721 27.9314
26338 85.2295
39000 54.5224
32770 8.7097
21514 12.0366
36387 7.5958
32166 10.3348
27746 13.3468
22922 32.7177
26539 72.8829
32971 9.12963
39201 57.2253
21715 13.9086
32367 10.1675
36588 8.19186
27947 9.21626
23123 37.5812
26740 59.6451
33172 9.67091
32568 10.2759
21916 15.6786
36789 9.55102
39402 58.3472
28148 7.47016
26941 47.7662
23324 42.0594
33373 10.1716
30157 11.2339
22117 17.7442
36990 11.3616
28349 6.43302
27142 37.049
39603 59.9513
23525 45.9783
33574 10.5815
22318 20.3598
30358 11.7271
37191 13.5965
28550 5.77755
33775 10.7933
23726 48.3784
27343 27.7818
39804 61.8091
37392 16.424
28751 5.65383
22519 24.2597
30559 11.9728
33976 10.7995
23927 49.8765
40005 63.5545
27544 21.2938
28952 5.82557
37593 20.2731
30760 12.0613
20108 4.83861
24128 50.4227
40206 65.4118
34177 10.6064
25133 64.5193
29153 6.32954
35182 7.43002
30961 12.0334
20309 5.26894
24329 50.6845
34378 10.0476
35383 7.1379
29354 6.97018
25334 72.4881
37795 25.6751
31162 11.8079
20510 5.88141
24530 51.5628
34579 9.34043
35584 6.90257
29555 7.77931
25535 80.0387
31363 11.2505
20711 6.68696
24731 53.9911
37996 32.1397
34780 8.49401
35785 6.69018
25736 86.2524
31564 10.5159
29756 8.85269
20912 7.48007
24932 58.4609
34981 7.84382
35986 6.6124
38197 36.6161
25937 86.6402
31765 9.42438
29957 9.88005
21113 8.51896
32771 7.8928
22722 26.6351
38398 40.8894
36187 6.80109
31966 8.58055
27747 11.5453
26138 84.4665
21314 9.93958
22923 31.3063
32972 8.42926
36388 7.22133
38599 45.3592
32167 8.13011
27948 7.73141
26339 79.8396
21515 11.4688
23124 35.9738
33173 8.95058
38800 49.3655
28149 6.39803
32368 8.14205
36589 7.88726
23325 40.4005
21716 13.263
26540 70.0741
33374 9.45325
