15075 0.787027
0 0.0462795
10050 0.149939
17487 4.54706
12462 1.93065
2412 0.114514
5025 0.0975045
7437 0.092974
15276 0.808575
201 0.0491698
10251 0.16629
7638 0.0979774
17688 4.71998
12663 1.81915
5226 0.0927759
2613 0.106641
15477 0.878298
402 0.0535127
10452 0.195914
7839 0.103567
17889 4.65408
12864 1.66359
2814 0.0973478
5427 0.0874162
15678 0.977713
603 0.0603851
10653 0.264841
8040 0.109554
18090 4.24418
13065 1.47767
5628 0.0818121
3015 0.0894947
15879 1.11177
804 0.0697869
10854 0.363916
8241 0.116351
18291 3.88212
13266 1.24573
3216 0.0864938
5829 0.0771038
16080 1.30694
1005 0.0797858
11055 0.494525
8442 0.123785
13467 1.05524
18492 3.56946
6030 0.0744411
3417 0.0861143
16281 1.56679
1206 0.0903282
11256 0.6703
8643 0.128521
18693 3.23315
13668 0.9225
6231 0.0752465
3618 0.0891403
16482 1.98572
11457 0.900062
1407 0.102585
8844 0.132056
18894 2.95893
13869 0.838069
6432 0.0782989
3819 0.0923908
16683 2.45143
11658 1.18049
1608 0.112864
9045 0.134068
14070 0.782214
6633 0.0820134
19095 2.78159
4020 0.0961366
16884 2.93164
11859 1.50998
9246 0.134351
1809 0.117259
14271 0.761437
19296 2.73271
6834 0.0851983
4221 0.0989624
17085 3.50005
12060 1.846
9447 0.133966
2010 0.119482
14472 0.761858
7035 0.0864639
19497 2.78228
17286 4.07107
4422 0.101393
12261 1.94585
9648 0.138837
2211 0.119406
14673 0.77122
19698 2.98084
10051 0.157952
4623 0.102211
15076 0.770183
9849 0.144583
7236 0.0890179
1 0.058774
14874 0.776693
19899 3.20548
10252 0.180691
4824 0.10101
15277 0.809599
7438 0.0984669
5026 0.105752
12463 2.24739
202 0.0627067
17488 4.57281
10453 0.219033
2413 0.105026
15478 0.882283
7639 0.104433
12664 1.92724
403 0.0673781
5227 0.099448
17689 4.82572
10654 0.330163
2614 0.101681
15679 0.985211
7840 0.110977
12865 1.62455
5428 0.0933551
604 0.0733878
17890 4.86991
15880 1.12698
10855 0.501534
2815 0.0976415
8041 0.116898
13066 1.34964
5629 0.0872883
805 0.0806574
18091 4.41464
16081 1.32489
3016 0.0939263
8242 0.122783
11056 0.734499
5830 0.0824105
1006 0.0878368
13267 1.11637
16282 1.59041
18292 3.96852
3217 0.0935878
8443 0.128909
6031 0.0806569
11257 1.02678
13468 0.943095
1207 0.0946405
16483 1.98226
18493 3.5704
3418 0.09499
8644 0.131902
6232 0.081781
11458 1.37915
13669 0.844579
1408 0.100637
16684 2.45035
18694 3.16605
3619 0.0993433
8845 0.13328
13870 0.784512
11659 1.79601
6433 0.0855168
3820 0.103851
18895 2.85377
16885 3.00935
1609 0.105198
9046 0.1336
11860 2.20007
14071 0.746324
6634 0.0891847
4021 0.108313
1810 0.106587
19096 2.67722
17086 3.62292
9247 0.132371
12061 2.49523
14272 0.735662
4222 0.112404
6835 0.0922147
2011 0.106884
19297 2.65585
17287 4.18454
9448 0.130216
12262 2.45477
14473 0.730658
7036 0.0927656
4423 0.115479
19498 2.72245
9649 0.136044
10052 0.175046
15077 0.76549
14674 0.731112
2212 0.106857
7237 0.0947731
4624 0.115067
19699 2.89481
15278 0.814719
9850 0.145586
10253 0.210431
2 0.0824619
14875 0.745735
5027 0.109928
19900 3.12494
4825 0.112224
7439 0.105665
15479 0.890514
203 0.0864877
12464 2.52471
10454 0.270231
17489 5.1097
2414 0.0968443
5228 0.105112
7640 0.111876
15680 1.00097
404 0.0901973
10655 0.42742
12665 2.08547
17690 5.2572
5429 0.101747
2615 0.0977943
7841 0.118969
15881 1.18948
605 0.0939776
10856 0.671436
12866 1.68907
17891 5.16723
2816 0.0981655
5630 0.0975949
16082 1.43426
8042 0.123556
806 0.0952417
11057 1.01573
13067 1.33634
18092 4.78222
5831 0.0937691
3017 0.0981235
8243 0.127321
1007 0.0961263
16283 1.74747
11258 1.42637
13268 1.07781
18293 4.40059
6032 0.0932408
3218 0.0994608
8444 0.130442
1208 0.0969706
16484 2.12584
11459 1.89965
13469 0.893221
18494 4.0461
6233 0.0939076
3419 0.101549
1409 0.0971002
8645 0.131373
11660 2.42176
16685 2.63246
13670 0.798681
18695 3.65473
6434 0.0949455
3620 0.1053
8846 0.131052
1610 0.0965471
11861 2.87937
16886 3.33211
13871 0.730244
18896 3.30843
6635 0.0951794
3821 0.109076
9047 0.130207
1811 0.0955409
12062 3.13272
17087 4.03907
14072 0.682359
19097 3.01117
6836 0.0952065
4022 0.112493
12263 2.92594
9248 0.128801
2012 0.0947699
14273 0.680279
19298 2.86274
17288 4.70215
7037 0.09792
4223 0.115614
10053 0.212605
9449 0.126844
2213 0.0957008
14474 0.687774
19499 2.82158
7238 0.101606
15078 0.765924
4424 0.118261
10254 0.280763
9650 0.135381
3 0.105838
14675 0.700554
5028 0.111881
4625 0.117802
19700 2.9371
15279 0.823445
10455 0.391472
9851 0.150872
204 0.105415
14876 0.728399
5229 0.109227
4826 0.115589
19901 3.15554
15480 0.906717
7440 0.111168
10656 0.590133
405 0.105684
12465 2.73048
5430 0.108641
15681 1.03078
17490 5.86949
2415 0.0955603
7641 0.115065
10857 0.882045
606 0.105821
12666 2.25161
5631 0.106994
15882 1.26127
17691 5.91048
7842 0.118217
2616 0.097966
807 0.102719
11058 1.29803
12867 1.80347
5832 0.104675
16083 1.57493
17892 5.6912
2817 0.100202
8043 0.120537
1008 0.0992821
6033 0.104013
13068 1.40003
11259 1.78731
16284 1.977
18093 5.3541
8244 0.122285
3018 0.101895
1209 0.0969366
6234 0.103757
16485 2.38522
13269 1.08848
11460 2.33977
18294 4.9799
8445 0.122861
3219 0.103663
1410 0.0947937
6435 0.10368
16686 2.95538
11661 2.92825
18495 4.5773
13470 0.868588
8646 0.121527
3420 0.105441
1611 0.0929693
6636 0.102475
16887 3.81217
18696 4.13539
11862 3.44221
13671 0.762601
8847 0.118985
3621 0.107676
1812 0.0920584
6837 0.100553
17088 4.65646
18897 3.70171
12063 3.66074
13872 0.678201
9048 0.118751
3822 0.109723
2013 0.0918705
7038 0.103184
17289 5.40151
19098 3.31421
12264 3.32531
9249 0.120611
4023 0.111422
14073 0.612483
2214 0.0934068
7239 0.107224
15079 0.7679
19299 3.06059
9450 0.12568
10054 0.254753
4224 0.113225
14274 0.619992
4 0.127716
15280 0.837944
19500 2.93227
5029 0.111331
9651 0.141921
10255 0.348085
4425 0.115242
14475 0.64258
205 0.119355
15481 0.944995
19701 3.01322
5230 0.110511
9852 0.169296
10456 0.504634
4626 0.11573
14676 0.674475
406 0.114371
19902 3.23304
5431 0.111605
15682 1.09938
7441 0.114766
10657 0.748379
4827 0.115269
607 0.111579
14877 0.716551
17491 6.8654
5632 0.112247
15883 1.35049
10858 1.08266
7642 0.11605
2416 0.0959571
808 0.10643
12466 2.7417
17692 6.96248
5833 0.112093
16084 1.74088
7843 0.113941
11059 1.54876
2617 0.0984293
1009 0.100854
12667 2.08752
17893 6.77324
6034 0.110055
16285 2.29947
8044 0.113643
2818 0.100542
1210 0.0969511
11260 2.11063
12868 1.60328
18094 6.35942
6235 0.107821
16486 2.88796
8245 0.113992
3019 0.101752
11461 2.73432
1411 0.0938188
13069 1.29842
18295 5.7461
6436 0.109523
16687 3.61729
8446 0.113538
3220 0.10236
11662 3.299
13270 0.980867
1612 0.092003
18496 4.99354
6637 0.110034
8647 0.11174
16888 4.61964
3421 0.102516
11863 3.73132
13471 0.730938
1813 0.0912659
18697 4.27464
6838 0.107972
8848 0.109182
17089 5.54106
3622 0.102575
12064 3.83442
13672 0.651649
2014 0.0918017
7039 0.10894
18898 3.70415
9049 0.111065
17290 6.34613
3823 0.102899
12265 3.43627
13873 0.602049
2215 0.0935744
19099 3.32854
7240 0.111368
15080 0.769924
9250 0.116387
10055 0.298639
14074 0.572734
4024 0.103648
5 0.132961
19300 3.10535
5030 0.109409
15281 0.857891
9451 0.129177
10256 0.411123
206 0.121613
4225 0.104816
14275 0.596808
19501 3.00758
5231 0.110352
9652 0.153615
15482 0.998658
10457 0.596979
407 0.113897
14476 0.630569
4426 0.106795
5432 0.112362
19702 3.11695
9853 0.191553
15683 1.19682
10658 0.876506
608 0.109871
14677 0.663815
5633 0.11402
4627 0.109112
15884 1.50065
19903 3.35831
7442 0.107193
10859 1.26235
809 0.10593
14878 0.711371
5834 0.114546
4828 0.111739
16085 1.97708
17492 8.2705
7643 0.106797
11060 1.7769
1010 0.10215
12467 2.599
6035 0.11225
2417 0.0990613
16286 2.67981
17693 8.32952
7844 0.104893
1211 0.0997302
11261 2.3832
12668 1.82916
6236 0.108642
2618 0.0998223
16487 3.45147
8045 0.104216
17894 7.98036
1412 0.0979339
11462 3.03955
12869 1.29179
6437 0.108093
2819 0.100056
16688 4.37733
8246 0.104662
18095 7.2711
11663 3.49752
1613 0.096873
13070 1.12056
6638 0.107361
3020 0.0992651
16889 5.50054
8447 0.105115
18296 6.3281
1814 0.0963852
13271 0.842429
6839 0.10574
11864 3.75739
3221 0.0980275
17090 6.60051
8648 0.10671
18497 5.24344
2015 0.0968028
13472 0.601816
7040 0.105589
12065 3.70496
17291 7.59187
8849 0.110633
3422 0.0964988
18698 4.33597
2216 0.0978026
13673 0.554303
7241 0.106391
12266 3.30001
15081 0.768431
9050 0.116987
18899 3.67956
3623 0.095281
6 0.124384
13874 0.539874
5031 0.106041
10056 0.345632
15282 0.885662
9251 0.126267
19100 3.32151
207 0.116321
14075 0.544216
5232 0.108489
3824 0.0944569
10257 0.471956
9452 0.144579
15483 1.07211
19301 3.13123
408 0.109916
14276 0.578759
5433 0.110692
4025 0.0949998
10458 0.670278
9653 0.174266
19502 3.07414
15684 1.33921
609 0.106387
14477 0.6178
5634 0.112266
4226 0.0963358
10659 0.974974
19703 3.22649
15885 1.74843
9854 0.222311
810 0.103894
14678 0.652445
5835 0.111962
4427 0.0987907
10860 1.42304
19904 3.53353
16086 2.31971
7443 0.0988637
14879 0.703103
1011 0.102886
6036 0.110127
4628 0.102258
11061 1.92633
17493 10.0259
16287 3.11731
7644 0.0978199
12468 2.06918
1212 0.102249
6237 0.106973
4829 0.107191
11262 2.4221
16488 4.0921
17694 9.98294
7845 0.0976191
6438 0.103411
1413 0.102013
11463 2.76006
2418 0.102987
12669 1.43438
16689 5.20143
17895 9.22846
8046 0.098361
6639 0.100168
1614 0.101772
12870 0.953902
11664 2.90658
2619 0.102556
16890 6.43345
8247 0.100203
18096 8.01394
1815 0.10178
6840 0.0994623
2820 0.101372
13071 0.8151
11865 2.90287
8448 0.103376
17091 7.80517
18297 6.66309
2016 0.102301
7041 0.0993975
3021 0.0995388
13272 0.671824
12066 2.76916
8649 0.108681
18498 5.31982
17292 9.13045
2217 0.1028
7242 0.0996718
3222 0.0973992
13473 0.547524
12267 2.50454
18699 4.33078
8850 0.118867
15082 0.834747
5032 0.0994088
7 0.118711
3423 0.0950041
13674 0.523732
10057 0.388579
18900 3.65119
15283 0.998412
3624 0.0930359
9051 0.129818
208 0.11467
13875 0.524106
5233 0.103136
10258 0.521954
19101 3.30544
15484 1.23469
3825 0.0919686
9252 0.143387
14076 0.539136
5434 0.104509
409 0.11118
10459 0.718379
19302 3.15403
15685 1.55671
4026 0.0922646
9453 0.164799
610 0.108346
14277 0.564221
5635 0.103944
15886 2.0419
10660 1.01324
19503 3.1472
4227 0.0934886
9654 0.198754
811 0.106047
14478 0.594546
5836 0.103176
16087 2.69554
10861 1.48954
4428 0.0958234
19704 3.3566
9855 0.256549
1012 0.105061
14679 0.632575
6037 0.101726
16288 3.56714
11062 1.91978
4629 0.0988057
19905 3.74731
1213 0.104696
7444 0.0961296
14880 0.689332
16489 4.70789
6238 0.099501
11263 2.24128
4830 0.102874
17494 10.2804
7645 0.0962957
1414 0.105059
16690 6.07047
12469 1.41932
6439 0.0969987
11464 2.24918
2419 0.107597
17695 9.94322
7846 0.0982289
1615 0.105744
12670 1.03759
16891 7.57678
6640 0.0948247
11665 2.153
2620 0.106023
17896 9.10418
8047 0.101386
1816 0.106642
17092 8.87243
12871 0.704955
6841 0.094334
11866 1.97968
2821 0.103665
18097 7.92552
2017 0.107693
8248 0.106197
13072 0.606446
7042 0.0945377
17293 9.90886
12067 1.81208
3022 0.101074
18298 6.59921
2218 0.108428
8449 0.113469
13273 0.546688
7243 0.0957448
15083 0.943682
12268 1.6194
3223 0.0984491
18499 5.2258
8 0.114239
8650 0.123047
13474 0.506173
15284 1.16765
5033 0.090438
3424 0.0956241
18700 4.30532
10058 0.400534
209 0.113756
8851 0.136596
13675 0.497203
15485 1.45568
5234 0.0952411
3625 0.0932877
18901 3.66448
10259 0.510053
410 0.112849
9052 0.151982
13876 0.504842
15686 1.82752
5435 0.0963754
3826 0.0918784
19102 3.32897
10460 0.661292
611 0.110601
9253 0.169557
14077 0.52976
15887 2.38329
5636 0.093836
4027 0.09146
19303 3.25636
10661 0.869128
9454 0.191898
812 0.107962
14278 0.555859
16088 3.08563
5837 0.0928111
4228 0.0920639
19504 3.35633
10862 1.15485
9655 0.226402
14479 0.589078
1013 0.106553
16289 3.99375
6038 0.0922464
4429 0.0933406
11063 1.37114
19705 3.67011
9856 0.291408
14680 0.643734
1214 0.10582
6239 0.0911523
16490 5.23628
4630 0.094906
19906 4.11237
7445 0.095277
14881 0.72456
1415 0.106278
11264 1.48505
6440 0.0904067
16691 6.77757
4831 0.0970333
17495 10.0136
7646 0.0972774
1616 0.107022
12470 0.750694
6641 0.0901088
11465 1.40284
16892 8.5097
2420 0.108243
17696 9.47212
7847 0.101708
12671 0.646487
1817 0.108105
6842 0.0901484
11666 1.27824
17093 9.63135
2621 0.106931
17897 8.6406
8048 0.107593
2018 0.108833
12872 0.561216
7043 0.09086
11867 1.13139
17294 10.1752
2822 0.104919
8249 0.115498
18098 7.65384
2219 0.109155
13073 0.51163
7244 0.093164
12068 0.979882
15084 1.10139
3023 0.102853
18299 6.48714
9 0.117746
8450 0.126283
5034 0.0863746
13274 0.484881
12269 0.844114
3224 0.100831
15285 1.36184
18500 5.1587
210 0.116388
8651 0.139727
5235 0.0898298
10059 0.402097
13475 0.477076
15486 1.69591
3425 0.0995007
18701 4.30885
411 0.113761
8852 0.156131
5436 0.0912927
10260 0.480072
13676 0.4737
15687 2.12296
3626 0.0985506
18902 3.7462
612 0.110572
9053 0.175146
5637 0.0891913
10461 0.582933
13877 0.483078
15888 2.68922
3827 0.0961926
813 0.10729
19103 3.47379
9254 0.196584
5838 0.0887502
10662 0.70309
16089 3.38763
14078 0.516706
4028 0.0938752
1014 0.105688
19304 3.47062
6039 0.0889679
9455 0.223982
10863 0.832126
16290 4.27502
4229 0.0923995
14279 0.553145
1215 0.104907
19505 3.63359
9656 0.260562
11064 0.909276
6240 0.0878787
16491 5.43273
4430 0.0911591
14480 0.600939
1416 0.105097
19706 3.97898
11265 0.926182
9857 0.319084
6441 0.0869786
16692 6.74611
4631 0.09007
1617 0.105592
14681 0.680776
19907 4.39072
7446 0.0968867
11466 0.85337
6642 0.0867333
16893 8.04795
4832 0.0896149
1818 0.106627
17496 9.63645
14882 0.794099
7647 0.10118
6843 0.0877089
11667 0.777138
17094 8.91979
2421 0.107008
2019 0.107192
7848 0.10847
17697 9.34361
12471 0.511424
7044 0.0896377
2622 0.106623
11868 0.709517
17295 9.42677
2220 0.107271
8049 0.117434
17898 8.592
12672 0.491772
7245 0.0930268
2823 0.105922
12069 0.626725
15085 1.3034
10 0.122315
8250 0.127988
18099 7.72223
12873 0.483197
5035 0.0852037
3024 0.105178
15286 1.60836
12270 0.55345
211 0.118693
8451 0.141497
13074 0.464638
18300 6.59669
5236 0.0866931
3225 0.104015
15487 2.00082
10060 0.389595
412 0.113749
8652 0.157534
5437 0.0877213
18501 5.20743
15688 2.46585
10261 0.432051
3426 0.103614
13275 0.456083
613 0.109077
8853 0.176957
10462 0.479141
18702 4.42512
5638 0.0867314
3627 0.103486
814 0.104922
13476 0.461531
15889 3.00579
9054 0.198661
10663 0.52633
18903 4.00639
5839 0.0864695
3828 0.100005
1015 0.102317
13677 0.471606
16090 3.64876
9255 0.223392
10864 0.563232
6040 0.086596
19104 3.99969
4029 0.0957287
1216 0.100791
13878 0.491183
16291 4.45855
9456 0.256289
11065 0.583512
6241 0.0854626
4230 0.0924206
1417 0.100402
19305 4.0002
14079 0.530011
16492 5.43167
9657 0.295599
11266 0.575681
6442 0.084471
4431 0.0896831
19506 4.01767
14280 0.580936
1618 0.100597
9858 0.343085
6643 0.0845816
16693 6.49482
4632 0.0876793
11467 0.56016
19707 4.06989
14481 0.651242
1819 0.102029
7447 0.101951
6844 0.0863676
16894 7.48039
4833 0.0864673
19908 4.24576
11668 0.550041
2020 0.103579
14682 0.771778
7648 0.10974
7045 0.0897047
17095 8.2317
2422 0.105922
17497 9.22354
11869 0.546313
2221 0.10502
14883 0.916862
7849 0.120311
2623 0.10639
17296 8.78956
17698 9.12096
11 0.120447
7246 0.0952119
12070 0.530744
8050 0.132471
12472 0.481688
2824 0.108136
15086 1.59582
17899 8.41625
212 0.11546
5036 0.0878498
12271 0.509207
8251 0.145833
12673 0.459506
3025 0.110037
15287 1.97535
18100 7.60195
413 0.110016
5237 0.0882356
10061 0.365163
8452 0.16039
3226 0.109696
15488 2.40551
12874 0.443899
614 0.104844
18301 6.57965
5438 0.0887092
10262 0.385148
8653 0.175394
3427 0.108763
15689 2.86923
13075 0.440986
815 0.100124
18502 5.35342
5639 0.0878349
10463 0.405909
8854 0.193973
3628 0.107119
15890 3.339
13276 0.444758
10664 0.423045
1016 0.0964062
18703 4.67622
9055 0.215945
5840 0.0864494
3829 0.102293
16091 3.86419
13477 0.454932
10865 0.432064
1217 0.0942997
9256 0.242859
18904 4.3185
4030 0.0962654
6041 0.0842695
16292 4.45237
13678 0.479546
11066 0.438402
1418 0.0935475
9457 0.274735
19105 4.2776
4231 0.0918455
6242 0.0830307
16493 5.17218
13879 0.514063
11267 0.445884
1619 0.0940421
9658 0.312085
19306 4.15753
4432 0.0884523
6443 0.082657
16694 6.0261
14080 0.558925
1820 0.0962251
9859 0.350099
19507 3.99235
11468 0.457425
4633 0.0867638
6644 0.0837683
16895 7.00602
14281 0.627758
2021 0.0993298
11669 0.471131
19708 3.84862
6845 0.0864038
4834 0.0856948
7448 0.109404
17096 7.82947
14482 0.727703
2423 0.105733
17297 8.4459
2222 0.102862
11870 0.483166
7046 0.0911035
7649 0.120987
19909 3.88768
14683 0.888378
2624 0.106818
20100 3.45873
22713 33.4365
7247 0.099131
7850 0.134282
12071 0.483239
17498 8.79873
14884 1.07943
2825 0.110015
20301 3.79622
25125 106.142
8051 0.149245
12272 0.473232
22914 40.0113
12473 0.455723
17699 8.68213
3026 0.114049
20502 4.19941
8252 0.164402
25326 117.218
23115 46.3838
27738 39.6912
12674 0.442174
17900 8.02971
3227 0.114138
20703 4.67762
8453 0.179128
25527 127.619
27939 29.6189
23316 52.3338
12875 0.435529
18101 7.19213
3428 0.112769
20904 5.40185
8654 0.191911
25728 138.293
23517 57.465
28140 22.7392
18302 6.34414
13076 0.439993
3629 0.109918
21105 6.31608
25929 147.273
8855 0.209315
28341 20.4258
18503 5.55719
13277 0.450031
23718 60.328
3830 0.105134
21306 7.48013
26130 154.02
9056 0.230203
28542 20.4729
18704 5.05418
13478 0.465576
21507 8.79757
4031 0.098764
23919 62.3569
26331 156.141
9257 0.256093
28743 21.933
18905 4.63499
13679 0.501959
21708 10.4651
24120 66.4294
26532 150.859
4232 0.0942278
9458 0.284937
28944 24.0118
19106 4.18884
13880 0.55441
21909 12.8968
26733 133.852
9659 0.317381
24321 71.6635
4433 0.0907355
29145 26.4522
19307 3.82892
14081 0.618034
22110 16.5599
26934 109.963
9860 0.343346
4634 0.0893409
29346 29.3912
24522 77.9759
19508 3.53494
14282 0.713315
27135 86.3995
22311 21.3806
30150 39.121
4835 0.0883896
29547 32.6576
24723 84.8662
14483 0.844452
27336 68.3324
19709 3.32653
30351 39.9537
22512 27.2481
29748 35.7502
32763 40.4466
24924 93.6669
14684 1.04495
27537 52.8501
19910 3.35875
30552 41.2512
20101 3.40636
32964 38.157
29949 37.779
22714 32.5493
14885 1.29429
25126 105.502
35175 24.5738
30753 42.5059
20302 3.78133
27739 29.8528
33165 36.667
22915 37.72
37788 30.6948
25327 115.717
35376 20.6417
20503 4.23219
30954 43.4379
27940 23.6635
33366 35.9865
37989 38.887
23116 43.8879
25528 125.542
35577 16.3979
20704 4.7707
31155 44.3662
38190 45.9169
28141 19.2217
23317 50.4456
33567 35.5163
35778 12.549
25729 135.485
20905 5.46285
31356 45.2127
38391 54.0249
25930 143.431
28342 16.7141
23518 57.2178
33768 35.2572
35979 10.8907
21106 6.29519
31557 46.5426
26131 148.925
38592 63.1281
28543 16.3898
23719 59.9992
33969 35.2422
36180 10.0497
21307 7.27848
31758 47.676
26332 146.973
38793 73.4012
23920 61.4531
28744 17.2641
36381 10.2228
34170 35.5781
21508 8.5107
31959 47.8721
26533 136.729
38994 83.9073
28945 19.3465
24121 65.5112
36582 10.9165
21709 10.1398
34371 36.1905
32160 46.7371
26734 114.913
39195 91.531
29146 21.8412
36783 12.2027
24322 70.9744
21910 12.6739
32361 44.6413
34572 34.4182
39396 98.6026
26935 93.5506
29347 24.8081
36984 13.6062
24523 77.5291
22111 16.5826
32562 42.6185
39597 104.134
34773 31.7025
29548 28.029
27136 73.2284
37185 15.3023
24724 84.2154
22312 21.6117
30151 36.5248
34974 28.2588
39798 109.289
27337 54.2172
29749 31.2888
37386 18.0972
24925 92.95
22513 27.0496
30352 38.6177
32764 37.3491
39999 113.926
27538 40.0344
29950 34.0907
20102 3.46258
22715 31.1462
37587 22.371
30553 41.1643
32965 36.6521
40200 117.864
25127 99.0186
35176 23.268
27740 24.3986
20303 3.86437
30754 43.4762
22916 37.3916
33166 36.3195
37789 30.2273
25328 109.256
35377 20.0988
27941 20.0057
20504 4.36688
23117 44.9267
33367 36.1535
30955 45.1236
37990 37.4333
25529 119.214
35578 15.7374
23318 51.869
28142 16.7243
20705 4.98095
33568 35.9333
31156 46.429
38191 43.6706
35779 11.9539
25730 129.999
28343 14.1393
20906 5.78379
23519 56.7607
33769 35.86
31357 47.5014
38392 51.7773
35980 10.5847
25931 136.465
28544 13.5665
21107 6.73833
23720 59.695
33970 36.1535
38593 61.1397
31558 48.1863
36181 9.86388
26132 139.193
28745 14.0719
21308 7.8377
34171 36.5751
23921 62.0086
38794 71.8561
36382 9.79111
31759 48.2379
26333 135.477
21509 9.18468
28946 15.913
34372 36.5667
24122 65.3329
38995 81.5423
31960 47.1586
29147 18.2083
21710 10.936
26534 123.855
36583 10.6206
34573 33.3792
24323 69.2731
39196 87.2936
32161 44.789
29348 20.7414
21911 13.512
36784 12.0105
26735 104.762
34774 29.7818
24524 73.863
39397 92.3991
32362 41.7594
29549 23.6585
22112 17.0465
36985 13.0535
24725 79.1774
26936 85.6879
39598 96.506
34975 26.4743
32563 39.0127
29750 26.6659
22313 21.5456
37186 14.4099
24926 87.0461
39799 100.617
27137 66.3441
32765 29.7921
30152 32.8117
29951 29.9535
22514 25.9651
37387 17.2758
22716 30.1993
40000 104.846
27338 46.1246
32966 30.4236
30353 35.6689
27741 22.2334
20103 3.56315
22917 37.3203
37588 22.0345
40201 108.315
27539 32.8561
33167 31.4314
27942 18.1421
30554 39.1296
20304 4.00254
23118 45.6693
35177 20.7226
37790 28.8186
25128 90.5348
28143 15.0886
33368 32.1721
30755 42.1445
20505 4.58138
23319 52.5399
35378 17.6285
37991 35.1367
25329 100.696
28344 12.6888
33569 32.0269
30956 44.3802
20706 5.30718
23520 55.8026
38192 41.4032
25530 111.501
35579 14.0005
28545 12.2743
33770 31.6856
31157 45.7421
20907 6.21227
23721 59.1183
38393 49.4003
25731 122.781
28746 12.7111
35780 11.1271
31358 46.627
33971 31.251
23922 62.3385
21108 7.28732
38594 58.6016
25932 127.541
28947 14.0319
31559 46.4699
34172 31.4847
35981 10.0953
38795 69.6178
24123 64.7505
21309 8.54143
26133 127.654
29148 15.6336
31760 45.266
36182 9.54228
38996 78.133
34373 31.4627
24324 66.9183
21510 10.0391
29349 17.4682
31961 43.1867
26334 123.125
36383 9.40532
24525 69.3072
21711 11.8689
34574 29.077
39197 83.4889
29550 19.5715
26535 113.831
32162 40.4393
36584 10.2402
24726 73.2767
21912 14.2748
39398 87.5503
34775 26.4207
26736 100.277
32363 36.8962
36785 11.4709
29751 21.8082
22113 17.372
24927 80.0401
39599 90.7231
34976 23.8011
32564 31.969
26937 81.9788
29952 24.3369
36986 12.3479
22314 21.1015
22717 30.4967
39800 93.5117
32766 23.3716
30153 26.7847
27138 62.3961
27742 20.9247
37187 13.7487
22515 24.9796
22918 36.4064
40001 96.0103
32967 23.9331
30354 29.2154
27339 42.2977
27943 16.5725
20104 3.70792
37388 16.639
23119 43.4663
40202 98.0129
33168 25.1716
30555 32.0962
27540 30.0338
28144 13.4665
20305 4.25142
37589 21.6112
33369 26.258
23320 49.6586
30756 35.0114
37791 26.2368
25129 82.9791
28345 11.3395
20506 4.90835
35178 17.4723
23521 53.695
37992 31.7119
33570 26.5017
30957 37.3855
25330 92.2041
28546 11.0351
20707 5.75066
35379 14.5918
23722 57.5416
38193 37.923
33771 26.0169
31158 36.9343
25531 101.922
28747 11.3981
35580 12.0845
20908 6.7955
23923 60.663
38394 45.8176
33972 25.1846
31359 36.666
25732 111.933
28948 12.4445
35781 10.2837
21109 7.97011
24124 61.9789
38595 53.6724
31560 38.1032
34173 25.5215
29149 13.5872
35982 9.49327
25933 116.008
24325 63.85
21310 9.26924
38796 61.8192
34374 25.4104
31761 36.8839
29350 14.8634
24526 66.2414
36183 9.137
21511 10.8289
38997 68.2324
26134 117.08
34575 24.2006
31962 34.0877
29551 16.2548
24727 69.8648
36384 9.08057
21712 12.5378
34776 22.3883
26335 115.367
32163 31.6555
39198 73.715
29752 17.758
24928 75.2754
36585 9.65161
21913 14.4664
34977 20.3663
26536 106.171
32364 28.8388
39399 78.2726
22718 30.1861
36786 10.5499
29953 19.4132
22114 17.0131
32767 17.7238
26737 91.457
32565 24.9329
39600 82.1703
22919 35.4127
36987 11.8187
22315 20.3719
27743 19.8399
32968 17.4674
26938 71.4485
30154 21.0526
39801 84.506
23120 41.3254
37188 13.8043
22516 25.1433
27944 14.9031
33169 18.1587
27139 53.564
30355 22.7619
23321 47.0488
37389 16.7954
20105 3.96236
40002 86.4562
33370 18.9585
28145 11.8891
27340 37.8084
30556 24.7277
23522 51.9704
37590 20.9572
20306 4.60604
40203 87.6409
28346 10.0526
33571 19.7009
27541 27.9
30757 27.0262
35179 12.8079
23723 55.7533
20507 5.36799
37792 24.3426
28547 9.77067
33772 19.2518
25130 75.3694
30958 28.8281
35380 11.118
23924 58.3563
20708 6.25301
33973 18.5904
25331 83.8006
37993 29.6563
28748 10.1148
31159 27.1652
24125 59.0053
20909 7.4309
35581 9.86592
25532 92.9603
34174 18.6513
38194 35.6102
28949 11.0251
31360 26.714
24326 60.4653
35782 9.04526
21110 8.65799
25733 101.792
38395 42.7406
34375 18.6888
29150 11.8715
31561 29.121
24527 62.7062
35983 8.597
21311 9.87287
25934 105.903
38596 48.589
34576 18.0061
29351 12.7637
31762 27.5564
36184 8.48147
24728 65.9784
21512 11.551
26135 107.695
38797 53.3059
29552 13.6809
34777 16.5335
36385 8.58759
31963 24.2969
24929 70.1992
21713 13.3058
26336 107.23
38998 57.9851
29753 14.4723
34978 14.7319
36586 9.10563
22719 29.4152
21914 14.8686
32164 22.5156
39199 62.9132
26537 97.2813
29954 15.2621
32768 13.4333
36787 10.0261
22920 34.4095
32365 20.7739
26738 80.835
22115 17.1048
39400 68.2264
27744 17.9515
32969 13.3037
36988 11.5343
32566 18.7304
26939 60.7541
23121 39.6839
22316 20.2619
39601 72.6092
27945 13.0619
33170 13.8983
37189 13.8254
30155 16.0045
27140 44.9205
23322 45.1679
39802 74.9268
22517 25.0962
28146 10.2099
33371 14.568
37390 16.8087
30356 16.7627
27341 33.7698
23523 50.526
40003 76.5044
20106 4.30458
28347 8.53615
33572 15.1629
30557 17.3021
37591 20.2673
27542 26.0055
40204 77.6305
23724 53.6736
28548 8.17656
20307 5.03318
33773 14.9098
30758 18.2586
35180 9.46941
25131 68.3912
37793 24.8452
23925 55.5579
20508 5.86179
33974 14.4778
30959 19.3144
35381 8.65591
25332 75.9331
28749 8.32005
37994 30.7953
24126 55.9434
20709 6.77216
34175 14.3706
28950 8.80727
31160 19.3259
35582 8.19806
25533 84.9113
38195 36.4916
24327 56.8229
20910 8.0279
34376 14.1335
29151 9.38464
31361 19.5447
38396 42.0911
24528 58.1926
25734 94.4604
21111 9.21891
35783 7.906
34577 13.6788
29352 10.0555
31562 20.4439
38597 46.9565
25935 99.5794
24729 60.663
21312 10.2912
35984 7.73106
34778 12.2316
29553 10.9062
31763 18.6891
38798 51.3975
26136 100.231
24930 64.032
36185 7.8076
34979 10.6745
21513 12.1209
29754 11.6521
31964 16.4134
38999 55.6213
26337 94.5462
22720 28.7067
36386 8.07101
32769 10.2336
29955 12.3695
21714 14.0484
32165 15.3084
26538 82.1017
39200 59.5044
22921 33.5541
32970 10.4125
36587 8.6436
32366 14.5273
27745 15.7884
21915 15.4435
26739 67.0154
23122 38.6113
39401 62.7894
33171 11.0487
32567 13.8938
36788 9.73925
27946 11.1885
22116 17.6196
26940 52.4779
23323 43.5874
39602 65.5967
33372 11.5747
30156 13.0352
36989 11.3579
28147 8.68134
27141 39.9702
22317 20.559
39803 67.6621
23524 48.4086
33573 12.0159
30357 13.3959
37190 13.7608
28348 7.20934
22518 24.775
27342 30.0793
23725 51.056
33774 12.0797
40004 69.1395
30558 13.396
28549 6.76089
37391 16.7461
27543 23.4416
20107 4.64227
23926 52.6167
40205 70.2861
33975 12.0523
30759 13.6395
37592 20.3455
28750 6.66238
25132 65.2595
20308 5.23805
24127 53.0588
30960 13.9904
37794 25.3347
28951 6.79886
35181 8.33714
34176 12.0139
25333 72.6212
20509 5.97548
24328 53.6105
31161 14.371
37995 31.8036
35382 7.8208
29152 7.16241
20710 6.85835
25534 80.9689
24529 54.6229
34377 11.6395
38196 36.8402
31362 14.4241
35583 7.49026
29353 7.71456
20911 7.87879
25735 89.6019
34578 11.0105
24730 56.9081
38397 41.4342
31563 14.0531
35784 7.23624
29554 8.50351
25936 93.2482
34779 9.99685
38598 46.011
21112 9.03065
24931 60.4392
31764 12.464
35985 7.08134
29755 9.49007
26137 92.2178
34980 9.03116
38799 50.508
21313 10.3113
36186 7.24601
31965 11.0343
29956 10.4306
22721 27.9301
26338 85.2135
32770 8.70809
39000 54.5245
21514 12.037
36387 7.59943
32166 10.3464
27746 13.349
22922 32.697
26539 72.9052
32971 9.12956
39201 57.2383
21715 13.9111
32367 10.1758
36588 8.19069
27947 9.24178
23123 37.5885
26740 59.6673
33172 9.66926
32568 10.2681
21916 15.6679
36789 9.55585
39402 58.3492
28148 7.46332
26941 47.7462
23324 42.0296
33373 10.1738
30157 11.242
22117 17.7383
36990 11.3557
28349 6.43617
39603 59.9618
27142 36.9757
23525 45.9743
33574 10.58
22318 20.3571
30358 11.7302
37191 13.5974
28550 5.78087
27343 27.754
23726 48.3802
39804 61.7957
33775 10.7903
37392 16.4122
30559 11.9691
22519 24.2656
28751 5.65417
23927 49.8779
33976 10.803
40005 63.5702
27544 21.3263
28952 5.81992
37593 20.2807
30760 12.0595
20108 4.83765
34177 10.606
24128 50.4318
40206 65.4292
25133 64.5324
29153 6.33081
35182 7.42891
30961 12.0382
20309 5.26863
24329 50.6688
34378 10.0436
35383 7.13357
29354 6.97166
25334 72.5033
31162 11.8084
37795 25.7102
20510 5.88085
24530 51.564
34579 9.34122
35584 6.90613
29555 7.78145
25535 80.0459
31363 11.2592
20711 6.68842
24731 53.9879
37996 32.1392
34780 8.49846
35785 6.69071
25736 86.2495
29756 8.85263
31564 10.5238
20912 7.48075
24932 58.472
34981 7.84876
38197 36.5956
35986 6.61193
25937 86.652
29957 9.87839
31765 9.42756
21113 8.51394
22722 26.6377
32771 7.89093
38398 40.8869
36187 6.8004
31966 8.58159
27747 11.5446
26138 84.471
21314 9.93667
22923 31.317
32972 8.42993
36388 7.22015
38599 45.3417
32167 8.13745
27948 7.72484
26339 79.8289
21515 11.4671
23124 35.97
33173 8.95022
38800 49.3607
28149 6.40562
32368 8.13657
36589 7.88703
23325 40.4058
21716 13.2612
26540 70.0213
33374 9.45722
