0 1.44091e-07
459 1.63758e-08
612 3.35914e-07
969 6.51651e-07
1122 1.66272e-06
306 1.77199e-08
765 3.24672e-06
153 1.11445e-08
51 3.74014e-08
1020 2.88127e-06
510 1.02326e-08
663 3.91601e-06
357 3.12028e-08
1173 1.78928e-06
816 2.00989e-06
204 1.59811e-08
102 2.26579e-08
1071 4.91184e-06
714 7.46104e-06
561 3.72251e-09
408 1.57565e-08
1224 3.47859e-07
867 1.56477e-07
255 1.18174e-08
1 2.26074e-08
970 2.25179e-06
613 1.0047e-06
307 7.59729e-09
460 1.26799e-08
1123 5.37943e-06
918 6.51611e-08
154 3.00262e-09
52 5.09976e-09
1021 7.76654e-06
664 3.97986e-06
358 5.15229e-09
1174 3.01966e-06
511 1.68764e-08
766 6.59252e-06
205 5.4957e-09
103 7.32481e-09
1072 9.84167e-06
1225 3.98115e-07
409 8.46696e-09
562 1.29745e-07
715 3.79671e-06
817 3.07075e-06
256 8.17762e-09
2 4.3901e-09
971 4.25482e-06
1124 3.76429e-06
308 2.69202e-09
461 2.96886e-08
614 5.00786e-07
868 5.40073e-08
155 1.41277e-09
53 5.10697e-09
1022 7.45239e-06
1175 2.13773e-06
359 5.03861e-09
512 1.00197e-07
665 2.45076e-06
919 1.43942e-07
206 8.6961e-09
104 5.77193e-09
1073 2.58922e-06
410 2.05823e-09
1226 8.26887e-07
563 1.44419e-07
716 3.81433e-06
767 8.02335e-07
257 3.2687e-09
1275 1.73641e-06
1428 3.8215e-05
1581 4.61825e-05
1785 1.50045e-05
2091 1.48282e-05
1938 1.58422e-05
818 3.2439e-08
2244 2.48141e-05
1326 5.60164e-06
1632 2.06901e-05
1479 8.61811e-06
1836 3.18743e-05
2142 1.92914e-05
1989 2.30186e-05
869 1.86984e-07
2295 2.65553e-06
1377 2.84998e-05
1683 0.000109719
1530 1.45373e-05
1887 3.0515e-05
2040 4.72167e-05
2193 2.47102e-05
2346 2.38913e-05
920 1.88776e-06
1276 3.51792e-06
1734 0.000112291
1429 3.26024e-05
1786 8.71646e-06
1939 4.20555e-05
2092 2.823e-05
2245 9.7641e-06
2397 3.34213e-05
1327 8.6175e-06
1480 1.28477e-05
1582 3.74321e-05
1837 1.57724e-05
1990 5.69781e-05
2143 1.97327e-05
2448 4.03806e-05
2296 3.04165e-06
1378 1.02551e-05
1888 3.20932e-05
1531 1.03951e-05
1633 2.50325e-05
2041 5.11026e-05
2194 2.0404e-05
2499 3.11977e-05
2347 1.82359e-05
1277 3.45302e-06
1430 2.76961e-05
1787 3.03136e-06
2246 8.1901e-08
1940 1.11707e-06
1481 7.22937e-06
2550 3.74006e-05
1684 0.000172277
2093 3.94922e-06
1328 6.10327e-06
1838 3.03992e-06
2297 4.19551e-06
1991 2.11275e-06
1532 3.49826e-06
2398 3.13002e-05
1735 7.71699e-05
2144 3.02033e-06
1379 1.38393e-05
1889 2.13964e-06
2348 2.04425e-05
2042 8.48501e-07
3 2.245e-08
2449 1.48451e-05
1583 2.03225e-05
2195 5.00727e-07
156 5.38801e-09
309 1.48649e-08
462 3.80679e-08
54 1.38509e-09
615 6.40297e-08
2500 1.54948e-05
1634 1.97228e-05
768 1.85744e-08
207 4.1248e-09
360 2.51056e-08
513 3.37401e-08
105 6.65742e-09
666 5.56101e-08
2551 1.83606e-05
1685 0.000105646
819 1.03059e-07
258 1.10315e-08
411 3.8672e-08
4 1.89636e-08
564 2.80711e-08
717 6.50169e-08
2399 1.99942e-05
1736 6.11171e-05
55 1.32764e-08
870 2.30872e-06
157 7.21689e-09
310 4.98122e-08
616 2.51954e-08
2450 1.83344e-05
921 3.1978e-06
463 5.05498e-08
972 1.05653e-06
106 1.51796e-09
208 1.53008e-08
361 4.21261e-08
667 4.63295e-08
2501 1.70902e-05
769 4.09609e-07
514 1.06063e-08
1023 2.6398e-06
5 3.91803e-09
259 7.31934e-09
412 6.26449e-08
718 2.39389e-08
2552 1.02583e-05
820 1.34664e-06
565 6.77855e-09
1074 1.02557e-06
158 4.84072e-09
56 1.96988e-08
617 3.84362e-08
311 5.79756e-08
1125 5.71946e-06
871 2.24322e-06
464 2.64197e-09
973 6.53358e-07
107 6.84547e-09
209 1.32886e-08
668 8.06588e-08
362 8.52407e-08
1176 5.32752e-06
922 7.60602e-07
515 2.04807e-08
1024 1.37869e-06
1278 3.2546e-06
260 2.26632e-08
719 4.6243e-07
413 3.14949e-08
1227 8.32656e-07
770 4.03977e-06
566 8.68492e-08
1075 3.13248e-07
1329 7.87384e-06
1431 9.77851e-06
1584 1.07013e-05
1788 7.29473e-07
1126 2.06996e-06
821 1.89034e-06
1941 1.0062e-05
1380 1.46072e-05
974 6.66849e-07
1482 6.3356e-06
1635 9.97252e-06
1839 6.00964e-06
1177 8.77745e-07
872 9.08522e-07
1992 1.2669e-05
1279 4.98961e-06
1025 1.47677e-06
1533 5.26873e-06
1686 8.57399e-05
1890 7.44901e-06
1228 5.64089e-07
923 4.69348e-07
2043 9.4345e-06
1330 7.27384e-06
1076 5.57785e-07
1432 9.66688e-06
1737 2.15695e-05
1942 1.78905e-05
2094 1.80829e-06
2247 4.39056e-07
1585 6.7195e-06
1789 2.33318e-06
1127 2.78466e-06
2145 2.26282e-06
2298 3.89231e-06
1636 2.43954e-05
1993 2.10418e-05
1381 1.01793e-05
1483 1.91348e-06
2196 1.16397e-06
1687 4.85567e-05
2044 1.45993e-05
2349 8.43195e-06
2095 2.25087e-05
1738 1.38872e-05
2248 4.31077e-06
2146 2.45527e-05
1943 0.000348951
1586 1.85065e-06
2299 1.22046e-06
2197 2.71546e-05
1994 0.000486424
1637 1.60143e-05
2350 5.89465e-06
2096 0.00016228
2045 0.000468162
2249 1.59122e-05
1840 1.15724e-05
2147 6.28381e-05
1534 3.92819e-06
1688 3.47487e-05
2300 1.55108e-06
2400 7.64602e-06
2198 5.77332e-05
1739 5.21921e-06
2351 4.87396e-06
2451 1.67898e-06
6 1.14849e-08
159 4.41006e-08
2502 3.75392e-06
312 2.16987e-07
57 1.1169e-09
2553 1.03259e-05
363 3.30404e-08
210 5.25293e-08
108 1.60543e-08
2401 9.14014e-06
414 2.00905e-08
7 4.27439e-09
1891 2.3497e-05
261 1.12226e-07
2452 4.31831e-06
313 1.54603e-09
58 1.14472e-08
1433 4.76851e-06
160 4.19694e-08
364 1.34591e-08
2503 7.88576e-06
109 1.17496e-08
211 4.35017e-08
2554 1.70718e-05
262 7.02208e-08
415 2.53553e-08
8 2.30503e-08
2402 6.84791e-06
161 1.92089e-07
314 9.42714e-08
59 3.32477e-08
1790 6.7777e-06
2453 4.26855e-07
212 7.91201e-08
365 3.78714e-08
2504 1.84566e-06
1484 2.00223e-06
263 1.11819e-07
110 3.30421e-07
416 2.08418e-08
2555 1.22045e-05
618 6.56934e-08
465 4.02701e-08
771 3.15488e-07
975 9.85836e-07
516 7.49104e-09
669 9.35245e-07
822 2.16844e-07
567 1.02593e-08
1026 1.45835e-06
873 2.6694e-07
720 2.59921e-06
1535 4.22914e-06
466 1.01014e-08
924 6.64867e-07
1841 1.46163e-05
1077 8.5873e-07
619 2.45422e-06
517 1.22819e-08
772 1.87743e-07
976 6.34613e-07
670 3.76043e-06
568 5.14199e-08
823 5.05298e-08
1027 5.23664e-07
721 5.27256e-07
467 1.55609e-07
874 4.35084e-07
1078 1.0821e-06
620 6.28652e-06
518 7.96499e-07
925 2.99103e-07
671 9.18634e-08
569 4.01962e-06
773 5.01153e-09
1892 7.18348e-05
722 2.13502e-08
824 1.27673e-07
1434 3.54074e-06
875 3.27478e-07
1485 4.53359e-07
1587 2.29489e-06
1536 2.08311e-06
1638 1.65551e-05
1435 1.13562e-06
1486 6.70601e-07
1537 1.2364e-06
1689 1.32295e-05
1740 2.17394e-06
1178 6.49803e-06
1588 4.59159e-06
1280 3.56588e-05
1639 7.76762e-06
1690 6.94751e-06
1741 0.000224129
926 5.11145e-06
1791 4.79868e-05
1842 0.00328697
1893 0.02293
1792 0.0104289
1843 0.158498
1894 0.559078
1793 0.257942
1844 0.6487
1895 1.315
1944 0.223172
1995 0.12824
2046 0.128331
1945 1.03416
1996 2.51866
2047 2.42551
1946 1.52252
1331 3.99159e-05
1997 0.951576
2048 0.775184
1382 5.70109e-06
2097 0.0135895
2148 0.0027741
977 2.26342e-05
2199 0.000212592
2250 5.57566e-05
2098 1.17661
2149 0.0545603
2301 5.52712e-06
2200 0.00219461
2099 2.36721
2150 1.24289
2201 0.0372157
2403 1.42661e-06
2454 3.85324e-06
2505 8.68574e-06
2556 6.06565e-06
2404 3.01069e-06
2455 5.46939e-06
2506 7.28026e-06
1128 1.22291e-05
2557 3.52818e-06
2405 4.42558e-06
2456 5.82081e-06
2507 4.45712e-06
2558 1.63458e-06
9 3.01373e-08
60 7.9016e-08
111 1.07217e-07
10 2.48699e-07
61 4.50862e-08
112 1.11796e-07
11 1.24435e-07
62 1.65165e-07
113 2.37563e-07
162 1.47698e-08
213 6.03902e-08
264 4.35399e-08
163 1.40018e-08
1436 0.00024294
214 8.73823e-09
265 2.2693e-08
164 9.39525e-08
215 1.25122e-07
266 2.14262e-07
315 2.76679e-08
366 8.01068e-08
417 4.08909e-08
316 2.06337e-07
367 1.22789e-07
418 3.05585e-06
317 5.04479e-07
368 1.67724e-05
2352 6.39004e-06
419 4.51624e-05
468 2.00453e-06
519 1.40986e-05
2251 0.000377567
2302 3.55367e-05
2353 3.15227e-06
2252 0.000960697
2303 4.87691e-05
2354 1.10283e-05
1229 1.84716e-05
1589 0.000269278
1640 3.65552e-06
1691 6.34419e-05
1742 0.00775328
774 1.10632e-05
570 2.35558e-05
469 3.03331e-05
621 1.74377e-05
1028 2.8603e-05
825 1.62099e-05
1281 2.94001e-06
520 2.40326e-05
1487 0.000250293
672 9.82861e-06
978 2.36808e-06
1179 8.99412e-06
876 1.00148e-05
1538 0.000405187
723 1.1067e-05
1079 6.91316e-06
1332 1.05812e-05
571 0.000126852
470 1.79916e-05
1230 2.29008e-06
1029 7.51838e-08
1383 0.000215233
1129 4.8277e-06
927 2.82624e-06
1131 2.19179e-07
622 8.60622e-05
521 2.50026e-05
1284 7.99545e-06
1282 1.27743e-05
1180 1.39134e-05
1080 1.10235e-07
775 6.6073e-06
572 3.32161e-05
1335 3.1237e-06
673 5.29559e-05
1182 1.23792e-06
826 4.42385e-06
1333 1.67445e-05
1384 6.10528e-05
1231 1.60701e-05
1233 8.91096e-06
979 1.03524e-08
724 1.7952e-05
1437 9.02645e-08
1386 2.41752e-07
1283 2.54496e-06
623 3.63754e-05
877 4.3754e-06
674 2.56733e-05
1130 1.02656e-06
1132 1.37601e-08
1285 1.06682e-06
1030 1.27424e-08
725 1.81219e-05
1488 5.6908e-08
1334 1.21715e-05
1181 1.20609e-05
928 1.75579e-08
1183 2.78577e-07
1336 3.06441e-07
1081 1.02256e-08
1590 3.51221e-06
1539 3.36884e-06
1385 1.46714e-06
1794 0.713769
1845 3.42748
1896 4.38966
1795 1.12003
1846 2.63409
1897 1.46603
1232 6.83959e-06
1947 3.3803
1998 2.56234
2049 0.808992
1948 1.90046
1999 1.9608
1641 0.000256425
1796 0.871629
2050 0.648963
1847 1.63075
1898 1.5483
1949 0.557371
2100 0.301559
2000 0.612531
2051 0.645964
2151 1.17196
2202 0.0968827
2101 1.43809
2253 0.00125962
2152 1.65665
2304 5.84326e-05
2355 1.88498e-05
2254 0.000746844
2305 0.000120489
2356 4.17163e-05
2203 0.116269
2255 0.000682088
2102 3.70309
2306 0.000250525
2153 2.56058
2357 7.03375e-05
2204 0.0797658
2406 1.40829e-05
12 2.19362e-08
2457 1.19827e-05
2508 3.08941e-06
2559 3.18269e-08
776 1.28722e-05
2407 2.38541e-05
1387 3.10273e-08
2458 1.05395e-05
2509 2.15671e-06
2560 3.20993e-07
2408 1.21963e-05
2459 3.72363e-06
2510 1.35932e-06
2561 3.13502e-07
165 4.09551e-07
216 3.63401e-07
267 3.15777e-07
63 2.37016e-08
114 5.05523e-08
13 1.84577e-07
64 9.84301e-08
115 3.58568e-07
14 4.01984e-07
65 7.36689e-07
116 1.15864e-07
318 8.83743e-06
369 2.78398e-05
420 1.83275e-05
319 1.20403e-05
370 1.6901e-05
166 1.75843e-07
217 1.09179e-06
421 2.29527e-05
268 9.63946e-06
320 1.14351e-05
371 1.11564e-05
167 3.38027e-06
422 7.17578e-05
218 1.43927e-05
471 1.06897e-05
269 1.13804e-05
1234 9.69692e-07
1692 0.00186631
1743 0.0877994
1438 1.27302e-08
980 7.64121e-09
522 1.31755e-05
827 7.66186e-06
624 1.02283e-05
675 1.4454e-05
1286 1.94485e-08
1133 5.76858e-09
1591 2.32079e-08
1489 7.09936e-09
573 2.89603e-05
472 2.99876e-05
1031 8.94543e-09
523 0.000100181
726 3.61991e-05
878 5.2891e-08
1337 2.35162e-08
1184 1.03627e-08
1642 2.80182e-06
574 4.24919e-05
1540 1.52476e-08
473 0.000231718
524 0.000366003
1082 7.49385e-09
625 1.35352e-05
676 0.0302205
929 1.88348e-08
1693 3.30281e-06
1388 1.8206e-08
575 0.00594773
1235 1.57854e-08
1439 1.52587e-08
1744 0.320563
777 4.17803e-06
981 1.92774e-08
727 1.13538e-05
1134 3.74085e-08
1287 8.48359e-08
1440 2.22594e-08
1490 1.96907e-08
1592 1.67406e-08
828 2.50267e-05
626 2.9358e-05
1032 2.49572e-08
1185 4.90943e-08
1491 2.72428e-08
1338 5.26822e-08
1541 1.78833e-08
879 3.22055e-06
1643 3.05437e-08
677 1.21178e-05
1083 3.4167e-08
1236 5.65704e-08
1389 4.76037e-08
1542 2.25327e-08
1593 4.73574e-07
1694 9.33635e-06
930 3.05829e-07
982 1.51493e-05
728 1.59072e-06
1135 7.69983e-07
1644 3.90297e-06
1441 1.39467e-06
1288 9.36604e-08
1745 2.42522e-05
1950 0.86773
2001 1.59088
2052 3.04756
1951 5.08102
2002 2.51345
2053 0.910304
1952 0.00114324
2003 0.000280083
2054 0.000454974
2103 1.85826
2154 0.315354
2205 0.00247026
2104 0.100705
2155 0.00249122
2206 0.00018724
2105 0.00039573
2156 7.4448e-05
2207 1.9367e-05
2256 0.000308969
2307 8.3007e-05
778 9.31688e-07
2358 1.81913e-05
2257 4.5443e-05
2308 9.52313e-06
2359 6.99413e-06
2258 3.51659e-05
2309 1.39667e-05
2360 1.30444e-05
2409 5.75617e-06
2460 2.16415e-06
2511 8.08022e-07
2562 4.96389e-07
2410 1.07772e-05
2461 3.03761e-06
2512 8.46419e-07
2563 5.57391e-07
2411 3.52631e-06
2462 3.41289e-07
2513 7.60103e-08
2564 3.08712e-07
15 6.34834e-07
66 1.06778e-07
117 5.56152e-06
16 8.30103e-07
67 7.27832e-06
118 1.04012e-05
17 5.99147e-06
68 4.19991e-06
119 1.2568e-06
18 5.2749e-06
1033 6.18081e-06
69 7.806e-07
120 1.1618e-06
168 9.26221e-06
1797 0.469467
219 6.58631e-06
1848 2.04078
1899 2.75144
270 2.09159e-06
169 3.84816e-06
220 2.40781e-06
271 6.08476e-07
170 1.45165e-06
221 7.29035e-07
272 2.36016e-07
171 5.06702e-07
222 5.63602e-07
273 1.49172e-06
321 6.95717e-06
372 2.7132e-05
423 0.00013697
322 7.30623e-06
373 2.36608e-05
1695 1.88213e-05
424 0.000120402
323 1.86543e-06
374 1.81205e-05
425 0.000141336
324 1.05714e-05
375 2.49338e-05
426 3.26352e-05
474 0.000198408
525 0.00262863
1186 2.97999e-07
1339 4.81223e-07
1492 1.5012e-06
576 1.2597
475 0.000377222
526 0.00938844
577 1.03039
476 0.000743663
527 0.00284911
578 0.049305
477 5.2445e-05
528 0.000115858
579 0.000185389
1084 4.66515e-07
829 5.27468e-06
1798 1.99706e-07
1237 1.81678e-07
1746 8.96966e-06
1849 0.257292
1900 1.72439
1543 1.71303e-05
627 2.67753
1390 1.0074e-06
983 8.24314e-06
880 2.45099e-05
1799 3.41331e-07
1594 4.41557e-05
1136 5.83615e-05
678 2.17451e-06
1289 7.59818e-05
1442 4.75116e-05
1850 0.000537017
1901 0.000260815
931 3.53002e-05
1034 1.56759e-05
1645 3.20552e-05
1187 6.66313e-05
729 9.45096e-07
1340 7.56309e-05
628 1.3799
1493 2.85399e-05
780 8.65933e-07
779 1.00235e-06
1085 3.80302e-05
1696 7.72392e-06
1238 6.76493e-05
1391 6.69202e-05
831 4.9913e-07
830 4.6814e-07
679 8.6476e-06
1544 1.60158e-05
984 1.84358e-07
1747 1.26327e-06
1137 7.97336e-08
882 3.76808e-07
730 7.97539e-07
1290 7.32176e-07
1443 2.93502e-08
881 4.69188e-07
629 0.0268726
1035 2.12574e-07
1595 4.09278e-06
1188 2.86209e-07
933 3.16954e-07
932 2.72344e-06
1494 4.27167e-08
1341 6.99761e-07
680 1.73106e-06
1086 1.44408e-07
1646 1.01549e-06
1239 9.95316e-07
781 7.27641e-07
1596 6.82586e-07
1392 1.95815e-07
1545 3.07811e-07
985 2.97368e-07
731 7.98685e-07
1697 1.72456e-06
1138 1.0451e-07
630 4.74137e-06
832 4.41949e-07
1647 9.71238e-07
1748 2.03157e-06
1444 3.38506e-08
1036 2.0908e-07
1291 4.17843e-08
1189 8.03841e-08
681 1.13627e-06
1698 2.05289e-06
883 3.70354e-07
1800 7.03548e-07
1087 1.38901e-07
1495 6.58571e-08
1342 2.17316e-08
1749 2.17905e-06
934 1.97801e-07
1240 4.42527e-08
732 8.86703e-07
1953 3.36918e-05
2004 1.89801e-05
1851 1.93269e-05
1902 3.80571e-05
2055 1.01242e-05
1954 3.35645e-06
2005 1.87643e-06
2056 7.13545e-06
1955 1.55082e-08
2006 1.46318e-07
986 2.07294e-07
1546 1.58237e-07
1393 1.576e-08
2057 1.33513e-05
1956 3.86344e-09
2007 2.21888e-06
1139 9.21774e-08
1801 1.33153e-06
1597 3.628e-07
782 5.00564e-07
1037 1.69947e-07
1445 5.9959e-08
2058 4.46548e-05
2106 1.1938e-05
1852 2.48929e-06
1903 5.97481e-06
1648 7.27366e-07
1292 7.08736e-08
833 4.14901e-07
1190 7.72385e-08
2157 4.3523e-05
1088 8.81817e-08
1496 7.49383e-08
1802 3.46568e-06
1699 2.01165e-06
884 4.74975e-07
1343 1.97935e-08
2208 1.81421e-05
987 1.94927e-07
1241 5.31387e-08
1547 1.0405e-07
1853 3.26362e-06
1904 2.54753e-05
2107 1.36598e-05
1750 3.10802e-06
935 2.11347e-07
1394 3.41176e-08
1038 1.34261e-07
1446 4.22009e-08
1140 1.57172e-07
1803 4.63177e-06
2158 4.37118e-05
1598 4.86107e-07
1293 3.12111e-08
783 5.62847e-07
1089 1.08108e-07
1854 9.98547e-07
1497 5.395e-08
1191 9.15195e-08
2209 5.99653e-05
1905 4.15081e-05
2259 2.42053e-05
1649 8.48881e-07
1344 2.67068e-08
834 3.70641e-07
2412 3.06442e-05
1548 8.9942e-08
19 4.76724e-07
70 2.03699e-07
121 1.77936e-07
20 1.99869e-07
71 1.31035e-07
122 9.16797e-08
21 2.55477e-07
72 4.68778e-07
123 1.18413e-06
1242 8.40546e-08
172 2.05767e-07
325 3.74686e-06
223 1.55781e-06
376 3.96278e-06
274 4.59122e-06
2463 1.95866e-05
2514 4.01361e-07
2565 4.33189e-07
173 1.52508e-06
224 4.60871e-06
2108 5.51926e-05
275 3.67364e-06
174 4.43137e-06
225 3.16824e-06
276 3.98811e-07
478 2.54932e-06
529 7.47655e-07
580 1.71034e-07
479 6.63747e-07
530 1.3191e-07
581 8.34066e-07
480 1.48377e-07
2413 0.000424518
2464 3.34442e-07
2515 1.64909e-08
531 9.7072e-07
2566 7.09642e-09
2414 3.12519e-06
2465 2.99959e-06
582 5.79191e-07
2516 1.97795e-06
2567 1.72082e-07
2415 9.82975e-05
2466 7.53534e-05
2517 2.62773e-05
2568 3.07333e-06
2310 1.48738e-05
1700 1.70991e-06
427 3.32297e-06
326 8.48716e-07
377 7.15829e-07
428 1.7958e-06
327 8.5545e-07
378 3.51325e-05
429 4.58214e-06
2159 7.36998e-05
1395 3.48656e-08
885 2.7431e-07
631 2.90282e-06
2361 1.64757e-05
1751 3.95632e-06
784 3.83978e-07
988 1.1983e-07
1141 1.62312e-07
936 2.63971e-07
2210 7.35928e-05
682 7.72805e-07
2260 0.000113645
1599 2.07523e-07
1039 2.23419e-07
835 4.64755e-07
2109 5.00331e-05
2311 0.000376765
1192 8.08835e-08
733 6.79994e-07
1294 5.98201e-08
1650 5.55621e-07
886 2.57197e-07
1090 1.48867e-07
2362 0.000631022
2160 3.99095e-05
632 2.47572e-06
2261 0.000729736
1243 1.09091e-07
2312 0.0002329
2363 8.66193e-07
2262 4.4472e-07
2313 5.82403e-07
2364 8.97116e-06
2211 0.000854828
1701 2.06812e-06
1345 7.85817e-08
937 2.28316e-07
989 1.90758e-07
683 7.57393e-07
1142 1.46274e-07
1600 2.65286e-07
1752 4.56104e-06
1447 4.93036e-08
1396 1.01721e-07
785 4.02308e-07
1040 3.06633e-07
734 7.13076e-07
1804 6.53382e-06
1651 4.64349e-07
1193 1.55627e-07
1498 1.2668e-07
633 2.1281e-05
836 4.69385e-07
1295 1.06844e-07
1855 3.02853e-06
1091 1.39823e-07
1702 1.69578e-06
1906 3.40112e-05
1244 1.41476e-07
1549 1.25062e-07
887 3.05157e-07
684 9.61259e-07
1346 1.23869e-07
990 2.94924e-07
1753 6.21321e-06
1805 1.98956e-05
1143 2.17923e-07
735 7.87624e-07
938 2.23476e-07
1448 1.44787e-07
1957 4.45636e-05
1856 4.76891e-07
1397 9.14837e-08
1041 3.14831e-07
1601 2.55506e-07
2008 5.08403e-05
1907 1.40666e-07
1194 2.015e-07
786 4.67518e-07
1499 1.40029e-07
1092 1.95075e-07
1652 5.36078e-07
1296 1.44083e-07
1806 8.07502e-06
2059 6.41955e-05
837 4.06712e-07
1245 1.35522e-07
2263 1.22426e-07
2314 1.99422e-06
2365 2.98849e-05
2264 1.7238e-07
2315 1.76919e-06
2366 9.58971e-06
2265 9.06059e-09
2316 5.08157e-07
2367 8.19424e-06
2416 5.03379e-05
2467 1.4778e-05
2518 3.31551e-05
2569 1.89408e-06
2417 5.94945e-05
2468 3.2175e-05
2519 2.97435e-05
2570 3.50798e-06
2418 1.88694e-05
2469 3.73602e-05
2520 6.13799e-06
2571 1.11881e-06
1550 2.19593e-07
22 5.34586e-07
73 1.62049e-06
124 3.19825e-06
23 1.49124e-06
74 3.31884e-06
125 1.15683e-06
24 3.99549e-06
75 1.19825e-06
126 2.42508e-08
175 1.44461e-06
226 1.72423e-07
277 5.63973e-07
176 5.26236e-08
2110 5.1588e-05
227 2.85017e-07
1703 1.91077e-06
278 4.26228e-07
177 3.49505e-07
228 6.43514e-07
279 1.82244e-07
328 6.76075e-07
379 4.4672e-05
430 5.25009e-06
329 6.27395e-08
380 3.46373e-07
431 8.3182e-07
330 3.16168e-08
381 3.20007e-07
432 4.57938e-07
481 2.05687e-07
532 6.37811e-07
583 9.04436e-07
482 7.12346e-07
1857 3.2234e-06
533 1.12209e-06
584 6.76657e-07
483 5.00058e-07
534 1.395e-06
585 8.24645e-07
1347 1.04003e-07
1958 5.95773e-06
888 3.31213e-07
634 4.49796e-06
2161 0.000606308
2212 4.16365e-07
1754 1.02037e-05
1908 6.0963e-06
1449 1.79797e-07
2009 9.26096e-05
1398 1.48104e-07
2111 0.000176092
939 3.25332e-07
685 8.91927e-07
2162 0.000311694
2213 9.83899e-08
1602 4.41866e-07
787 3.73044e-07
1500 1.95402e-07
2060 6.22168e-05
991 1.6087e-07
2112 0.00061594
2163 1.61308e-08
2214 3.27919e-08
1144 2.54632e-07
736 5.8583e-07
635 1.14398e-06
838 4.46708e-07
1653 4.61958e-07
1959 5.28228e-05
1551 2.5269e-07
1042 2.98686e-07
1297 2.81938e-07
1195 2.32646e-07
686 4.5321e-06
889 4.50481e-07
1704 1.28033e-06
2010 6.25296e-05
1450 2.97204e-07
1093 2.46831e-07
1348 2.73801e-07
737 1.19811e-06
636 1.04332e-06
940 2.59483e-07
1246 2.31017e-07
1755 2.44455e-05
2061 1.94757e-05
687 7.86866e-05
1501 3.72245e-07
992 4.5543e-07
788 5.39287e-07
1145 2.93273e-07
1807 6.98368e-06
1399 3.28728e-07
1603 4.91506e-07
738 5.52124e-06
1552 3.9026e-07
1043 6.21333e-07
839 6.4882e-07
1858 1.28886e-05
1196 2.75532e-07
1298 2.55015e-07
1654 4.64546e-07
1960 6.30434e-05
1451 3.86931e-07
1094 4.08656e-07
890 4.72825e-07
1909 2.7371e-05
1705 1.97448e-06
1247 2.67883e-07
1349 4.02443e-07
2011 3.87977e-05
993 4.74713e-07
1502 6.56957e-07
941 5.83281e-07
1808 2.19521e-05
1756 6.51145e-05
1146 6.88772e-07
1400 3.58951e-07
2062 0.000325457
1044 5.80432e-07
1859 4.15174e-05
789 9.29983e-07
1553 8.95871e-07
1604 8.27583e-07
1197 5.18113e-07
1299 7.88944e-07
1961 4.55584e-05
1095 5.04501e-07
2113 3.89586e-08
1910 5.91116e-05
2164 3.52023e-08
2215 3.99704e-08
2114 4.02951e-08
2165 9.31815e-08
2216 1.3517e-07
2115 1.96825e-07
2166 2.13839e-07
2217 7.84133e-08
1452 6.8277e-07
2266 2.67587e-07
2317 2.22371e-07
2368 1.38454e-06
2267 2.0129e-08
2318 2.28388e-07
2369 8.97782e-07
2268 4.75758e-08
2319 1.21313e-07
2370 2.40446e-07
2419 1.64175e-06
2470 4.25008e-07
840 9.04311e-07
2521 2.79643e-06
2572 1.44574e-06
2420 1.93523e-06
2471 2.86771e-06
2522 3.39551e-06
1655 9.75161e-07
2573 1.47064e-06
2421 2.12092e-06
2472 8.03252e-06
2523 4.04983e-06
2574 1.22802e-06
25 6.51206e-07
76 1.94506e-07
127 6.11244e-07
26 1.893e-07
77 4.79131e-07
128 3.88504e-07
27 4.76943e-07
78 3.83175e-07
129 6.26508e-08
178 7.82431e-07
229 1.99286e-07
280 2.61392e-08
179 3.59241e-08
230 6.81044e-09
281 2.54763e-07
180 3.84559e-08
231 8.4407e-08
2012 6.36891e-06
282 2.32228e-07
331 2.1049e-07
382 2.57112e-07
433 2.37956e-07
332 1.64238e-07
383 1.93215e-07
434 2.20546e-07
333 1.32811e-07
384 2.46238e-07
435 1.97518e-07
484 6.26068e-07
535 8.18618e-07
586 6.77756e-07
485 3.57544e-07
536 4.97494e-07
587 4.73256e-07
486 2.49855e-07
537 4.53363e-07
588 5.82009e-07
637 5.79664e-07
688 1.44035e-06
1248 8.40841e-07
1350 7.87367e-07
2063 0.000579517
891 9.52037e-07
1706 1.34158e-06
1809 4.5349e-05
739 0.000118275
638 4.03179e-07
689 1.623e-06
740 1.01821e-06
639 3.02447e-07
690 5.83128e-07
741 1.54539e-07
1503 7.19696e-07
1962 0.000889762
790 7.80451e-06
2013 0.000271936
2064 3.15089e-06
1860 5.4651e-05
1401 6.05819e-07
1757 5.39812e-05
942 7.45121e-07
994 1.18512e-06
1554 7.73427e-07
841 3.78587e-06
1911 4.11511e-05
1147 1.02734e-06
1300 1.092e-06
1605 1.02883e-06
1453 1.62962e-06
1045 1.4424e-06
1810 0.000766173
1606 2.09622e-06
892 1.51706e-06
1861 0.000863208
1912 0.000561451
1198 8.30696e-07
1811 2.85803e-07
1862 8.32074e-08
1913 2.21546e-07
1812 1.44445e-07
1863 5.81966e-08
1914 5.65586e-08
1963 6.60592e-05
2014 1.19613e-05
2065 1.50334e-06
1964 4.47709e-07
2015 6.12697e-07
2066 1.23875e-07
1351 1.23858e-06
1965 1.91818e-07
2016 4.9704e-07
2067 2.87798e-07
2116 6.56988e-07
2167 4.62953e-08
1656 1.57298e-06
2218 1.16445e-07
2117 1.83784e-07
2168 1.73062e-07
2219 1.12139e-07
2118 5.71458e-08
2169 4.15145e-08
2220 1.43662e-07
2269 3.29957e-07
2320 1.15551e-07
1504 1.89076e-06
1096 1.14609e-06
2371 1.91565e-08
2270 6.44314e-08
1657 2.11172e-06
2321 2.72478e-07
2372 1.37728e-07
2271 2.17073e-07
2322 1.81512e-07
2373 2.70589e-07
2422 1.0016e-06
2473 6.38635e-06
2524 7.50344e-07
2575 6.44597e-07
2423 1.82062e-06
2474 3.76328e-06
2525 1.27781e-06
2576 1.30109e-06
2424 1.67628e-06
2475 1.34083e-06
2526 2.62743e-06
2577 7.55359e-07
28 7.02682e-07
79 5.72948e-08
130 7.95819e-09
29 6.86947e-08
80 1.13023e-08
131 1.0554e-07
30 5.57516e-08
81 1.3922e-08
132 1.78596e-07
181 8.49602e-08
232 2.22606e-07
283 4.74687e-08
182 6.98304e-08
233 3.7861e-08
284 8.219e-08
183 1.15767e-07
943 1.25942e-06
234 1.35926e-07
285 1.16554e-07
334 2.55438e-07
385 3.52378e-07
436 2.26771e-07
335 2.38604e-07
386 2.68408e-07
437 2.53056e-07
336 1.2349e-07
387 2.14857e-07
438 3.59086e-07
487 3.63414e-07
538 2.9424e-07
589 1.24076e-07
488 2.79494e-07
539 3.45503e-07
590 5.29692e-08
489 2.4011e-07
540 1.43494e-07
591 1.27299e-07
640 3.07588e-07
691 1.00453e-06
742 8.85652e-07
641 3.33575e-08
692 1.84799e-07
743 7.91946e-07
642 4.97124e-08
693 1.74822e-07
744 3.76538e-07
793 1.87995e-06
844 2.48969e-06
895 7.10281e-07
1249 1.06645e-06
1707 1.99038e-06
791 0.000178385
946 0.000482479
1555 2.1451e-06
794 3.04128e-06
995 5.03605e-06
845 5.32495e-07
896 6.12909e-07
947 2.61585e-07
795 6.05686e-07
846 3.76102e-07
897 1.00275e-07
948 1.00727e-07
1402 1.33128e-06
1708 7.31443e-06
1758 1.36656e-05
997 0.000609563
842 0.000146937
1148 1.38874e-06
1759 2.30231e-05
1046 2.03903e-06
1454 1.80326e-06
1301 1.48463e-06
1048 2.70523e-05
893 8.70892e-06
1150 7.76274e-06
1097 1.64578e-06
1199 1.62839e-06
1607 1.01002e-05
1505 2.32687e-06
1352 1.90031e-06
1099 5.79945e-06
998 1.24846e-07
1201 8.40895e-06
1049 1.5139e-07
944 8.67409e-06
792 4.68722e-07
843 4.28801e-05
1250 1.59013e-06
1658 1.27576e-05
996 9.51574e-06
1556 6.37306e-06
1403 1.7104e-06
1100 0.000563903
999 3.66354e-08
1050 2.66196e-07
1101 3.07504e-07
894 0.000348598
1709 0.000319938
1252 8.92874e-06
1149 1.03924e-05
1760 0.000455715
1047 9.19285e-06
1455 1.27986e-05
1302 1.2092e-05
1151 0.000624222
1303 8.4468e-06
945 1.05951e-05
1202 0.000788384
1608 1.07347e-05
1200 1.07761e-05
1098 1.07117e-05
1506 9.98167e-06
1353 1.23388e-05
1609 0.000702382
1660 8.13651e-07
1711 9.99856e-07
1762 3.10868e-07
1610 3.06964e-08
1661 5.35861e-07
1712 9.13866e-07
1763 1.30962e-06
1611 2.21828e-07
1662 8.91152e-08
1713 2.75206e-08
1764 3.02273e-07
1813 4.22318e-07
1864 1.5488e-06
1915 8.49773e-07
1814 2.50769e-06
1865 2.1874e-06
1916 1.07234e-06
1815 2.87589e-07
1866 3.09309e-07
1917 9.65823e-07
1966 6.61024e-07
2017 6.10026e-07
2068 2.48674e-07
1967 8.84459e-07
2018 1.19693e-06
2069 3.26548e-07
1968 1.00007e-06
2019 8.38112e-07
2070 1.98264e-07
2119 1.3161e-07
2170 2.58446e-07
2221 2.04396e-07
2120 2.45532e-07
2171 2.25585e-07
2222 8.28311e-08
2121 1.47844e-07
2172 4.05804e-08
2223 1.68427e-08
2272 6.67884e-08
2323 8.93131e-09
1354 8.03849e-06
1456 5.39062e-06
2374 2.31876e-07
2273 2.21629e-08
2324 8.87135e-08
2375 2.52329e-07
2274 1.81072e-07
2325 2.90907e-07
2376 8.18914e-08
2425 4.8645e-07
2476 1.0097e-06
2527 1.04697e-06
2578 3.00193e-07
2426 5.57e-08
1253 0.000687691
2477 7.49641e-08
2528 6.46367e-08
1152 4.17247e-08
2579 1.12202e-06
2427 9.02487e-08
1203 3.68349e-07
2478 1.47458e-07
2529 2.13343e-07
1254 7.65272e-07
2580 3.01576e-06
184 2.33434e-07
31 4.95619e-08
82 2.47416e-07
235 4.95586e-08
286 4.86055e-08
133 1.05731e-07
185 2.1307e-07
236 2.24748e-08
287 9.71554e-08
186 2.22794e-07
32 1.71736e-07
237 4.05529e-07
288 1.79464e-07
83 1.57779e-07
1659 0.00072666
134 3.03158e-07
33 8.83007e-08
84 6.91769e-07
135 2.81699e-07
34 2.70766e-07
85 1.64501e-07
136 2.12593e-07
337 1.30872e-07
187 5.36084e-07
388 2.64612e-07
238 6.67511e-08
439 9.65034e-08
289 1.0015e-07
338 3.24238e-07
490 2.19113e-07
389 1.66023e-07
541 3.87574e-07
440 7.60378e-08
592 5.83221e-08
339 4.99518e-07
390 7.23665e-07
441 4.43877e-07
491 1.61493e-07
340 2.15271e-07
391 6.54393e-07
442 5.15899e-07
1710 0.000409073
643 4.26599e-08
542 1.08086e-07
1761 1.85833e-07
694 5.12139e-08
745 1.83254e-07
796 4.47022e-07
644 1.52894e-07
847 1.293e-07
695 9.0216e-08
593 1.60575e-07
898 1.2189e-07
746 1.73232e-07
949 3.47194e-08
645 4.23053e-07
797 4.11126e-07
696 2.54641e-07
848 1.27702e-07
747 1.39795e-07
899 1.22145e-07
646 1.94799e-07
950 4.9991e-08
492 2.56096e-07
697 1.48072e-07
798 2.82333e-07
849 2.93291e-07
748 3.74097e-08
1251 1.24303e-05
900 8.33557e-08
1000 9.97439e-08
1153 7.12277e-08
951 7.48613e-08
1051 1.4876e-07
1204 2.89758e-07
1255 8.725e-07
799 1.1743e-07
1102 3.00024e-07
543 8.91686e-08
1154 4.30888e-07
1001 1.1489e-07
850 9.45228e-08
1205 2.33344e-07
1256 4.15342e-07
1052 2.8318e-07
901 1.34408e-07
1155 5.87537e-08
1206 1.58594e-07
952 1.43141e-07
1103 2.38708e-07
1257 1.84058e-07
1306 5.8705e-07
1156 2.60649e-07
1002 1.35188e-08
1207 2.62933e-07
1357 9.81124e-08
1053 1.29278e-07
1258 1.4994e-07
1408 1.71306e-08
1459 1.28121e-07
1104 1.18541e-07
594 3.23187e-07
1307 8.09673e-07
1510 7.5902e-08
1003 1.66966e-08
1561 2.54236e-08
1358 1.83082e-07
1054 5.97605e-08
1460 2.50475e-07
1409 1.27288e-07
1105 1.37376e-08
1511 2.17879e-07
493 4.68001e-07
1308 3.458e-07
1612 1.18918e-07
1562 1.15576e-07
1359 5.96172e-07
1461 1.02738e-07
1663 7.18216e-08
1410 6.38577e-08
1512 1.2989e-07
544 3.57385e-07
1714 2.05291e-07
1309 4.26985e-08
1563 2.86028e-07
1765 4.74302e-07
1462 4.42528e-08
1613 3.48048e-07
1513 2.64854e-07
1360 5.54226e-07
1664 1.52408e-06
1564 5.60515e-07
1715 3.78601e-06
1411 5.76584e-07
595 2.05393e-07
1816 2.60776e-07
1766 2.376e-06
1969 1.62913e-07
1867 2.56461e-07
2020 8.56401e-08
1918 3.29555e-07
2071 2.59458e-08
1817 8.94478e-07
1614 2.79091e-07
1868 8.68441e-08
1970 1.52772e-07
1665 3.61318e-07
1919 1.27408e-07
2122 8.30073e-08
2173 1.23992e-07
2224 1.03903e-07
2123 3.77522e-08
2174 3.95155e-08
2225 3.6977e-08
2124 1.11667e-07
2175 5.08486e-08
2226 1.95228e-08
2125 9.7096e-08
2176 7.48645e-08
2227 6.77674e-08
2275 5.06489e-08
2326 1.41424e-08
2377 9.23807e-08
2276 7.06977e-09
2327 5.05156e-08
2378 1.2611e-07
2277 8.25525e-08
2328 6.55172e-08
2379 1.05475e-08
2278 1.01181e-07
2329 4.85713e-08
2380 4.8194e-08
2428 1.51028e-07
2479 1.86725e-07
2530 6.69393e-07
2581 3.63181e-06
2429 4.18282e-08
2480 3.87056e-07
2531 1.92454e-06
1557 1.02427e-05
2582 6.86128e-06
35 1.82483e-07
2430 1.5688e-07
86 5.64195e-08
2481 7.43082e-07
137 3.49597e-07
2532 5.11944e-06
36 2.55414e-08
2583 1.34976e-05
87 4.8948e-08
2431 3.33017e-07
138 4.41176e-07
2482 1.34216e-06
37 3.95888e-08
2533 4.27268e-06
88 2.94567e-07
2584 1.04367e-05
139 1.61077e-07
188 2.59507e-07
341 4.37955e-08
239 4.37604e-08
392 1.74669e-07
290 3.85601e-09
189 6.80347e-08
443 2.61587e-07
240 2.87976e-09
342 1.47249e-07
291 3.42091e-08
190 4.61493e-09
393 1.79855e-07
241 8.78224e-09
444 3.45987e-07
292 3.04154e-08
343 2.19059e-07
494 2.86868e-07
394 2.90246e-07
545 1.17973e-07
445 4.4551e-07
596 5.65253e-08
647 1.83574e-07
495 3.37688e-07
698 2.56469e-07
1716 4.87311e-07
2021 9.62656e-08
1767 6.20078e-07
2072 5.08611e-08
1615 9.21096e-07
1818 6.43673e-07
1666 1.45334e-06
1971 6.92658e-07
1869 4.16002e-07
1717 7.49822e-07
1920 4.65085e-07
2022 2.73472e-07
1768 2.24467e-07
800 3.44805e-07
1819 1.12235e-07
2073 1.67475e-07
851 6.71636e-07
1870 2.17028e-08
1972 2.93951e-07
902 4.69992e-07
1921 4.69063e-08
2023 2.11775e-07
953 2.6558e-07
1004 6.47247e-08
2074 1.31455e-07
801 1.32434e-07
1055 4.34414e-08
852 2.83814e-07
1157 1.67588e-07
903 8.64458e-07
1208 1.60466e-07
1106 5.71623e-08
954 6.46195e-07
1259 1.08967e-07
1005 4.72275e-08
802 1.48303e-07
1158 2.14683e-07
1056 1.85474e-07
853 3.56472e-07
1107 1.0257e-07
904 1.17398e-06
1209 9.03404e-08
955 4.6013e-07
1006 2.06633e-07
1260 1.01149e-07
1310 2.89252e-08
1057 1.28487e-07
1159 5.63423e-07
1361 7.19406e-08
1108 3.13603e-07
1210 3.10588e-07
1412 7.79068e-07
749 2.82127e-07
1404 1.21551e-05
1311 3.50064e-07
1261 2.40188e-07
1463 4.38767e-07
1362 7.42887e-08
1616 5.20304e-07
546 1.10418e-07
1820 1.6654e-06
1413 7.85068e-08
1514 5.86485e-08
1312 1.1188e-07
1871 1.76705e-06
1565 4.11901e-08
1667 1.06489e-06
1922 1.38505e-06
1363 5.08051e-07
1464 2.34277e-07
1718 1.96721e-06
1414 9.7549e-08
1821 4.97593e-07
1973 8.29453e-07
1515 4.26698e-07
1872 5.84987e-07
2024 6.50992e-07
1769 2.60987e-06
1566 1.54486e-07
2075 2.60994e-07
1923 7.71922e-07
1617 8.12899e-09
1974 7.83221e-07
1465 1.30465e-07
1668 2.62182e-08
1822 2.87056e-07
2025 4.46932e-07
1516 1.19244e-07
1719 5.30594e-09
2076 1.65495e-07
1873 2.93842e-07
1975 8.32115e-09
1567 1.21946e-07
1770 1.11782e-07
1924 1.20808e-07
1405 7.67508e-06
2026 4.90614e-09
2126 1.16658e-07
1618 2.12728e-07
2279 7.83959e-08
2077 1.81832e-08
1669 2.73991e-07
2432 4.01368e-07
2177 5.32267e-08
2330 1.7556e-08
648 4.20328e-07
2483 1.51878e-06
1720 7.31374e-08
2534 4.19889e-06
2381 1.0141e-07
2228 1.19029e-07
2585 6.56854e-06
1771 1.90862e-07
2280 3.72318e-09
2433 4.77791e-07
2127 1.43263e-07
38 3.71289e-08
2484 1.23644e-06
2331 5.62781e-08
2535 2.43127e-06
2178 5.37375e-08
89 1.46637e-07
2382 1.17392e-07
2586 6.95292e-06
2229 3.96258e-08
2434 8.75348e-07
140 8.77416e-08
2281 6.84855e-08
2485 1.23641e-06
39 2.80674e-08
2128 2.19177e-08
2536 1.49266e-06
2332 2.72431e-07
2179 1.56239e-08
2587 2.71449e-06
90 6.05829e-08
2383 6.47707e-07
2230 1.73628e-08
191 1.47927e-08
141 5.27521e-08
242 4.54143e-08
344 1.86892e-07
40 6.06047e-09
497 3.65468e-06
293 8.41677e-08
192 2.38372e-09
395 6.12919e-07
548 2.8181e-06
91 2.85303e-08
243 9.44896e-08
446 2.36002e-06
294 1.79626e-07
142 5.36556e-08
599 1.09027e-06
193 3.51016e-08
345 1.34576e-07
498 3.23201e-06
650 2.71718e-07
244 1.10771e-07
396 3.85798e-07
549 1.19597e-06
701 2.47692e-07
295 1.579e-07
600 2.42083e-06
803 2.02268e-07
752 4.8211e-07
447 1.66817e-06
499 1.93689e-06
651 5.96159e-07
854 6.83055e-07
346 1.87387e-07
905 8.19761e-07
702 1.78032e-07
550 4.05408e-07
397 4.55216e-07
956 5.55265e-07
753 4.83975e-08
804 1.93922e-07
652 3.39828e-07
601 1.79005e-06
448 1.52761e-06
855 9.12721e-07
703 2.84936e-07
1007 1.42824e-07
1160 2.54014e-07
906 1.07406e-06
957 4.43881e-07
754 1.91018e-08
1058 2.32856e-07
805 6.63877e-07
1211 3.18069e-08
1313 9.01012e-08
1109 7.45312e-08
856 6.23868e-07
1262 4.35403e-08
907 6.52838e-07
1008 3.59459e-08
1364 6.81028e-08
699 6.31013e-07
597 8.27724e-08
496 1.07647e-06
547 7.13724e-07
750 2.03174e-07
598 7.37982e-07
1466 2.40187e-07
649 1.52003e-07
700 1.12588e-06
1517 3.35251e-07
1059 1.39828e-08
1161 1.57066e-07
751 3.85523e-07
1568 3.99659e-07
1110 5.77333e-08
1619 4.20117e-08
1467 6.64305e-07
1670 1.31176e-08
1518 8.24807e-07
1415 5.63329e-07
1721 1.88482e-08
1009 2.22762e-08
1569 2.70471e-07
1772 3.83708e-08
1468 5.11856e-08
1620 4.18431e-07
1212 4.8686e-08
1519 5.14868e-07
1671 7.75122e-08
1570 9.56247e-07
1722 2.18974e-07
1263 4.24267e-08
1823 1.02231e-07
1773 1.01746e-07
1621 6.92845e-07
1874 1.35865e-08
1672 1.06029e-06
1925 3.27174e-08
1723 1.63656e-06
1824 5.52455e-08
1507 0.000267821
1774 2.60373e-07
1875 1.70339e-07
1976 5.7856e-08
1926 1.99452e-07
2027 2.9421e-08
1825 1.18623e-08
2078 2.67373e-08
1876 4.74102e-08
958 2.59498e-07
1314 5.94763e-08
1977 6.04906e-08
1927 2.40369e-08
2028 1.54753e-08
2129 4.56892e-08
1162 1.11356e-07
2079 8.18946e-09
2180 4.21443e-08
1978 4.181e-08
2231 1.07986e-07
2029 8.23011e-08
2130 2.58932e-08
1060 1.95542e-08
2080 2.36577e-07
1365 4.27496e-08
2181 5.68141e-09
2282 2.76141e-07
2232 1.05843e-07
2333 3.94102e-07
1416 8.29366e-08
2131 6.94017e-07
2384 4.20879e-07
2182 1.32132e-06
1213 5.22307e-09
1111 1.36212e-07
2283 1.18581e-07
2233 6.15745e-07
41 2.96883e-09
92 1.04122e-07
2334 1.60286e-07
143 9.39982e-09
42 2.01724e-08
2385 8.60794e-08
93 7.18948e-08
2284 1.36942e-07
1315 3.35259e-08
1264 4.58431e-09
194 3.48911e-08
1366 4.44356e-08
347 3.1096e-07
245 7.78795e-08
398 8.27798e-07
296 2.56469e-07
1417 6.98249e-09
2435 3.29021e-07
449 3.92691e-06
195 2.88434e-08
500 1.90337e-06
2335 2.99089e-08
144 9.60511e-09
551 2.5555e-07
348 6.91202e-07
2486 3.02201e-07
246 1.22318e-07
602 1.13695e-06
399 9.97112e-07
297 2.86276e-07
2537 7.32435e-07
501 4.33025e-06
450 1.7228e-06
196 8.04843e-08
552 2.51862e-06
349 6.34204e-07
247 3.49051e-07
603 2.93629e-06
2588 3.25231e-06
400 1.20756e-06
298 5.01527e-07
502 3.71834e-06
2436 1.70409e-07
451 1.53849e-06
653 4.68962e-07
553 2.39016e-07
806 7.11573e-07
704 7.36841e-08
604 2.75095e-06
857 4.71846e-07
2487 7.10847e-07
1010 2.60896e-08
755 3.67994e-07
2386 6.60576e-08
908 3.08402e-07
2538 1.31869e-06
1061 3.88398e-08
959 2.12188e-07
654 4.77186e-07
1112 1.36944e-07
807 1.27274e-06
2589 2.23093e-06
705 7.16109e-08
1011 1.37846e-07
858 5.88634e-07
756 8.99157e-08
655 2.68327e-06
909 3.81615e-07
2437 2.31354e-07
706 1.47238e-07
960 1.1547e-07
1062 9.00938e-08
808 6.8568e-07
757 2.37345e-07
2488 9.70898e-07
1113 1.78621e-07
1163 6.59716e-08
859 6.53969e-07
1316 1.92933e-09
1012 6.22829e-08
2539 1.60982e-06
910 1.59611e-07
1063 1.26886e-07
1367 6.20824e-09
961 1.19428e-07
1114 1.88202e-07
1418 7.98046e-08
2590 3.22871e-06
1469 5.9664e-08
1622 1.73466e-06
1317 2.3312e-08
1520 1.04499e-08
1673 1.41183e-06
1368 2.8743e-08
1571 1.77893e-07
1826 4.34641e-06
1419 3.41573e-08
1724 3.59607e-06
1470 1.84366e-08
1877 2.81891e-06
1318 7.54767e-09
1775 8.19051e-06
1521 4.1168e-08
1369 2.05238e-08
1572 2.5859e-08
1623 4.11385e-08
1928 1.54353e-06
1471 3.44648e-08
1420 1.15559e-08
1674 5.00554e-06
1522 2.55309e-08
1725 1.07113e-05
1827 2.1112e-06
1979 1.37205e-06
1573 8.35871e-08
1776 4.68402e-06
2030 5.23672e-07
1878 3.71195e-06
1214 1.11059e-08
1624 2.3944e-08
2132 5.15365e-08
2081 3.08407e-07
43 1.99148e-08
1675 6.18502e-08
2183 2.99861e-07
1980 4.73603e-06
1929 5.36032e-06
2234 5.7755e-07
2031 1.20306e-06
1726 1.59918e-06
2133 8.92537e-07
2082 6.03469e-07
1828 8.92667e-06
1265 1.90934e-09
1777 4.90338e-06
2184 4.14755e-07
1981 7.87076e-06
1879 9.8698e-06
2285 3.1938e-07
2235 1.67897e-07
2032 2.56332e-06
2336 1.31483e-07
2083 1.58624e-07
2134 1.20992e-08
2387 1.03852e-07
2438 2.16251e-07
1930 1.08997e-05
2185 5.87282e-09
1164 1.78412e-08
2286 2.75654e-08
2489 4.45252e-07
2236 2.21443e-08
2337 7.0986e-08
2540 1.80688e-06
197 2.73766e-08
44 3.20651e-08
2388 1.45006e-07
2591 3.53385e-06
248 2.06503e-07
2439 5.92647e-08
299 7.55584e-07
2287 4.79334e-08
95 2.27492e-08
2490 2.58839e-07
198 2.9478e-08
2338 9.77019e-08
146 3.73602e-08
94 1.19641e-08
2541 7.50655e-07
249 9.26948e-08
2389 1.36504e-07
1215 5.44506e-09
300 3.18227e-07
2592 2.07251e-06
350 1.53142e-06
45 6.94233e-08
199 3.95054e-09
401 2.00133e-06
2440 1.98909e-07
2491 1.36379e-07
96 6.73278e-08
452 4.27747e-06
250 5.58528e-08
1266 1.13884e-08
2542 1.68237e-07
351 1.13701e-06
301 2.19184e-07
147 4.72883e-08
402 7.10192e-06
2593 9.41978e-07
503 6.23633e-06
453 1.35856e-05
656 2.89185e-06
46 1.35678e-07
554 1.79366e-06
352 9.6219e-07
707 1.92817e-07
97 8.3043e-08
605 2.91703e-06
403 4.58509e-06
758 4.90638e-07
504 1.71278e-05
148 8.66924e-09
454 2.67249e-05
657 3.09443e-06
555 3.61197e-05
1013 1.79001e-07
1165 6.34269e-08
606 1.23819e-05
809 1.05145e-06
708 2.35844e-07
1064 1.46033e-07
145 6.72452e-09
1216 2.33093e-08
1166 2.43378e-08
1267 1.12996e-08
1217 2.06578e-08
1319 1.76968e-08
1268 1.43595e-08
1370 4.15704e-09
1167 7.52657e-08
1421 2.03186e-08
1218 9.586e-08
1320 7.4048e-09
1269 3.6953e-08
1371 2.09788e-08
1168 7.6614e-09
1422 1.45409e-08
1219 1.94436e-08
1321 2.02146e-08
1270 4.39494e-09
1372 7.95217e-08
860 3.67309e-07
1472 5.8941e-09
1423 9.32923e-08
1523 4.11652e-08
1625 1.08169e-07
1574 2.41879e-08
505 1.50272e-05
1676 3.34041e-08
911 1.87941e-07
759 9.66371e-07
1115 1.15953e-07
1473 1.85969e-08
1727 2.4614e-08
1014 2.69215e-07
1524 5.53461e-08
1778 1.642e-08
1575 1.09761e-07
1626 1.74704e-08
1474 4.15374e-08
1677 7.39143e-08
1525 7.55895e-08
1576 4.21774e-08
1728 9.90495e-08
1829 1.88728e-08
1779 2.46528e-07
1880 1.57874e-08
1627 3.64283e-08
1931 5.80665e-08
1678 6.1651e-09
962 1.08879e-07
1830 1.68933e-07
1729 4.56476e-08
1881 8.61968e-08
1780 4.77689e-07
1932 1.26227e-08
1982 3.52041e-08
1831 4.76927e-07
2033 7.77825e-09
2084 3.26046e-09
1882 1.76782e-07
1983 2.19729e-08
1933 1.89286e-07
2034 1.49675e-08
2135 9.43351e-09
2085 2.21256e-08
2186 5.50083e-09
1984 1.1115e-07
2237 3.14312e-08
2035 4.53067e-08
2136 1.61031e-08
2086 2.60825e-08
2187 3.44771e-08
2238 2.62595e-08
2288 1.19672e-07
2137 3.50924e-08
2339 2.10429e-08
2188 2.02902e-08
2390 7.89993e-08
2239 7.94327e-08
2289 1.03087e-08
2441 1.28089e-07
2340 9.33909e-08
2492 8.74395e-08
2391 5.70826e-08
2543 2.61185e-07
2290 1.70588e-07
2594 1.3219e-06
2341 5.18175e-08
2442 1.51061e-08
2392 4.40523e-08
2493 1.61136e-08
47 8.87621e-08
2544 3.52736e-07
98 1.75573e-08
2595 1.06554e-06
149 8.6836e-08
2443 7.47222e-08
48 7.57991e-08
1304 0.00093761
2494 1.31742e-07
99 1.16524e-07
2545 6.30249e-07
150 6.09696e-08
2596 1.15504e-06
49 1.7665e-07
200 8.6494e-09
100 2.13518e-07
251 2.87203e-08
151 1.44014e-07
302 1.03405e-07
810 6.26624e-07
556 4.03693e-06
658 7.60344e-06
1065 2.83425e-07
607 6.24396e-05
861 3.91514e-07
709 9.75979e-07
1116 1.64313e-07
912 4.5319e-07
353 1.32812e-06
963 5.95833e-07
760 8.01686e-07
1015 9.97332e-07
404 2.53293e-06
811 1.04716e-06
1066 3.45735e-07
506 3.20792e-05
455 8.41219e-06
862 1.9231e-07
557 8.5641e-06
1117 7.9093e-08
913 9.06413e-08
354 1.10811e-06
964 5.12036e-07
608 1.96079e-05
659 5.91736e-05
812 7.12688e-07
507 2.86791e-05
405 3.62732e-06
710 1.32398e-06
863 3.20489e-07
456 7.77862e-06
914 1.2941e-07
558 6.55878e-06
761 1.01118e-06
965 5.38853e-07
609 4.14847e-05
355 3.96446e-07
813 6.00606e-07
660 1.55948e-05
864 8.11055e-08
508 5.39473e-06
915 2.56583e-08
50 1.81068e-07
406 4.43042e-06
711 4.9059e-06
201 2.50595e-08
559 3.94644e-05
966 2.74927e-07
762 6.00696e-07
457 5.38574e-06
610 4.76953e-05
661 2.16441e-05
814 4.47533e-07
356 5.74683e-07
509 9.90132e-06
865 7.33919e-08
712 2.46596e-06
916 8.99572e-08
407 2.21853e-06
560 3.31959e-06
967 6.50765e-08
763 8.29771e-07
458 7.84879e-06
815 2.81189e-07
611 5.15993e-06
662 7.83422e-06
866 7.3816e-08
1016 5.38978e-07
1169 4.66568e-09
917 1.99466e-07
713 1.58292e-06
1067 2.02375e-07
252 8.79121e-09
968 8.2478e-08
1220 4.84413e-08
764 4.86294e-07
1118 1.2571e-07
101 1.32838e-08
1322 4.71054e-08
1475 4.76104e-08
1017 8.67328e-07
1271 2.96925e-08
1526 1.09716e-07
1373 1.07738e-07
1577 7.14804e-08
1170 1.53826e-07
1068 4.09404e-07
1424 7.96585e-09
1476 2.61966e-08
1221 7.80255e-08
1119 7.7633e-08
1527 1.30691e-09
1323 2.67219e-08
1272 3.02645e-08
1578 4.31917e-08
1018 6.10511e-07
1374 4.36157e-08
1477 6.0251e-08
1171 1.66541e-07
1069 1.13073e-06
1528 7.07686e-08
1425 9.32962e-08
1120 7.82769e-07
1222 5.10484e-08
1579 9.64797e-09
1324 5.79583e-09
1019 4.54543e-08
1273 5.70612e-08
1478 1.69816e-07
1375 9.97654e-08
1172 4.97688e-07
1070 7.16659e-08
1529 1.23999e-07
1426 5.51696e-08
1223 2.33846e-07
1580 4.05598e-08
1121 2.86886e-07
1274 2.62588e-08
1628 2.94449e-08
1325 4.12686e-08
1832 9.22078e-09
1679 1.18475e-07
1985 4.99032e-08
1730 4.52928e-08
2036 1.00187e-07
1376 2.37861e-08
1883 4.09843e-09
1781 2.57575e-08
2087 6.39698e-08
1427 8.40076e-08
1629 7.10537e-08
1680 1.09192e-08
1934 1.15951e-08
1986 9.33962e-08
2138 6.87157e-09
1731 4.92776e-09
1833 9.14242e-09
2037 3.3552e-08
1782 9.51388e-09
2189 4.6976e-08
1630 6.15748e-08
2088 1.75581e-08
1884 1.07747e-08
2240 7.26785e-08
1681 9.71482e-09
1987 5.57969e-08
1935 6.21617e-08
1732 2.80877e-08
2139 5.17917e-08
1783 2.89968e-08
1834 1.39155e-08
2190 7.91443e-08
2038 7.77318e-08
1631 1.14784e-07
1885 4.31193e-09
1682 3.79625e-08
1733 4.2162e-08
2241 1.2347e-08
2089 8.71322e-08
1936 2.0417e-08
1784 1.15363e-07
1988 1.0576e-07
2291 9.62497e-09
2140 4.83073e-08
1835 1.45825e-07
2342 2.9275e-08
2039 7.35307e-08
2191 3.98241e-08
1886 5.96434e-08
2393 1.253e-08
2090 2.9783e-08
2292 3.03898e-08
2242 2.35614e-08
152 7.16697e-08
1937 6.86667e-08
2343 2.25311e-08
2444 6.90167e-08
2141 7.44599e-08
2394 1.92122e-08
2495 9.86102e-09
2192 2.68267e-08
2293 2.8266e-08
2546 3.09639e-07
2243 3.05903e-09
2344 1.16192e-08
2597 8.8134e-07
2395 8.41449e-08
303 1.00686e-07
2445 6.40196e-08
2294 2.66553e-08
2345 2.91684e-08
2496 4.96291e-08
2396 5.07826e-08
2547 3.98213e-07
202 4.87237e-08
2598 7.2876e-07
253 4.53386e-09
304 1.53671e-07
203 1.38699e-07
254 3.64741e-08
2446 3.55539e-08
305 1.48684e-07
2497 6.68974e-08
2548 5.22611e-07
1558 0.00109726
2599 8.14987e-07
2447 1.72894e-08
2498 6.20996e-08
2549 4.86508e-07
2600 1.79823e-06
1457 0.000644075
1508 0.00021768
1559 3.56907e-07
1458 1.64409e-07
1509 2.29051e-08
1560 7.14577e-08
1355 0.000947296
1406 0.00112583
1305 8.36551e-07
1356 1.10325e-07
1407 6.10879e-08
