15075 0.786023
0 0.0461633
10050 0.150491
2412 0.11423
7437 0.0927132
5025 0.0975137
17487 4.51967
12462 1.90922
201 0.0489796
15276 0.809057
10251 0.16702
17688 4.72409
7638 0.0987946
5226 0.0924045
12663 1.81816
2613 0.105966
15477 0.870757
402 0.0537813
10452 0.196327
7839 0.103893
17889 4.64437
12864 1.66199
2814 0.0974397
5427 0.0877421
15678 0.973717
603 0.0603108
10653 0.257079
8040 0.108926
18090 4.25538
13065 1.47895
5628 0.0821344
3015 0.0894586
15879 1.10584
804 0.0696156
10854 0.37166
8241 0.116005
18291 3.90152
13266 1.25934
3216 0.0863279
5829 0.0766549
16080 1.32635
1005 0.0780715
11055 0.503852
8442 0.123348
18492 3.54803
13467 1.05245
3417 0.0860946
6030 0.0740861
16281 1.58663
1206 0.0900574
11256 0.666633
8643 0.12812
18693 3.24363
13668 0.915451
6231 0.0759514
3618 0.0894437
16482 1.94533
1407 0.10305
11457 0.918831
8844 0.132043
18894 2.97038
13869 0.834701
6432 0.0783564
3819 0.0917537
16683 2.46844
11658 1.19348
1608 0.112702
9045 0.13429
14070 0.779529
19095 2.78429
6633 0.081598
4020 0.096811
16884 2.88166
11859 1.46432
1809 0.117518
9246 0.134348
14271 0.759194
6834 0.0853783
19296 2.73205
4221 0.0986513
17085 3.47006
12060 1.87959
9447 0.13386
2010 0.119556
14472 0.763217
19497 2.76633
7035 0.0864229
4422 0.100942
17286 4.09137
12261 1.94504
9648 0.138524
2211 0.119307
14673 0.773012
19698 2.99986
10051 0.157301
4623 0.102931
7236 0.0887885
15076 0.767467
9849 0.144541
1 0.059212
14874 0.777598
19899 3.19461
10252 0.18014
4824 0.100886
15277 0.810288
7438 0.0980617
5026 0.105332
202 0.0636814
12463 2.2476
17488 4.57134
10453 0.21686
2413 0.104712
15478 0.879714
7639 0.104097
5227 0.0989514
12664 1.92585
403 0.0659613
17689 4.85261
10654 0.311406
2614 0.101343
15679 0.989664
7840 0.110091
12865 1.60593
5428 0.0939115
604 0.0739539
10855 0.495771
17890 4.86285
15880 1.1161
2815 0.0978819
8041 0.11724
13066 1.36387
5629 0.0870735
805 0.0803904
18091 4.40682
16081 1.30808
3016 0.0936299
11056 0.723941
8242 0.122815
5830 0.0832447
13267 1.1208
1006 0.0884076
16282 1.59139
18292 3.98956
3217 0.0936463
8443 0.128303
11257 1.01841
6031 0.0809503
1207 0.0947585
13468 0.930063
18493 3.52641
16483 2.01685
3418 0.0945512
8644 0.131812
6232 0.0819887
11458 1.38778
13669 0.845069
1408 0.100664
16684 2.46054
18694 3.15795
3619 0.100018
8845 0.133182
6433 0.0855048
11659 1.86403
1609 0.105798
13870 0.78889
16885 3.00514
18895 2.84549
3820 0.104099
9046 0.133495
14071 0.745581
11860 2.21624
6634 0.0890912
4021 0.107898
1810 0.107513
19096 2.67383
9247 0.132214
17086 3.6374
12061 2.48819
14272 0.735081
6835 0.0922966
4222 0.112886
2011 0.106744
19297 2.6557
17287 4.16151
9448 0.130217
12262 2.42628
14473 0.729018
4423 0.11509
7036 0.0926082
2212 0.107692
19498 2.72483
9649 0.136322
15077 0.767331
10052 0.17276
14674 0.728887
7237 0.0951402
4624 0.115644
19699 2.90226
9850 0.145245
10253 0.204568
15278 0.815486
14875 0.745048
2 0.0819869
5027 0.109737
4825 0.112303
19900 3.12394
7439 0.106248
15479 0.885941
12464 2.51657
203 0.0877755
10454 0.278174
17489 5.0706
2414 0.097084
5228 0.104375
7640 0.1119
15680 1.01056
404 0.0886916
10655 0.415053
12665 2.07994
17690 5.25983
2615 0.0977931
5429 0.101748
7841 0.118885
15881 1.18974
605 0.0946079
10856 0.660657
12866 1.68552
17891 5.16972
2816 0.0982732
5630 0.0982534
8042 0.123695
16082 1.42382
806 0.0948247
11057 1.03058
13067 1.31553
18092 4.7669
5831 0.0935236
3017 0.0980251
8243 0.127375
1007 0.0966952
16283 1.76112
11258 1.37033
13268 1.05374
18293 4.39012
6032 0.0940707
3218 0.0998815
8444 0.130738
1208 0.0968475
16484 2.12239
11459 1.94301
13469 0.89247
18494 4.01661
6233 0.0940012
3419 0.101583
1409 0.0972951
8645 0.131494
16685 2.63023
11660 2.44821
13670 0.78991
18695 3.62733
6434 0.0960393
3620 0.104844
1610 0.0961464
8846 0.131103
11861 2.85843
16886 3.37351
13871 0.73985
18896 3.28701
6635 0.0951755
3821 0.109184
9047 0.130123
1811 0.0950483
12062 3.13097
17087 4.05541
14072 0.689608
19097 3.02483
6836 0.0951235
4022 0.112299
9248 0.129074
2012 0.0941329
12263 2.90244
17288 4.7535
14273 0.678544
19298 2.85222
7037 0.0978586
4223 0.115663
10053 0.210011
9449 0.126771
2213 0.0955466
14474 0.686262
19499 2.81231
7238 0.101826
15078 0.769994
4424 0.118315
10254 0.285833
9650 0.135257
3 0.107001
14675 0.704165
5028 0.111665
19700 2.94983
15279 0.822785
4625 0.117787
10455 0.406777
9851 0.15
204 0.105938
14876 0.72634
5229 0.109378
4826 0.115901
19901 3.13861
10656 0.572988
15480 0.909173
7440 0.111294
405 0.105776
12465 2.74153
5430 0.108768
2415 0.0955499
17490 5.89133
15681 1.0437
7641 0.115473
10857 0.891504
606 0.105924
12666 2.28277
5631 0.106622
15882 1.26291
17691 5.82638
2616 0.0977609
7842 0.118214
807 0.102132
11058 1.28821
12867 1.78368
5832 0.105262
16083 1.54904
17892 5.70578
2817 0.100235
8043 0.120509
1008 0.0993848
11259 1.81273
6033 0.103862
13068 1.42469
16284 1.94618
18093 5.35411
3018 0.101874
8244 0.123318
1209 0.0969008
6234 0.103728
13269 1.08607
16485 2.37911
11460 2.32453
18294 4.9758
8445 0.122509
3219 0.103543
1410 0.0948372
6435 0.103173
16686 3.01718
11661 2.89333
13470 0.869054
18495 4.57824
8646 0.120985
3420 0.105511
1611 0.092919
6636 0.102743
16887 3.86447
18696 4.17192
11862 3.43947
13671 0.754745
8847 0.119173
3621 0.107776
1812 0.0920717
6837 0.100635
17088 4.63065
18897 3.70054
12063 3.62294
13872 0.681625
9048 0.118431
3822 0.109522
2013 0.0918285
7038 0.103147
17289 5.41073
19098 3.30084
12264 3.3065
14073 0.612043
9249 0.121286
4023 0.111154
2214 0.0934966
7239 0.107131
15079 0.76761
19299 3.06898
10054 0.256188
9450 0.125675
4224 0.113305
14274 0.619394
4 0.125535
5029 0.111229
15280 0.840049
19500 2.92425
9651 0.143181
10255 0.355485
4425 0.115494
14475 0.641526
205 0.118064
15481 0.944243
19701 3.03185
5230 0.110493
9852 0.168917
10456 0.497395
4626 0.115989
14676 0.673991
406 0.114075
19902 3.21042
15682 1.1103
5431 0.111422
7441 0.114927
10657 0.767752
4827 0.115512
607 0.111587
14877 0.713639
17491 6.9546
5632 0.112015
15883 1.38844
10858 1.09797
7642 0.116111
2416 0.0958942
808 0.106606
12466 2.78458
17692 6.98617
5833 0.112024
16084 1.72751
11059 1.52469
7843 0.114492
2617 0.0985115
1009 0.100651
12667 2.09634
17893 6.85589
6034 0.109843
16285 2.2969
8044 0.113571
11260 2.09166
2818 0.100405
1210 0.0968065
12868 1.6252
18094 6.35589
6235 0.107573
16486 2.88228
8245 0.113075
3019 0.101923
11461 2.72141
1411 0.0938258
13069 1.26502
18295 5.7121
6436 0.109463
16687 3.53375
8446 0.113806
3220 0.10249
11662 3.31225
13270 0.979288
1612 0.0924219
18496 4.9943
6637 0.109968
16888 4.65404
8647 0.11176
3421 0.102542
11863 3.72173
13471 0.737043
1813 0.0911433
18697 4.27144
6838 0.108011
8848 0.109065
17089 5.54712
3622 0.102364
12064 3.83836
13672 0.648729
2014 0.0919149
18898 3.72825
7039 0.109229
9049 0.111429
17290 6.37201
3823 0.102816
12265 3.46862
13873 0.602265
2215 0.0939296
19099 3.31305
7240 0.111365
9250 0.11579
15080 0.768457
10055 0.297592
4024 0.103372
14074 0.573884
5 0.133912
19300 3.1026
5030 0.109512
15281 0.864018
9451 0.12931
10256 0.414268
14275 0.596495
4225 0.105156
206 0.120913
19501 3.00074
5231 0.110222
15482 1.01362
9652 0.153762
10457 0.585052
407 0.114244
19702 3.12058
14476 0.633308
4426 0.106705
5432 0.11233
9853 0.191738
15683 1.19482
10658 0.878561
608 0.109916
14677 0.660362
5633 0.11386
4627 0.109075
19903 3.36926
15884 1.50099
7442 0.106923
10859 1.25183
809 0.10611
14878 0.711274
5834 0.114642
4828 0.111311
16085 1.97649
17492 8.19007
7643 0.106568
11060 1.76085
1010 0.102048
12467 2.62777
6035 0.112255
2417 0.0992396
16286 2.65246
17693 8.19199
7844 0.105548
1211 0.100202
11261 2.38898
12668 1.82287
6236 0.10862
2618 0.0998526
16487 3.45403
8045 0.104983
17894 7.89558
1412 0.0983136
11462 3.04393
12869 1.26316
6437 0.108371
2819 0.100081
16688 4.39747
8246 0.104973
18095 7.15875
1613 0.0964622
11663 3.46934
13070 1.12015
6638 0.107192
3020 0.0992664
16889 5.49157
8447 0.105288
18296 6.34003
1814 0.0964314
11864 3.73977
13271 0.83081
6839 0.10529
3221 0.0979872
17090 6.70158
8648 0.106667
18497 5.25733
2015 0.0967026
13472 0.609158
7040 0.105593
12065 3.71989
3422 0.0965677
17291 7.54701
8849 0.110476
18698 4.32753
2216 0.0979247
13673 0.552854
7241 0.106032
12266 3.30999
15081 0.765282
9050 0.118127
18899 3.69238
6 0.125669
3623 0.0955726
13874 0.537718
5031 0.106187
10056 0.347787
15282 0.879021
9251 0.125801
19100 3.30266
207 0.116787
3824 0.0945769
14075 0.544915
5232 0.108536
10257 0.477455
15483 1.07955
9452 0.144267
19301 3.11981
408 0.109805
14276 0.578466
5433 0.110721
10458 0.683736
4025 0.0944815
9653 0.171508
19502 3.07696
15684 1.32843
609 0.106363
14477 0.620277
5634 0.112278
4226 0.0960006
10659 0.986293
19703 3.2094
9854 0.222894
15885 1.73101
810 0.103938
14678 0.655523
5835 0.111901
4427 0.0990744
10860 1.40633
19904 3.54601
16086 2.34671
7443 0.0986531
1011 0.1029
14879 0.704786
6036 0.109855
4628 0.103041
11061 1.9232
17493 10.1774
16287 3.06976
7644 0.0980251
12468 2.12028
1212 0.102169
6237 0.10683
4829 0.106509
11262 2.40983
16488 4.14565
17694 10.0708
7845 0.0977687
1413 0.10236
12669 1.4871
6438 0.103554
2418 0.102571
11463 2.75475
16689 5.2611
17895 9.29757
8046 0.0983846
6639 0.0999043
1614 0.101484
11664 2.8816
12870 0.958648
2619 0.102948
16890 6.61636
8247 0.100253
18096 8.09712
6840 0.0995486
1815 0.101919
11865 2.92833
2820 0.101313
13071 0.81999
8448 0.103407
18297 6.65923
17091 7.97956
2016 0.102515
7041 0.0992316
3021 0.0994712
13272 0.669858
12066 2.74102
8649 0.108704
18498 5.37745
17292 9.14458
2217 0.102559
7242 0.0994021
3222 0.0973551
13473 0.543489
12267 2.56993
18699 4.3666
15082 0.840057
8850 0.118677
7 0.119062
5032 0.0993464
3423 0.0950472
13674 0.521465
10057 0.395783
18900 3.64908
15283 0.998905
9051 0.128096
5233 0.10348
3624 0.092938
208 0.114867
13875 0.525347
10258 0.531964
19101 3.30508
15484 1.27274
3825 0.0920109
9252 0.143872
409 0.111047
14076 0.53955
5434 0.104686
10459 0.720752
19302 3.15191
15685 1.58543
4026 0.0923254
9453 0.16165
14277 0.567159
5635 0.102904
610 0.108544
10660 0.999791
19503 3.14004
15886 2.02607
4227 0.0935852
9654 0.200893
811 0.106146
14478 0.594239
5836 0.102456
16087 2.73298
10861 1.49405
19704 3.35129
4428 0.0958546
9855 0.260282
1012 0.105042
14679 0.636113
6037 0.102197
16288 3.62305
11062 1.91722
4629 0.098764
19905 3.68797
7444 0.0963642
1213 0.104632
14880 0.687119
16489 4.73625
6238 0.0991014
11263 2.21867
4830 0.102952
17494 10.2566
7645 0.0962045
1414 0.104959
12469 1.3658
16690 6.07543
6439 0.0966372
11464 2.20701
2419 0.107755
17695 9.92689
7846 0.0984279
1615 0.105829
16891 7.59676
12670 1.02248
6640 0.0948593
11665 2.15465
2620 0.105999
17896 9.19565
8047 0.101642
1816 0.106367
12871 0.701804
17092 8.86384
6841 0.0944565
11866 2.00838
18097 7.91469
2821 0.103996
8248 0.105647
2017 0.107843
13072 0.599174
17293 9.83054
7042 0.0944843
12067 1.83877
3022 0.100728
18298 6.64759
2218 0.108482
8449 0.114182
13273 0.547304
7243 0.095841
15083 0.923398
12268 1.58141
3223 0.0985124
18499 5.19355
8 0.114322
8650 0.122975
13474 0.505554
15284 1.18176
5033 0.0902484
10058 0.39996
3424 0.0953173
18700 4.22529
209 0.113813
8851 0.139115
13675 0.496896
15485 1.47023
5234 0.0950759
3625 0.0933698
18901 3.65739
10259 0.521772
410 0.112806
9052 0.152798
13876 0.504544
15686 1.86505
5435 0.0967978
3826 0.0916868
19102 3.32511
10460 0.647077
611 0.11068
9253 0.172078
14077 0.53001
15887 2.38892
5636 0.0937288
4027 0.0913905
19303 3.26349
10661 0.879152
812 0.107905
9454 0.190151
14278 0.55533
16088 3.01408
5837 0.0926005
19504 3.35442
4228 0.0921084
10862 1.1751
9655 0.222033
1013 0.10646
14479 0.590694
16289 4.05047
6038 0.0925648
19705 3.69353
4429 0.0932523
11063 1.37244
9856 0.29044
14680 0.641045
1214 0.105809
16490 5.11528
6239 0.0909543
4630 0.0951063
19906 4.09466
11264 1.49185
7445 0.0953318
14881 0.726133
1415 0.106299
6440 0.0903504
16691 6.6498
4831 0.0976537
17495 10.0186
7646 0.0970109
12470 0.71061
1616 0.106879
6641 0.0899193
11465 1.37507
16892 8.5013
2420 0.108308
17696 9.43799
7847 0.101694
1817 0.108217
12671 0.618146
6842 0.0901629
11666 1.35464
17093 9.64849
17897 8.56088
2621 0.106822
8048 0.107558
12872 0.559336
2018 0.108798
7043 0.0908658
11867 1.10954
17294 10.1596
2822 0.105106
18098 7.6025
8249 0.115023
2219 0.10926
13073 0.515499
7244 0.0931098
12068 0.982966
15084 1.1218
3023 0.102912
18299 6.41764
8450 0.12759
9 0.117688
13274 0.487212
5034 0.0861551
12269 0.841667
15285 1.34599
3224 0.101033
18500 5.1078
210 0.11653
8651 0.142482
5235 0.0899731
10059 0.405558
13475 0.478091
3425 0.0993924
15486 1.71807
18701 4.30265
411 0.113758
8852 0.155254
5436 0.0917079
10260 0.476056
13676 0.473726
15687 2.09605
3626 0.0986659
18902 3.75953
612 0.110402
9053 0.176387
5637 0.0892471
10461 0.585204
13877 0.483421
15888 2.67658
3827 0.096239
813 0.107244
19103 3.50565
9254 0.196758
5838 0.0886295
10662 0.714104
14078 0.515657
16089 3.38866
4028 0.0938361
1014 0.105797
19304 3.45737
9455 0.223383
6039 0.0891413
10863 0.8453
16290 4.26405
4229 0.0922519
1215 0.10487
14279 0.552614
19505 3.63835
9656 0.26589
6240 0.0877121
11064 0.928588
16491 5.4751
4430 0.0911743
14480 0.605935
1416 0.10519
19706 3.96455
11265 0.903776
9857 0.314579
6441 0.0867234
16692 6.70307
4631 0.0898934
14681 0.677507
1617 0.105751
19907 4.39081
11466 0.86398
7446 0.0969146
6642 0.0868238
16893 8.08818
4832 0.0896429
14882 0.792666
1818 0.106601
17496 9.6288
7647 0.101096
11667 0.787989
6843 0.0877018
17094 8.96358
2421 0.107019
2019 0.107268
7848 0.108573
17697 9.37974
12471 0.513252
7044 0.0895771
11868 0.693721
17295 9.39898
2622 0.106565
2220 0.10734
8049 0.117496
17898 8.67116
12672 0.494927
7245 0.0930135
2823 0.105911
12069 0.622921
15085 1.32227
10 0.122284
8250 0.1285
18099 7.73943
12873 0.485415
5035 0.0851715
3024 0.105046
15286 1.61052
12270 0.557026
211 0.118611
8451 0.142169
18300 6.46045
13074 0.465974
5236 0.0868207
3225 0.103933
15487 2.05594
10060 0.389743
412 0.113777
18501 5.22074
8652 0.155817
13275 0.456553
5437 0.0877502
3426 0.103756
15688 2.48407
10261 0.431718
613 0.108925
8853 0.178103
10462 0.483707
18702 4.43597
5638 0.0867896
3627 0.103631
13476 0.462091
814 0.105378
15889 3.01043
9054 0.19992
10663 0.536141
18903 3.98488
5839 0.0864918
3828 0.0998009
1015 0.102615
13677 0.46975
16090 3.62852
9255 0.221844
10864 0.552728
19104 3.99825
6040 0.0865226
4029 0.0955182
1216 0.100391
13878 0.489728
16291 4.46267
9456 0.259953
11065 0.599664
6241 0.085349
19305 3.99113
4230 0.0920582
1417 0.10033
14079 0.5285
16492 5.36121
9657 0.293605
11266 0.579255
6442 0.0843871
4431 0.0896681
19506 4.03259
14280 0.577758
1618 0.100743
16693 6.46449
9858 0.34706
11467 0.547698
6643 0.0845648
4632 0.0876871
19707 4.05384
14481 0.651297
1819 0.102251
7447 0.101946
6844 0.0864516
16894 7.43844
4833 0.0863983
11668 0.546767
19908 4.27076
14682 0.765958
2020 0.103647
7648 0.109182
7045 0.0896997
17095 8.19479
2422 0.105951
17497 9.18377
11869 0.538361
2221 0.105062
14883 0.939824
7849 0.121528
2623 0.10635
17296 8.79036
7246 0.0952699
17698 9.2104
12070 0.529037
11 0.120784
8050 0.130203
12472 0.480931
2824 0.108167
15086 1.59103
17899 8.41767
212 0.115983
12271 0.512832
5036 0.0876431
8251 0.144667
12673 0.458298
3025 0.109977
15287 1.98047
18100 7.63267
413 0.11012
5237 0.0881934
10061 0.365525
8452 0.159868
12874 0.442268
3226 0.110014
15488 2.41508
614 0.105178
18301 6.55362
5438 0.0886373
10262 0.38434
8653 0.175563
3427 0.109079
15689 2.88744
13075 0.439729
815 0.100197
18502 5.2715
5639 0.0877076
10463 0.409082
8854 0.195961
3628 0.107069
15890 3.29556
13276 0.444567
18703 4.70822
1016 0.0967659
5840 0.0864039
10664 0.421761
9055 0.216567
3829 0.101895
13477 0.455186
16091 3.89637
10865 0.424167
1217 0.0942643
18904 4.29319
9256 0.243439
4030 0.096152
6041 0.0842845
16292 4.45796
13678 0.478149
11066 0.4378
1418 0.0935241
9457 0.277525
19105 4.27321
4231 0.0919233
6242 0.0829261
16493 5.18539
13879 0.512068
11267 0.446796
1619 0.0947043
9658 0.309933
19306 4.12924
4432 0.0884244
6443 0.0825877
16694 5.99899
14080 0.556869
11468 0.45429
1820 0.0959367
9859 0.352589
19507 3.96714
4633 0.0866701
6644 0.0837208
16895 7.06297
2021 0.0996399
14281 0.629867
11669 0.468901
19708 3.85675
7448 0.109528
4834 0.0857414
6845 0.0864869
17096 7.79686
14482 0.731029
11870 0.486551
19909 3.90981
2222 0.102879
2423 0.105753
7046 0.0913054
17297 8.41938
7649 0.11988
14683 0.883532
2624 0.10679
20100 3.47352
22713 32.754
7247 0.0997911
7850 0.133652
12071 0.48253
14884 1.07473
17498 8.77787
2825 0.10973
20301 3.77312
25125 105.915
22914 40.1037
8051 0.150036
12272 0.476031
17699 8.65286
12473 0.456838
20502 4.17545
3026 0.114064
25326 116.899
8252 0.164228
23115 46.76
27738 39.1954
12674 0.442622
17900 8.089
3227 0.114019
20703 4.6723
25527 127.489
8453 0.179265
23316 52.3082
27939 29.7267
12875 0.435321
18101 7.13871
3428 0.112707
20904 5.33609
8654 0.191846
25728 137.495
23517 57.4319
28140 22.7877
13076 0.439392
18302 6.36913
3629 0.109772
21105 6.25206
25929 147.356
8855 0.212077
23718 60.3098
28341 21.0114
13277 0.451472
18503 5.51318
3830 0.105214
21306 7.4668
26130 154.025
9056 0.229731
28542 20.4964
18704 5.04067
13478 0.465556
23919 62.4603
4031 0.0986419
21507 8.8308
26331 156.825
9257 0.257846
28743 22.0674
18905 4.58872
13679 0.5001
21708 10.4636
24120 66.1589
26532 150.411
4232 0.0940262
9458 0.282304
28944 24.2032
19106 4.18636
13880 0.551762
24321 71.7492
21909 12.8771
26733 132.201
4433 0.0907083
9659 0.316934
29145 26.4654
19307 3.82532
14081 0.614804
22110 16.6178
26934 110.835
9860 0.342576
4634 0.0896278
29346 29.8846
14282 0.706411
19508 3.57703
24522 78.1709
22311 21.3375
27135 88.4366
30150 39.1221
4835 0.0881187
29547 32.7897
19709 3.32878
14483 0.856828
24723 84.7685
27336 69.3587
22512 27.9087
30351 39.8761
32763 40.4354
29748 35.7293
24924 94.3133
14684 1.04498
27537 53.1508
19910 3.32505
30552 41.2395
20101 3.41205
29949 38.0012
32964 38.064
22714 32.8236
14885 1.30577
25126 106.201
35175 24.6304
30753 42.3143
20302 3.75499
27739 30.3568
33165 36.5569
22915 37.5008
37788 30.9541
25327 115.709
35376 20.6843
20503 4.28026
30954 43.0672
27940 23.47
33366 35.7964
23116 43.9852
37989 38.6195
25528 126.232
35577 16.0193
20704 4.77682
31155 44.5821
28141 19.246
23317 49.9285
38190 45.9396
33567 35.515
35778 12.5843
25729 135.424
20905 5.46562
31356 45.0121
38391 53.7441
23518 57.7295
28342 16.8911
25930 143.298
35979 10.8755
33768 35.3548
21106 6.31981
31557 46.4725
26131 149.342
38592 63.3135
28543 16.4576
23719 59.913
36180 10.0329
33969 35.0993
21307 7.22958
31758 47.495
26332 147.236
38793 74.0818
28744 17.2139
23920 61.4956
36381 10.2625
34170 35.3706
21508 8.53373
31959 47.8041
26533 139.027
38994 84.0558
24121 65.6947
28945 19.0942
36582 10.9628
21709 10.3223
34371 36.1822
32160 46.6477
26734 113.624
39195 91.5439
29146 21.4009
36783 12.3391
24322 70.4536
21910 12.6314
32361 44.4808
34572 34.4877
39396 98.6444
26935 93.7992
29347 24.572
36984 13.6096
24523 77.1895
22111 16.4962
32562 42.6298
34773 31.8764
39597 104.778
27136 71.4661
29548 28.0237
37185 15.368
24724 84.0845
22312 21.45
30151 36.466
39798 108.121
34974 28.2803
29749 31.0938
27337 55.5021
37386 18.1241
24925 92.873
22513 26.8758
30352 38.3593
39999 113.199
32764 37.8513
29950 33.7995
27538 39.841
37587 21.7566
22715 30.8418
20102 3.4808
30553 41.2593
32965 36.9432
40200 118.183
27740 24.452
25127 100.32
20303 3.89219
35176 23.191
22916 37.5706
30754 43.443
33166 36.3212
37789 29.9029
25328 109.104
35377 20.0866
27941 20.1255
20504 4.31625
23117 45.5364
30955 45.0697
33367 36.2138
37990 37.3546
25529 118.434
35578 15.5757
20705 4.96906
28142 17.0109
23318 52.0007
33568 35.7789
38191 43.2427
31156 46.4177
25730 129.997
35779 12.1398
28343 14.2515
20906 5.70955
23519 57.0989
33769 35.5843
31357 47.5309
38392 51.567
35980 10.6324
25931 135.857
28544 13.5724
21107 6.77458
23720 59.7285
33970 36.0725
31558 48.0702
36181 9.8403
38593 61.16
26132 137.913
28745 14.2948
21308 7.91171
23921 62.176
34171 36.6064
38794 71.5329
31759 48.0388
36382 9.78174
26333 135.66
28946 15.886
21509 9.23751
34372 36.6033
24122 65.0872
38995 81.8701
31960 46.9499
29147 18.4564
21710 10.9631
26534 122.658
36583 10.5959
34573 33.1887
24323 68.9431
39196 87.1577
32161 44.5399
29348 20.601
21911 13.4396
26735 103.963
36784 11.9548
34774 29.5836
24524 73.8343
39397 92.8228
32362 41.8005
29549 23.9766
22112 16.828
36985 13.0845
24725 79.6432
26936 85.8191
39598 96.8465
34975 26.5125
32563 39.3057
29750 26.8528
22313 21.881
37186 14.2481
24926 86.8599
39799 99.8184
27137 66.268
32765 29.5234
30152 32.768
29951 30.3948
22514 26.2941
37387 17.458
22716 30.3329
40000 103.973
27338 45.476
32966 30.4632
27741 22.4812
30353 35.87
20103 3.55836
37588 22.7138
22917 37.0367
40201 109.092
27539 32.8305
33167 31.4638
27942 17.9349
30554 39.7159
20304 3.97633
23118 45.4816
35177 20.5971
37790 28.6709
25128 90.5334
33368 32.0021
28143 15.2734
30755 42.071
20505 4.60016
23319 52.5457
35378 17.7178
37991 34.5986
25329 100.289
28344 12.6454
33569 31.8203
30956 44.3233
20706 5.30533
23520 55.8096
38192 41.2702
35579 14.1823
25530 111.457
28545 12.2401
33770 31.6886
31157 45.2882
20907 6.24928
23721 58.7597
38393 48.6847
25731 123.216
28746 12.6042
35780 11.1066
33971 31.7387
31358 46.7611
21108 7.31043
23922 62.4054
38594 58.1786
25932 127.727
28947 13.9774
31559 46.5731
35981 10.1488
34172 31.7161
24123 64.778
21309 8.62448
38795 70.7245
26133 127.38
29148 15.7867
31760 45.2472
36182 9.56426
34373 31.3141
38996 78.3943
21510 10.0726
24324 66.7114
29349 17.2488
31961 43.4284
26334 122.693
36383 9.39227
34574 29.0134
39197 83.8703
24525 69.2504
21711 11.9485
29550 19.7299
32162 40.3309
26535 114.121
36584 10.3083
24726 72.9788
21912 14.2826
39398 87.948
34775 26.3996
26736 100.423
29751 21.5125
32363 36.8671
36785 11.3323
24927 80.019
22113 17.2066
39599 91.0122
34976 23.8778
32564 32.5808
26937 83.2462
29952 24.1857
36986 12.3752
22314 20.9046
22717 30.541
39800 93.8209
32766 23.4878
30153 27.1114
27138 63.3635
27742 20.8767
37187 13.8345
22515 25.3618
22918 35.7091
40001 96.0871
32967 23.9873
30354 29.5075
27339 42.1078
27943 16.8199
37388 16.5555
20104 3.69778
23119 43.5009
40202 97.6258
33168 24.5963
30555 32.1719
27540 30.3407
28144 13.4829
20305 4.31256
37589 21.443
23320 50.0579
33369 26.4677
30756 35.2468
37791 26.5619
25129 83.1325
28345 11.329
20506 4.90443
35178 17.6535
23521 53.4809
33570 26.632
37992 31.9571
30957 37.5363
25330 92.0512
28546 11.0606
20707 5.72425
35379 14.3262
23722 57.3652
38193 38.3901
33771 25.5559
31158 37.0207
25531 100.253
28747 11.4348
35580 12.0941
20908 6.83292
23923 60.6066
38394 46.1069
33972 25.3779
31359 36.4197
25732 112.327
28948 12.5331
35781 10.2145
21109 7.908
24124 61.5979
38595 53.922
31560 37.603
34173 25.5526
25933 115.95
35982 9.52472
29149 13.5018
21310 9.15578
24325 63.987
38796 61.7827
31761 36.3742
34374 25.0986
29350 14.844
26134 117.579
24526 66.2714
36183 9.13881
21511 10.9716
38997 68.6325
34575 24.4045
31962 33.6983
29551 16.2069
24727 69.7026
36384 9.0792
21712 12.4357
26335 115.33
39198 74.6995
34776 22.5655
32163 31.6452
29752 17.4017
24928 75.0661
36585 9.61058
21913 14.3606
34977 20.6208
26536 106.154
32364 28.0806
39399 78.5343
22718 30.3394
29953 19.6634
36786 10.5952
22114 16.7733
32767 17.9526
26737 89.3524
32565 25.4625
39600 82.2804
22919 35.1355
36987 11.7931
22315 20.6154
27743 19.7507
32968 17.4975
26938 72.2732
30154 20.9209
39801 83.8542
23120 41.0975
37188 13.9086
22516 25.2675
27944 14.859
33169 18.365
27139 54.8266
40002 86.1368
30355 22.7513
23321 47.1779
37389 17.0656
20105 3.95187
28145 11.7362
33370 18.4715
27340 38.2863
30556 24.498
23522 51.8371
37590 20.9639
20306 4.67141
40203 87.2518
28346 10.0517
33571 19.72
27541 27.4316
30757 27.4134
23723 56.0077
35179 13.0255
20507 5.37515
37792 24.1803
28547 9.77208
33772 18.8735
25130 75.2074
30958 29.0678
35380 10.922
23924 58.2205
20708 6.15798
37993 29.9626
28748 10.0551
33973 18.2682
25331 84.6125
31159 26.8487
24125 58.9919
20909 7.46055
35581 9.94419
34174 18.5167
25532 93.0375
28949 11.2583
38194 35.8601
31360 26.7943
24326 60.2451
35782 9.02809
21110 8.65472
25733 101.981
34375 18.5874
38395 42.1589
29150 11.8354
24527 63.0013
31561 28.9947
35983 8.61722
21311 9.89824
25934 105.759
38596 48.9231
34576 17.9977
29351 12.7927
31762 28.0219
36184 8.43
24728 65.8156
21512 11.7469
26135 107.392
38797 53.1798
29552 13.7538
34777 15.9621
36385 8.52814
31963 24.0271
21713 13.5133
24929 70.8639
26336 107.257
38998 57.9774
29753 14.6477
34978 14.9302
36586 9.0828
32164 22.687
22719 29.3628
21914 14.8378
26537 98.6966
39199 62.6994
29954 15.3402
32768 13.5576
36787 10.0624
22920 34.1631
32365 21.5002
26738 82.8388
22115 17.0026
39400 69.0682
27744 18.3598
32969 13.1368
36988 11.6854
23121 39.517
32566 18.6888
26939 60.1486
22316 20.0639
39601 72.4807
27945 13.186
33170 14.0244
37189 13.9843
30155 15.7936
27140 45.5195
23322 45.1304
39802 74.5811
22517 25.0656
28146 10.3275
33371 14.8382
37390 16.8548
30356 16.8753
27341 33.0512
23523 50.198
40003 76.2669
20106 4.33137
28347 8.57489
33572 15.2918
30557 17.4902
37591 20.3667
27542 26.1001
23724 53.5743
40204 77.7222
28548 8.09481
20307 5.01343
33773 15.2343
30758 18.4842
35180 9.48671
25131 68.7961
37793 24.685
23925 55.4057
20508 5.89851
28749 8.33449
33974 14.399
30959 20.1893
35381 8.73017
25332 76.6246
37994 31.3249
24126 55.8607
20709 6.77642
34175 14.1656
31160 19.5685
28950 8.73539
35582 8.15133
25533 84.5689
38195 36.2016
24327 56.6209
20910 8.0954
34376 14.1908
29151 9.35893
31361 19.3617
38396 41.7456
25734 94.5388
24528 58.1993
21111 9.13164
34577 13.8209
35783 7.93329
29352 10.1264
31562 20.1654
38597 47.0654
25935 99.6482
24729 60.2874
21312 10.248
35984 7.74204
34778 12.2308
29553 10.7486
31763 18.8767
38798 51.7726
26136 99.7837
24930 63.9217
36185 7.78817
21513 12.3016
34979 10.7432
29754 11.5577
31964 15.73
38999 55.7612
26337 93.5132
22720 28.9804
36386 8.01851
32769 10.1895
21714 14.0799
32165 15.3803
29955 12.4284
39200 59.3171
26538 81.6463
22921 33.477
36587 8.68203
32970 10.2921
32366 14.7975
21915 15.3707
27745 15.9617
26739 65.0724
23122 38.7752
39401 62.6696
33171 11.16
36788 9.71519
32567 13.8253
27946 11.6954
22116 17.7208
26940 52.2292
23323 43.5666
39602 65.4498
33372 11.6033
30156 13.1771
36989 11.1603
28147 8.76136
22317 20.8289
27141 39.7996
39803 67.7286
23524 48.6458
33573 11.9407
30357 13.449
37190 13.6276
28348 7.26257
27342 29.6013
22518 24.5321
23725 50.8743
33774 12.0029
40004 69.0977
30558 13.3046
37391 16.7157
28549 6.82415
27543 23.3721
20107 4.61351
23926 52.5426
33975 12.1002
40205 70.5092
30759 13.5052
37592 20.5564
28750 6.73481
25132 64.8988
20308 5.2295
24127 52.9958
30960 13.9805
37794 24.9898
28951 6.83669
35181 8.50672
34176 12.1597
25333 72.4441
20509 6.01884
24328 53.7717
31161 14.5647
37995 31.6905
35382 7.75181
29152 7.28425
20710 6.83348
24529 54.7967
34377 11.6665
25534 80.9017
31362 14.5281
38196 36.6317
35583 7.45296
29353 7.79221
20911 7.88483
25735 89.4062
24730 56.9701
34578 11.0487
38397 41.4488
31563 14.0029
35784 7.25256
29554 8.44108
21112 9.0147
25936 93.7534
34779 10.0442
24931 60.5119
38598 46.1375
31764 12.1133
35985 7.10442
29755 9.48279
26137 91.6639
34980 9.01303
38799 50.6917
21313 10.3845
31965 10.9543
36186 7.22714
29956 10.4607
22721 27.6332
26338 86.1377
32770 8.65363
39000 54.4895
21514 12.2116
36387 7.58363
32166 10.5684
27746 13.1039
22922 32.2881
26539 73.1951
32971 9.07844
39201 57.3201
21715 13.8192
36588 8.17949
32367 10.0684
27947 9.42892
23123 37.7809
26740 60.0868
33172 9.60275
39402 58.3992
21916 15.5876
32568 10.0299
36789 9.70194
28148 7.41275
26941 47.0085
23324 41.663
33373 10.2561
30157 11.3437
22117 17.7673
36990 11.3293
39603 60.2777
28349 6.47556
27142 36.6599
23525 45.8832
33574 10.5725
30358 11.8667
22318 20.0786
37191 13.5354
28550 5.76082
27343 27.8564
39804 61.5074
23726 48.4737
33775 10.7189
22519 23.9964
30559 11.9331
37392 15.9949
28751 5.62271
33976 10.8019
23927 49.9812
27544 21.7454
40005 63.624
37593 20.1857
28952 5.70853
20108 4.83231
30760 11.9677
34177 10.5632
24128 50.5125
40206 65.6762
25133 64.6339
35182 7.38959
29153 6.38145
30961 12.0499
20309 5.30342
24329 50.4819
34378 10.0815
37795 26.0486
25334 72.4279
29354 6.97009
35383 7.06796
31162 11.9761
20510 5.88896
24530 51.3418
34579 9.38877
35584 6.95576
29555 7.81144
25535 79.594
37996 32.296
31363 11.251
20711 6.74008
24731 53.7971
34780 8.53174
35785 6.6975
25736 85.8371
29756 8.85444
31564 10.6956
20912 7.41757
24932 58.2388
38197 36.6969
34981 7.86643
35986 6.60473
25937 86.8425
29957 9.94471
31765 9.38094
21113 8.44701
22722 27.0609
32771 7.91702
36187 6.80624
38398 40.9506
31966 8.62302
27747 11.5975
26138 84.1532
21314 10.0225
32972 8.43278
22923 31.4316
36388 7.20181
38599 45.2289
32167 8.25135
27948 7.52025
26339 80.098
21515 11.5673
23124 36.1484
33173 8.91993
38800 49.5128
36589 7.85381
32368 8.11878
28149 6.43537
26540 69.332
21716 13.4724
23325 40.3368
33374 9.49784
39001 52.7148
28350 5.67452
36790 9.35364
23526 44.5962
32569 8.35115
21917 15.6628
26741 59.4602
33575 9.89454
