0 32
765 32
612 32
1122 32
306 32
459 32
816 32
357 32
408 32
867 32
51 32
307 32
663 32
918 32
1173 32
714 32
1224 32
358 32
102 32
1123 32
969 32
766 32
613 32
153 32
817 32
664 32
1174 32
868 32
409 32
1 32
1225 32
204 32
919 32
510 32
715 32
52 32
308 32
1020 32
1124 32
255 32
767 32
614 32
103 32
561 32
359 32
1071 32
154 32
1175 32
818 32
460 32
665 32
2 32
410 32
970 32
205 32
1226 32
511 32
869 32
716 32
53 32
1275 32
1021 32
256 32
1428 32
104 32
562 32
920 32
155 32
1581 32
1479 32
1326 32
1072 32
206 32
1938 32
1632 32
1530 32
1377 32
1989 32
1683 32
1276 32
971 32
1429 32
1734 32
1327 32
257 32
2040 32
1480 32
461 32
1939 32
1582 32
2091 32
1633 32
1990 32
512 32
1785 32
1378 32
1022 32
2142 32
1531 32
1684 32
2041 32
563 32
1836 32
1277 32
1073 32
2193 32
1430 32
1735 32
1940 32
2244 32
1887 32
1328 32
2397 32
2092 32
1481 32
1583 32
2295 32
1991 32
1786 32
1379 32
2448 32
2143 32
1532 32
1634 32
2346 32
2042 32
1837 32
3 32
2499 32
2194 32
156 32
1685 32
2245 32
1888 32
309 32
54 32
2550 32
2093 32
207 32
1736 32
2296 32
1787 32
360 32
105 32
2398 32
2144 32
258 32
462 32
2347 32
1838 32
411 32
4 32
2195 32
2449 32
157 32
513 32
2246 32
1889 32
310 32
55 32
2500 32
615 32
208 32
564 32
2297 32
768 32
361 32
2551 32
666 32
106 32
259 32
463 32
2348 32
819 32
412 32
2399 32
717 32
5 32
158 32
514 32
972 32
870 32
311 32
2450 32
56 32
616 32
209 32
565 32
1023 32
921 32
2501 32
362 32
107 32
667 32
260 32
464 32
1074 32
2552 32
769 32
413 32
1125 32
718 32
1278 32
515 32
973 32
820 32
1176 32
1431 32
1584 32
617 32
1329 32
566 32
1024 32
871 32
1227 32
1482 32
1635 32
1380 32
1788 32
668 32
1075 32
922 32
1126 32
1533 32
1686 32
1279 32
719 32
1839 32
974 32
770 32
1737 32
1432 32
1941 32
1330 32
1177 32
1890 32
1025 32
821 32
1585 32
1483 32
1992 32
1381 32
1789 32
1228 32
1076 32
872 32
1636 32
1534 32
2043 32
1840 32
1127 32
2094 32
923 32
1687 32
1433 32
1942 32
1891 32
2145 32
2247 32
1738 32
1484 32
1993 32
1790 32
2196 32
2298 32
1586 32
1535 32
2044 32
1841 32
2095 32
2349 32
1637 32
2400 32
1943 32
1892 32
2146 32
2248 32
1688 32
1994 32
2451 32
6 32
2197 32
2299 32
1739 32
2045 32
2502 32
57 32
2096 32
2553 32
2350 32
312 32
159 32
2401 32
2147 32
2249 32
108 32
210 32
363 32
2452 32
7 32
414 32
2300 32
261 32
2503 32
2198 32
313 32
2351 32
160 32
58 32
364 32
2554 32
109 32
211 32
465 32
618 32
415 32
2402 32
516 32
8 32
669 32
314 32
262 32
2453 32
567 32
59 32
720 32
161 32
365 32
2504 32
466 32
110 32
619 32
212 32
416 32
2555 32
517 32
771 32
670 32
263 32
975 32
568 32
1178 32
822 32
721 32
1026 32
467 32
873 32
620 32
1077 32
518 32
924 32
671 32
976 32
569 32
772 32
722 32
1434 32
1027 32
823 32
1485 32
1587 32
874 32
1078 32
1536 32
1638 32
925 32
1689 32
1435 32
773 32
1740 32
1486 32
824 32
1588 32
1537 32
875 32
1639 32
1690 32
1741 32
1280 32
1229 32
1791 32
1842 32
1893 32
1792 32
1843 32
1894 32
1793 32
1844 32
1895 32
1944 32
1995 32
2046 32
1945 32
1996 32
2047 32
1946 32
1331 32
1997 32
1382 32
2048 32
2097 32
2250 32
2148 32
2301 32
2199 32
2352 32
2098 32
2251 32
2149 32
2302 32
2200 32
2353 32
2099 32
2252 32
2150 32
2303 32
2201 32
2354 32
2403 32
9 32
2454 32
60 32
2505 32
111 32
2556 32
2404 32
10 32
2455 32
61 32
2506 32
112 32
2557 32
11 32
2405 32
62 32
2456 32
113 32
2507 32
162 32
2558 32
213 32
315 32
264 32
366 32
163 32
417 32
214 32
265 32
164 32
316 32
367 32
215 32
266 32
1589 32
1640 32
1691 32
1742 32
468 32
519 32
418 32
317 32
368 32
419 32
926 32
1128 32
570 32
469 32
977 32
774 32
621 32
1436 32
520 32
825 32
1281 32
1028 32
672 32
978 32
1179 32
1487 32
876 32
723 32
571 32
470 32
1538 32
1079 32
1332 32
521 32
1029 32
927 32
1230 32
1383 32
622 32
1129 32
1284 32
1131 32
572 32
775 32
1282 32
1080 32
1180 32
673 32
1335 32
1182 32
826 32
1333 32
1437 32
1231 32
1384 32
979 32
724 32
1233 32
1386 32
877 32
623 32
674 32
1283 32
1488 32
1130 32
1030 32
725 32
1132 32
1285 32
928 32
1334 32
1181 32
1539 32
1590 32
1081 32
1183 32
1336 32
1385 32
1794 32
1232 32
1845 32
1947 32
1896 32
1998 32
2049 32
1948 32
1999 32
2050 32
1949 32
2000 32
2051 32
2100 32
2151 32
2202 32
2101 32
2152 32
2203 32
2102 32
2153 32
2204 32
2253 32
2304 32
1795 32
1846 32
1897 32
2355 32
2254 32
2305 32
2356 32
2255 32
2306 32
2357 32
2406 32
2457 32
2508 32
2559 32
2407 32
2458 32
2509 32
2560 32
2408 32
2459 32
2510 32
2561 32
12 32
63 32
114 32
13 32
64 32
115 32
14 32
65 32
116 32
165 32
216 32
267 32
166 32
217 32
268 32
167 32
218 32
269 32
318 32
369 32
420 32
319 32
370 32
421 32
320 32
371 32
422 32
471 32
776 32
1641 32
1438 32
1796 32
1847 32
1898 32
522 32
980 32
1692 32
1743 32
1387 32
1234 32
827 32
624 32
675 32
1489 32
573 32
472 32
523 32
1031 32
726 32
1133 32
1286 32
1591 32
878 32
574 32
473 32
524 32
1540 32
625 32
1082 32
1184 32
1642 32
575 32
1337 32
929 32
676 32
1439 32
1693 32
981 32
1235 32
777 32
1388 32
1744 32
1134 32
727 32
1490 32
1032 32
828 32
1287 32
1440 32
626 32
1185 32
1592 32
1541 32
879 32
1338 32
1083 32
677 32
1491 32
1236 32
1643 32
1593 32
930 32
982 32
1389 32
1694 32
1542 32
1135 32
728 32
1644 32
1033 32
1745 32
1950 32
2001 32
2052 32
1951 32
2002 32
2053 32
1952 32
2003 32
2054 32
2103 32
2154 32
1797 32
2205 32
2104 32
1848 32
2155 32
1899 32
2206 32
2105 32
2156 32
778 32
1288 32
1186 32
2207 32
2256 32
2307 32
2358 32
2257 32
2308 32
2359 32
2258 32
2309 32
2360 32
2409 32
2460 32
2511 32
2562 32
2410 32
2461 32
2512 32
2563 32
2411 32
2462 32
2513 32
2564 32
1441 32
15 32
66 32
117 32
16 32
67 32
118 32
17 32
68 32
119 32
18 32
69 32
120 32
168 32
219 32
270 32
169 32
220 32
271 32
170 32
221 32
272 32
171 32
222 32
273 32
321 32
372 32
423 32
322 32
373 32
424 32
323 32
374 32
425 32
324 32
375 32
426 32
474 32
1695 32
525 32
576 32
475 32
526 32
577 32
476 32
527 32
578 32
477 32
528 32
579 32
1084 32
1237 32
1798 32
1849 32
1900 32
1339 32
1492 32
829 32
627 32
1746 32
983 32
1799 32
1390 32
1543 32
1136 32
880 32
1594 32
678 32
1850 32
1901 32
1034 32
931 32
1289 32
1187 32
1645 32
729 32
1442 32
628 32
780 32
1085 32
779 32
1238 32
1340 32
1696 32
831 32
679 32
1493 32
984 32
830 32
1137 32
1747 32
882 32
1391 32
730 32
1544 32
629 32
881 32
1035 32
933 32
1595 32
1188 32
1290 32
1443 32
932 32
680 32
1086 32
781 32
1646 32
1239 32
1341 32
1494 32
1596 32
985 32
731 32
832 32
1697 32
1138 32
630 32
1392 32
1647 32
1545 32
1036 32
1748 32
883 32
681 32
1189 32
1698 32
1291 32
1444 32
1087 32
1800 32
934 32
1851 32
1902 32
1749 32
732 32
1953 32
2004 32
2055 32
1954 32
2005 32
2056 32
1955 32
2006 32
1342 32
1240 32
986 32
1495 32
782 32
2057 32
1956 32
2007 32
1801 32
1597 32
1393 32
1139 32
1037 32
1546 32
833 32
2058 32
2106 32
1852 32
1903 32
1648 32
2157 32
1088 32
1292 32
1190 32
1445 32
884 32
1802 32
1699 32
2208 32
987 32
935 32
1343 32
1496 32
1241 32
1853 32
1750 32
1904 32
2107 32
1038 32
1394 32
783 32
1547 32
1140 32
1803 32
2158 32
1598 32
1089 32
1854 32
834 32
1293 32
1446 32
1191 32
2209 32
1905 32
2259 32
1649 32
2412 32
885 32
2463 32
2514 32
2565 32
1344 32
2108 32
2310 32
1242 32
19 32
70 32
121 32
20 32
71 32
1497 32
122 32
21 32
72 32
123 32
172 32
223 32
274 32
173 32
224 32
275 32
174 32
225 32
276 32
325 32
376 32
427 32
326 32
377 32
428 32
327 32
378 32
429 32
478 32
529 32
580 32
479 32
530 32
581 32
480 32
531 32
582 32
2413 32
1700 32
2464 32
2515 32
2566 32
2414 32
2465 32
2516 32
2567 32
2415 32
2466 32
2517 32
2568 32
631 32
936 32
2361 32
2159 32
1395 32
1548 32
1751 32
784 32
2260 32
682 32
988 32
2210 32
1141 32
1294 32
1599 32
835 32
2311 32
2109 32
733 32
1039 32
1192 32
2362 32
1650 32
1345 32
632 32
886 32
2261 32
2312 32
2363 32
2262 32
2313 32
2364 32
2160 32
1090 32
1243 32
1701 32
2211 32
1396 32
683 32
937 32
1447 32
989 32
1752 32
1142 32
1600 32
1295 32
734 32
785 32
1498 32
1804 32
1040 32
633 32
1651 32
1193 32
836 32
1855 32
1346 32
1549 32
1091 32
1906 32
684 32
1702 32
1244 32
887 32
1397 32
1805 32
1448 32
1753 32
990 32
735 32
1957 32
1143 32
1856 32
938 32
1296 32
1499 32
2008 32
1601 32
1041 32
1907 32
786 32
1194 32
2059 32
1550 32
1652 32
1806 32
1092 32
1347 32
837 32
1245 32
2263 32
2314 32
2365 32
2264 32
2315 32
2366 32
2265 32
2316 32
2367 32
2416 32
2467 32
2518 32
2569 32
2417 32
2468 32
2519 32
2570 32
2418 32
2469 32
2520 32
2571 32
22 32
73 32
124 32
23 32
74 32
125 32
24 32
75 32
126 32
175 32
226 32
277 32
176 32
227 32
278 32
177 32
228 32
279 32
328 32
379 32
430 32
329 32
380 32
431 32
330 32
381 32
432 32
481 32
532 32
583 32
482 32
533 32
584 32
483 32
534 32
585 32
1857 32
1958 32
1703 32
2110 32
1449 32
1398 32
634 32
888 32
1908 32
2161 32
2212 32
2009 32
1754 32
1500 32
787 32
685 32
939 32
991 32
2060 32
2111 32
2162 32
2213 32
1602 32
838 32
736 32
635 32
1551 32
2112 32
2163 32
2214 32
1144 32
1042 32
1959 32
1653 32
889 32
686 32
1297 32
1450 32
1195 32
1093 32
2010 32
1704 32
940 32
737 32
636 32
1348 32
1246 32
1501 32
687 32
992 32
2061 32
1755 32
788 32
1145 32
1399 32
738 32
1552 32
1807 32
1043 32
1603 32
839 32
1196 32
1858 32
1298 32
1960 32
1451 32
1094 32
890 32
1654 32
1909 32
1247 32
2011 32
1349 32
993 32
1502 32
1705 32
941 32
1808 32
2062 32
1146 32
1756 32
1400 32
1044 32
1553 32
789 32
1859 32
1961 32
1197 32
1604 32
1095 32
1299 32
2113 32
2164 32
2215 32
2114 32
2165 32
2216 32
840 32
2115 32
2166 32
2217 32
2266 32
2317 32
2368 32
2267 32
2318 32
2369 32
2268 32
2319 32
2370 32
2419 32
2470 32
2521 32
2572 32
1452 32
2420 32
2471 32
2522 32
2573 32
2421 32
2472 32
2523 32
2574 32
25 32
76 32
127 32
26 32
77 32
128 32
27 32
78 32
129 32
178 32
229 32
280 32
179 32
230 32
281 32
180 32
231 32
282 32
331 32
382 32
433 32
332 32
383 32
434 32
333 32
384 32
435 32
484 32
535 32
586 32
485 32
536 32
587 32
486 32
537 32
588 32
637 32
688 32
1910 32
739 32
638 32
689 32
740 32
639 32
690 32
741 32
2012 32
1248 32
1655 32
891 32
2063 32
1350 32
1503 32
1809 32
1962 32
790 32
2013 32
2064 32
1706 32
942 32
994 32
1401 32
1554 32
1860 32
841 32
1757 32
1147 32
1045 32
1300 32
1606 32
1453 32
1911 32
892 32
1605 32
1810 32
1198 32
1096 32
1351 32
1657 32
1861 32
1504 32
1912 32
1811 32
1862 32
1913 32
1812 32
1863 32
1914 32
1963 32
2014 32
2065 32
1964 32
2015 32
2066 32
1965 32
2016 32
2067 32
2116 32
2167 32
2218 32
2117 32
2168 32
2219 32
2118 32
2169 32
2220 32
2269 32
2320 32
2371 32
2270 32
2321 32
2372 32
2271 32
2322 32
2373 32
2422 32
2473 32
2524 32
2575 32
2423 32
2474 32
2525 32
2576 32
2424 32
2475 32
2526 32
2577 32
28 32
79 32
130 32
29 32
80 32
131 32
30 32
81 32
132 32
181 32
232 32
283 32
182 32
233 32
284 32
183 32
234 32
285 32
334 32
385 32
436 32
335 32
386 32
437 32
336 32
387 32
438 32
487 32
538 32
589 32
488 32
539 32
590 32
489 32
540 32
591 32
640 32
691 32
742 32
641 32
692 32
743 32
642 32
693 32
744 32
793 32
844 32
895 32
943 32
946 32
1249 32
794 32
845 32
896 32
947 32
795 32
846 32
897 32
948 32
1656 32
791 32
1708 32
995 32
1402 32
1555 32
997 32
1148 32
1707 32
842 32
1759 32
1046 32
1301 32
1048 32
1454 32
1758 32
1199 32
893 32
1607 32
1097 32
1352 32
1099 32
998 32
1505 32
1049 32
1150 32
1250 32
944 32
792 32
1100 32
999 32
1050 32
1101 32
843 32
1658 32
996 32
1403 32
1556 32
894 32
1201 32
1149 32
1709 32
1303 32
1047 32
1760 32
1302 32
945 32
1455 32
1252 32
1200 32
1354 32
1098 32
1608 32
1609 32
1660 32
1711 32
1762 32
1610 32
1661 32
1712 32
1763 32
1611 32
1662 32
1713 32
1764 32
1813 32
1864 32
1915 32
1814 32
1865 32
1916 32
1815 32
1866 32
1151 32
1917 32
1966 32
2017 32
2068 32
1967 32
2018 32
2069 32
1968 32
2019 32
2070 32
2119 32
2170 32
2221 32
2120 32
2171 32
2222 32
2121 32
2172 32
2223 32
2272 32
2323 32
2374 32
2273 32
2324 32
2375 32
2274 32
2325 32
2376 32
2425 32
2476 32
2527 32
2578 32
2426 32
2477 32
2528 32
2579 32
2427 32
2478 32
2529 32
2580 32
31 32
82 32
133 32
32 32
83 32
134 32
33 32
84 32
135 32
34 32
85 32
136 32
184 32
235 32
286 32
185 32
236 32
287 32
186 32
237 32
288 32
187 32
238 32
289 32
337 32
388 32
439 32
338 32
389 32
440 32
339 32
390 32
441 32
340 32
391 32
442 32
490 32
541 32
592 32
491 32
542 32
593 32
492 32
543 32
594 32
493 32
544 32
595 32
643 32
694 32
745 32
644 32
695 32
746 32
645 32
696 32
747 32
646 32
697 32
748 32
796 32
847 32
898 32
949 32
797 32
848 32
899 32
950 32
798 32
849 32
900 32
951 32
799 32
850 32
901 32
952 32
1000 32
1051 32
1102 32
1001 32
1052 32
1103 32
1002 32
1053 32
1104 32
1003 32
1054 32
1105 32
1153 32
1204 32
1255 32
1154 32
1205 32
1256 32
1155 32
1206 32
1257 32
1156 32
1207 32
1506 32
1258 32
1306 32
1357 32
1408 32
1307 32
1358 32
1409 32
1308 32
1359 32
1410 32
1309 32
1360 32
1411 32
1459 32
1510 32
1561 32
1460 32
1511 32
1562 32
1461 32
1512 32
1563 32
1462 32
1513 32
1564 32
1456 32
1612 32
1663 32
1714 32
1765 32
1613 32
1664 32
1715 32
1766 32
1614 32
1665 32
1716 32
1767 32
1615 32
1666 32
1717 32
1768 32
1816 32
1867 32
1918 32
1817 32
1868 32
1919 32
1818 32
1869 32
1920 32
1819 32
1870 32
1921 32
1969 32
2020 32
2071 32
1970 32
2021 32
2072 32
1971 32
2022 32
2073 32
1972 32
2023 32
2074 32
2122 32
2173 32
2224 32
2123 32
2174 32
2225 32
2124 32
2175 32
2226 32
2125 32
2176 32
2227 32
2275 32
2326 32
2377 32
2276 32
2327 32
2378 32
2277 32
2328 32
2379 32
2278 32
2329 32
2380 32
2428 32
1353 32
2479 32
2530 32
2581 32
2429 32
2480 32
2531 32
2582 32
2430 32
2481 32
2532 32
2583 32
2431 32
2482 32
2533 32
2584 32
35 32
86 32
137 32
36 32
87 32
138 32
37 32
88 32
139 32
188 32
239 32
290 32
189 32
240 32
291 32
190 32
241 32
292 32
341 32
392 32
443 32
342 32
393 32
444 32
343 32
394 32
445 32
494 32
545 32
596 32
495 32
546 32
597 32
496 32
547 32
598 32
647 32
698 32
749 32
648 32
699 32
750 32
649 32
700 32
751 32
800 32
851 32
902 32
953 32
801 32
852 32
903 32
954 32
802 32
853 32
904 32
955 32
1004 32
1055 32
1106 32
1251 32
1005 32
1157 32
1056 32
1208 32
1107 32
1259 32
1006 32
1158 32
1057 32
1209 32
1108 32
1260 32
1310 32
1159 32
1361 32
1210 32
1412 32
1261 32
1311 32
1463 32
1362 32
1514 32
1413 32
1565 32
1312 32
1464 32
1363 32
1515 32
1414 32
1566 32
1616 32
1465 32
1667 32
1516 32
1567 32
1718 32
1820 32
1769 32
1871 32
1617 32
1922 32
1668 32
1821 32
1719 32
1872 32
1770 32
1923 32
1618 32
1822 32
1669 32
1873 32
1720 32
1924 32
1771 32
1973 32
2126 32
2024 32
2177 32
2075 32
2228 32
1974 32
2127 32
2025 32
2178 32
2076 32
2229 32
1975 32
2128 32
2026 32
2179 32
2077 32
2279 32
2230 32
2330 32
2432 32
2381 32
2483 32
2280 32
2534 32
2331 32
2585 32
2382 32
2433 32
2484 32
2281 32
2535 32
2332 32
2586 32
2383 32
2434 32
38 32
2485 32
89 32
2536 32
140 32
2587 32
39 32
191 32
90 32
242 32
141 32
40 32
293 32
91 32
192 32
142 32
243 32
344 32
294 32
395 32
193 32
446 32
244 32
345 32
295 32
396 32
447 32
346 32
397 32
448 32
497 32
548 32
599 32
498 32
549 32
650 32
701 32
752 32
651 32
702 32
600 32
753 32
652 32
499 32
550 32
703 32
601 32
803 32
854 32
905 32
956 32
804 32
855 32
906 32
957 32
805 32
754 32
1007 32
1058 32
1109 32
1008 32
1059 32
1110 32
1009 32
1060 32
1111 32
1160 32
1211 32
1262 32
1161 32
1212 32
1263 32
1162 32
1213 32
1264 32
1313 32
1364 32
1415 32
1314 32
1659 32
1365 32
1416 32
1315 32
1366 32
1417 32
1466 32
1517 32
1568 32
1467 32
1518 32
1569 32
1468 32
856 32
1519 32
1570 32
1619 32
1670 32
1721 32
1772 32
1620 32
1671 32
1722 32
1773 32
1621 32
1672 32
1723 32
1774 32
1823 32
1874 32
1925 32
1824 32
1875 32
1926 32
1825 32
1876 32
1927 32
1976 32
2027 32
907 32
958 32
2129 32
2078 32
2180 32
2231 32
1977 32
2130 32
2181 32
2232 32
2131 32
2182 32
2028 32
2233 32
2282 32
2079 32
2333 32
2384 32
1978 32
2283 32
2334 32
2385 32
2284 32
2029 32
2335 32
2386 32
2080 32
2435 32
2486 32
41 32
2537 32
2588 32
92 32
2436 32
2487 32
2538 32
143 32
2589 32
42 32
2437 32
93 32
2488 32
144 32
2539 32
2590 32
194 32
43 32
245 32
296 32
195 32
246 32
297 32
94 32
196 32
247 32
298 32
145 32
347 32
398 32
449 32
348 32
500 32
399 32
551 32
450 32
602 32
349 32
400 32
451 32
501 32
653 32
704 32
755 32
552 32
654 32
603 32
705 32
502 32
756 32
655 32
553 32
706 32
604 32
757 32
806 32
1010 32
857 32
1061 32
908 32
1112 32
959 32
1011 32
807 32
1062 32
858 32
1113 32
909 32
1012 32
960 32
1063 32
1202 32
808 32
1114 32
1163 32
859 32
1214 32
910 32
1265 32
961 32
1164 32
1316 32
1215 32
1367 32
1266 32
1418 32
1165 32
1317 32
1216 32
1267 32
1368 32
1469 32
1419 32
1520 32
1318 32
1571 32
1369 32
1470 32
1521 32
1420 32
1572 32
1622 32
1471 32
1673 32
1522 32
1724 32
1573 32
1775 32
1826 32
1623 32
1877 32
1674 32
1928 32
1725 32
1827 32
1776 32
1878 32
1624 32
1929 32
1675 32
1828 32
1726 32
1879 32
1777 32
1930 32
2132 32
1979 32
2183 32
2030 32
2234 32
2081 32
2133 32
1980 32
2184 32
2031 32
2235 32
2082 32
2134 32
2185 32
1981 32
2236 32
2032 32
2285 32
2083 32
2336 32
2387 32
2438 32
2286 32
2489 32
2337 32
2540 32
2388 32
2591 32
2287 32
2439 32
2338 32
2490 32
2389 32
2541 32
44 32
2592 32
95 32
2440 32
146 32
2491 32
45 32
2542 32
96 32
2593 32
147 32
46 32
197 32
97 32
248 32
148 32
299 32
350 32
198 32
401 32
249 32
452 32
300 32
351 32
199 32
402 32
250 32
453 32
301 32
352 32
403 32
503 32
454 32
554 32
656 32
605 32
707 32
504 32
758 32
657 32
555 32
708 32
606 32
759 32
505 32
658 32
556 32
709 32
607 32
760 32
809 32
1013 32
860 32
1064 32
911 32
1115 32
962 32
1014 32
810 32
1065 32
861 32
1116 32
912 32
1015 32
963 32
1066 32
811 32
1117 32
862 32
1166 32
913 32
1217 32
964 32
1268 32
1319 32
1167 32
1370 32
1218 32
1421 32
1269 32
1320 32
1168 32
1371 32
1219 32
1422 32
1270 32
1321 32
1372 32
1472 32
1423 32
1523 32
1625 32
1574 32
1676 32
1473 32
1727 32
1524 32
1778 32
1575 32
1626 32
1474 32
1677 32
1525 32
1728 32
1576 32
1779 32
1829 32
1627 32
1880 32
1678 32
1931 32
1729 32
1830 32
1780 32
1881 32
1982 32
1932 32
2033 32
1831 32
2084 32
1882 32
1405 32
1983 32
1933 32
2034 32
2135 32
2085 32
2186 32
1984 32
2237 32
2035 32
1710 32
2136 32
2086 32
2187 32
1761 32
2288 32
2238 32
2441 32
2339 32
2137 32
2390 32
2492 32
2188 32
2289 32
2239 32
2543 32
2340 32
47 32
2594 32
2391 32
98 32
2442 32
2290 32
149 32
2341 32
48 32
2493 32
2392 32
99 32
2544 32
200 32
150 32
2595 32
251 32
49 32
2443 32
302 32
100 32
201 32
151 32
2494 32
252 32
50 32
303 32
2545 32
101 32
202 32
2596 32
152 32
253 32
353 32
304 32
506 32
404 32
203 32
455 32
557 32
254 32
354 32
608 32
507 32
558 32
609 32
508 32
559 32
610 32
509 32
560 32
305 32
611 32
812 32
863 32
914 32
965 32
813 32
864 32
915 32
966 32
814 32
865 32
916 32
967 32
815 32
866 32
917 32
968 32
1016 32
1067 32
1118 32
1017 32
1068 32
1119 32
1018 32
1069 32
1120 32
1019 32
1070 32
1121 32
1169 32
1220 32
1271 32
1170 32
1221 32
1272 32
1171 32
1222 32
1273 32
1172 32
1223 32
1274 32
1322 32
1373 32
1424 32
1323 32
1374 32
1425 32
1324 32
1375 32
1426 32
1325 32
1376 32
1427 32
1475 32
1526 32
1577 32
1476 32
1527 32
1578 32
1477 32
1528 32
405 32
456 32
355 32
406 32
457 32
356 32
407 32
458 32
1628 32
1679 32
1730 32
1781 32
1629 32
1680 32
659 32
1731 32
1782 32
1579 32
1478 32
1529 32
1580 32
1832 32
1883 32
1934 32
1833 32
1884 32
1935 32
710 32
1834 32
1885 32
1936 32
1835 32
761 32
660 32
1630 32
1681 32
711 32
1732 32
762 32
661 32
1783 32
1631 32
712 32
763 32
662 32
1682 32
1733 32
713 32
764 32
1784 32
1985 32
1886 32
2138 32
2036 32
1937 32
2189 32
2087 32
2240 32
1986 32
2291 32
2139 32
2037 32
2342 32
2190 32
2088 32
2393 32
2241 32
1987 32
2140 32
2038 32
2292 32
2191 32
2089 32
2343 32
2242 32
1988 32
2394 32
2141 32
2039 32
2192 32
2293 32
2090 32
2243 32
2444 32
2344 32
2495 32
2395 32
2546 32
2294 32
2597 32
2345 32
2445 32
2496 32
2396 32
2547 32
2598 32
2446 32
2497 32
2548 32
2599 32
2447 32
2498 32
2549 32
2600 32
1557 32
1507 32
1404 32
1253 32
1152 32
1203 32
1254 32
1304 32
1558 32
1355 32
1457 32
1508 32
1559 32
1458 32
1509 32
1560 32
1406 32
1305 32
1356 32
1407 32
