189 0.00229354 0.00197403 0.00104969 0.000114526 1 0.0254947
21 6.21984e-06 3.11888e-05 2.33646e-06 2.51906e-06 1 0.00377767
0 0.000340996 0.000296334 0.000292383 2.57112e-06 1 0.00392734
42 3.99631e-05 5.48644e-05 3.32505e-05 2.70044e-06 1 0.00391745
147 0.00077925 0.000644047 0.000766351 2.8335e-05 1 0.0109586
63 6.22335e-05 3.30994e-05 1.15084e-05 2.55609e-06 1 0.00394551
105 0.00282708 0.00205675 0.00117493 3.64318e-05 1 0.0152932
210 0.00227157 0.00180625 0.00116634 0.000228045 1 0.0352944
126 0.00144048 0.00105196 0.000729969 2.91881e-05 1 0.0132404
273 0.0163151 0.0142111 0.00928956 0.00189274 1 0.0851627
231 0.000845723 0.000696186 0.000748031 0.000875351 1 0.0680946
294 0.00201804 0.00141884 0.000337059 0.00043432 1 0.0491105
315 0.00694546 0.00491432 0.000788854 0.000702953 1 0.0669725
357 0.00394024 0.00251696 0.00174583 0.00044832 1 0.0479928
378 0.00563715 0.00437181 0.00282056 0.000429796 1 0.0493208
84 0.000256857 0.000125942 4.50327e-05 2.04145e-07 1 0.00492378
168 0.00254852 0.00228744 0.00189277 7.06917e-05 1 0.0234083
399 0.00676058 0.005639 0.0025913 0.0018096 1 0.104543
252 0.000415683 0.000464201 0.000158794 0.000378317 1 0.106155
1 1.94458e-05 1.6799e-05 2.0626e-05 inf 1 0.00382447
336 0.000930108 0.000505969 0.000271646 0.000258797 1 0.0565736
22 2.69711e-05 4.48064e-05 6.62818e-05 2.76042e-06 1 0.00397852
43 4.49538e-05 1.64437e-05 9.63581e-05 inf 1 0.00372743
64 9.09781e-05 5.99036e-05 1.61787e-05 3.48848e-06 1 0.00469774
106 0.000741857 0.000546539 0.000288468 1.02407e-05 1 0.00800545
420 0.00323702 0.00255766 0.00149376 0.000317374 1 0.111477
127 0.00141805 0.00129124 0.00107087 1.63564e-05 1 0.00982724
148 0.00125782 0.00113614 0.00108726 6.75697e-05 1 0.0177974
190 0.000522695 0.000408525 0.000237159 0.000102366 1 0.0216875
211 0.00282041 0.00217274 0.000943974 inf 1 0.0319251
232 0.0021484 0.00151473 0.00135766 0.000360883 1 0.0646401
85 0.000264212 0.000239388 0.000256967 9.85058e-07 1 0.00589343
274 0.00880048 0.00755514 0.00623647 0.000766687 1 0.0506516
295 0.00247786 0.00202238 0.00529482 0.000216503 1 0.0347349
316 0.00165913 0.00147944 0.00540185 0.000460993 1 0.0504675
169 0.000169657 0.000108222 8.76598e-05 4.7205e-05 1 0.0286321
358 0.00205896 0.00165522 0.004328 0.000206536 1 0.0353622
253 0.003402 0.00313583 0.00294775 7.25291e-05 1 0.0842993
379 0.00190945 0.00155623 0.0015216 0.000358339 1 0.0424873
400 0.00336845 0.00264532 0.00117767 0.000863802 1 0.073105
2 2.11457e-06 4.40888e-06 1.62213e-05 2.80488e-06 1 0.00405419
23 9.15118e-06 7.33649e-07 3.01553e-05 3.15711e-06 1 0.00419123
337 0.00234182 0.00192739 0.00366615 4.47053e-05 1 0.0498707
44 0.000191907 0.000156549 9.03956e-05 5.03071e-06 1 0.0053122
65 5.12539e-05 8.20556e-05 0.000143686 5.75458e-06 1 0.00579349
107 0.000671401 0.000606409 0.000380676 3.71127e-06 1 0.00898244
421 0.00306272 0.00276648 0.00127364 9.85105e-05 1 0.0615431
128 0.000275521 0.000243908 0.000153868 inf 1 0.015755
149 0.00114707 0.000895269 0.000683336 6.46881e-05 1 0.018927
233 0.00212556 0.00190269 0.00327578 0.000577358 1 0.0579744
86 0.000135163 0.000105808 5.02397e-05 5.36067e-08 1 0.00642755
275 0.00515404 0.00437434 0.0054743 0.000215294 1 0.0368272
296 0.0775852 0.0734288 0.103951 inf 1 0.073235
317 0.633188 0.55849 1.47407 inf 1 0.388821
170 0.000165707 0.000133365 0.000169635 1.52563e-05 1 0.0240552
254 0.00239493 0.0019252 0.00165135 2.49675e-05 1 0.0651118
359 0.0492263 0.0337162 0.142977 inf 1 0.1152
380 0.00207414 0.00218504 0.00852203 0.00037989 1 0.04838
401 0.000383541 0.000452165 0.00116005 0.000532787 1 0.0561383
338 0.0443911 0.0222906 0.173445 0.0754039 1 0.434297
3 0.000166926 0.00015413 0.000129131 3.6998e-06 1 0.00440513
24 0.000569734 0.000529544 0.000439771 7.4356e-06 1 0.0059022
45 0.000166017 0.000146971 3.77265e-05 0.000247557 1 0.00673358
66 0.000456749 0.000382471 0.00041243 2.40312e-06 1 0.00675527
422 0.00219058 0.00179049 0.00123596 6.73009e-05 1 0.0412587
4 0.000184316 0.000177202 0.000105398 1.58924e-06 1 0.00681855
25 1.2977e-05 9.58703e-06 1.92528e-05 9.00702e-07 1 0.0079087
46 0.00163797 0.00134351 0.000947861 9.5211e-07 1 0.00771577
108 0.00178037 0.0015888 0.00225179 0.000201039 0 0.0151155
87 0.00532416 0.00429773 0.00423684 2.4442e-05 0 0.0161371
129 0.00199969 0.00175946 0.000962325 4.99985e-05 0 0.0167109
191 0.00354592 0.00370187 0.00435628 inf 0 0.0151553
67 0.00748393 0.00587803 0.00401547 8.88607e-05 0 0.0263498
212 0.0020288 0.00189001 0.000490616 0.0002377 0 0.0254011
213 0.00196421 0.00147519 0.00180761 0.000411112 0 0.0250046
150 0.00215201 0.0021243 0.0015863 inf 0 0.0124107
192 3.76469e-05 4.65084e-05 0.000833214 3.50047e-05 0 0.0128265
109 0.00127975 0.00104912 0.00603261 1.15527e-05 0 0.0207384
88 0.00240134 0.00194059 0.00506423 9.9345e-05 0 0.0330535
130 0.00104373 0.000854889 0.00171067 2.87509e-05 0 0.0052673
276 0.0160963 0.0177941 0.0203321 inf 0 0.0795437
234 0.000365831 0.000257324 4.75319e-05 inf 0 0.0207716
297 1.11658 1.1645 1.46338 inf 1 1.64803
298 0.866466 0.967757 1.32421 9.24359 0 4.13645
171 0.00460509 0.003985 0.00345132 3.1608e-05 0 0.0138726
318 0.462691 0.426161 0.499663 20.4319 1 7.1067
339 0.625918 0.671364 0.51348 8.68261 1 5.50842
319 1.3795 1.38375 1.40732 9.07173 1 11.0319
340 1.08498 1.30218 1.04473 12.2277 1 7.48223
360 0.189912 0.17609 0.323339 0.42117 1 0.667408
361 0.724703 0.625077 1.26467 1.17211 1 0.591316
381 0.0154466 0.00556652 0.0874538 0.00111322 1 0.0978667
382 0.00695717 0.00351615 0.0305472 0.000346568 1 0.0999224
402 0.000595309 0.000739273 0.00172431 0.000358118 1 0.0459042
423 0.000170207 9.59523e-05 0.000514444 5.10296e-05 1 0.0313133
403 0.00543813 0.00387217 0.0080515 2.5111e-05 1 0.0443002
424 0.000131628 0.00013637 0.000241138 9.3275e-05 1 0.0278504
5 0.000142982 0.000173491 2.64379e-05 1.27762e-05 1 0.0082195
26 0.000684276 0.000540508 0.00067106 7.86926e-05 1 0.00873403
47 0.00102335 0.000817746 5.09629e-05 inf 1 0.0262853
68 0.0228762 0.0186151 0.00514622 0.000453368 1 0.0768507
255 0.0057541 0.00785197 0.0102796 0.000461057 0 0.0365472
89 0.147569 0.130653 0.035934 0.026269 0 0.193657
277 0.00314919 0.00248502 0.00171296 0.00242388 0 0.00605838
214 0.000505785 0.000405263 2.46501e-05 0.000123307 0 0.00969416
110 0.00607666 0.00482291 0.00414976 6.12478e-05 0 0.0130208
193 9.94038e-05 8.45017e-05 6.65039e-05 1.49377e-05 0 0.00973225
131 0.00390662 0.00309677 0.00155066 24.5097 0 0.0181204
151 2.8179e-05 2.58461e-05 0.000153989 1.35237e-05 0 0.00946545
235 2.35718e-06 7.84732e-06 0.00065139 0.000208157 0 0.00994577
152 0.00108147 0.00085965 0.000838086 0.000684855 0 0.0185958
194 0.00539092 0.00425856 0.00566007 3.55274e-05 0 0.0190332
236 0.00413941 0.0032855 0.0054116 8.73958e-05 0 0.0200784
215 0.0061005 0.00482683 0.00629874 0.0236075 0 0.0142164
299 0.160171 0.158101 0.288773 inf 0 0.273631
278 0.000113713 9.69507e-05 0.00135766 1.34191e-05 0 0.0258505
320 0.796125 0.807181 1.24272 inf 1 2.17035
341 0.331543 0.363428 0.237034 3.6817 1 1.34178
362 0.0133078 0.00946963 0.0321848 0.00152467 1 0.0756711
383 0.00411545 0.00209431 0.0117549 0.116952 1 0.0461079
404 0.0011194 0.000759935 0.00169237 3.79288e-05 1 0.028692
425 0.000551445 0.000448404 0.000466505 2.65499e-06 1 0.0255286
6 0.00287817 0.00233269 0.00195532 inf 1 0.0124818
27 0.00432563 0.00339963 0.00254819 0.000128713 1 0.0221545
48 0.00116543 0.000601532 0.000739498 3.04067e-05 1 0.0385255
69 0.00827305 0.00739846 0.00345183 0.00124811 1 0.0979142
90 1.25483 1.24795 0.454895 2.01648 0 0.405479
172 1.53184e-05 2.96999e-06 0.000517029 1.21557e-07 0 0.00954399
256 9.39816e-05 7.8517e-05 0.000106524 6.71453e-08 0 0.00999509
173 0.0016937 0.00136101 0.000809726 5.66523e-05 0 0.017846
111 0.602682 0.597194 0.195853 0.617547 0 0.0183545
132 0.000894122 0.00070997 0.000998197 0.000123037 0 0.0281356
153 0.000559155 0.000444064 0.000754742 inf 0 0.0336545
257 3.40231e-05 1.26287e-05 0.000413356 0.000117606 0 0.0206486
195 0.000310533 0.000243828 0.000740051 0.000268331 0 0.0411114
216 2.60025e-06 2.98023e-06 0.000103731 0.000292646 0 0.0431168
321 0.00453448 0.0035764 0.0103198 inf 1 0.0242456
300 0.00254439 0.00227489 0.000291597 inf 0 0.0208518
342 0.00277163 0.00216718 0.00392469 2.28154e-05 0 0.0219589
237 0.000314467 0.000242338 0.000345919 inf 0 0.0433608
279 0.000158209 0.000121908 9.43393e-05 0.000146005 0 0.0295791
363 0.00418486 0.00329131 0.0103086 inf 0 0.0365082
7 0.00301153 0.00206946 0.00150513 inf 1 0.0225301
8 0.00012283 9.50955e-05 9.91132e-05 2.0816e-06 1 0.0256004
174 0.000301734 0.000244197 0.000561908 3.32943e-06 0 0.0375884
28 0.000392845 0.000243926 0.000781219 0.000144766 1 0.0307987
405 0.00112615 0.000735568 8.13603e-05 8.19832e-05 0 0.0199068
29 0.00355608 0.00271687 0.00208113 2.41325e-05 1 0.0174938
49 0.000439167 0.000559149 0.00123661 inf 1 0.0318726
50 0.00124903 0.00095093 0.000694165 5.72646e-05 1 0.0119908
70 0.00686564 0.00502632 0.00203308 8.56025e-05 1 0.0337394
91 0.0161032 0.0136941 0.00382561 0.000966513 1 0.0306411
71 0.00422709 0.00303187 0.00142696 0.000469177 1 0.0165979
92 0.000354845 0.000328628 0.000248665 7.96128e-06 1 0.0154496
384 0.00811833 0.006162 0.0137869 inf 0 0.0358075
426 0.000179106 0.000275582 0.000445876 5.97847e-07 0 0.0241478
112 0.000388792 0.000452746 0.000136942 inf 0 0.0234106
133 0.00056299 0.000448851 0.000447989 8.47286e-05 0 0.0298544
154 6.71521e-05 5.35585e-05 0.000308741 0.000125237 0 0.035459
258 0.000670228 0.000519253 0.000938546 2.41169e-06 0 0.0409367
196 0.000227798 0.000185482 0.000302963 0.000284478 0 0.0426301
217 0.00012321 9.19066e-05 5.43445e-05 0.000216462 0 0.044226
280 0.0032764 0.00255455 0.00622974 inf 0 0.0333232
238 0.000336409 0.000261389 0.00100923 inf 0 0.0450413
113 0.000661481 0.000516342 0.000111639 5.82413e-06 0 0.0277153
134 0.000753365 0.000593124 0.000412142 5.109e-06 0 0.0345083
175 0.000179462 0.000152443 0.000238895 3.95529e-06 0 0.0396457
301 0.00423264 0.00337252 0.00653851 inf 0 0.011602
197 0.000187736 0.000149384 0.000515662 1.33409e-06 0 0.0448732
218 0.000399783 0.000309415 0.000953354 1.47089e-06 0 0.0466504
281 0.00166565 0.00129949 0.00317895 1.64548e-05 0 0.0404933
259 0.000127945 0.000102334 0.000467625 1.93862e-06 0 0.0432013
322 0.00655195 0.00541925 0.00281063 0.121644 0 0.00957857
364 0.00561907 0.00440178 0.0168931 0.000379569 0 0.0298109
365 0.000404201 0.000330743 0.0001741 0.000874555 0 0.00783347
385 0.00102708 0.000824884 0.00131342 0.000113841 1 0.0175603
386 0.00320224 0.00296973 0.00342924 7.23741e-05 1 0.0155135
406 0.000791598 0.000426386 0.000887629 0.000374162 1 0.0398198
427 7.99615e-05 3.78583e-05 0.000194415 2.21002e-05 1 0.0256881
407 0.00413686 0.00362647 0.00587396 0.000164157 1 0.025673
428 0.000346925 0.000271302 0.000311146 3.10245e-05 1 0.019983
9 0.00151932 0.00122816 0.00103775 5.64384e-05 1 0.0170525
30 7.13952e-06 9.95854e-05 0.000209747 0.000116015 1 0.00992343
51 0.000167476 3.11406e-05 4.53675e-05 inf 1 0.00692271
72 0.00279948 0.00185645 0.00106638 inf 1 0.0137436
93 0.000504563 0.000361799 0.000342248 7.53869e-06 1 0.018258
302 0.00312325 0.00247815 0.00132114 4.11896e-05 0 0.0121873
343 0.015638 0.0122988 0.0312795 0.000461634 0 0.0380023
155 0.000564013 0.000440931 0.00108155 1.39707e-06 0 0.0391402
114 0.00045716 0.000379814 0.000915438 3.20928e-05 0 0.036091
135 0.000397705 0.000313155 0.00102543 inf 0 0.0406433
156 0.00103544 0.000808138 0.00218818 0.000318911 0 0.0455416
239 0.000226509 0.000180524 0.000106588 3.07714e-06 0 0.0477453
198 0.000456072 0.000353158 0.00116052 inf 0 0.0500997
219 0.000621848 0.000492282 0.0017777 0.000298683 0 0.0518251
323 0.0109712 0.00858574 0.0219592 0.000411906 0 0.020399
240 0.00146287 0.00113314 0.00304749 0.0019686 0 0.0546746
176 5.38193e-05 4.35524e-05 8.63522e-05 2.23937e-06 0 0.0422114
282 0.00325388 0.00251799 0.008895 0.000137036 0 0.0533802
177 0.000655632 0.000518605 0.00160194 4.05342e-06 0 0.0481169
260 0.000735149 0.000574909 0.00169552 1.29609e-06 0 0.0474443
344 0.0350621 0.0271025 0.070745 0.000603617 0 0.0205993
303 0.0096821 0.00755695 0.0226651 0.0006299 0 0.0470839
324 0.000884216 0.000754818 0.00401683 inf 0 0.0612025
366 0.000323579 0.000212379 0.00020712 0.000298654 1 0.00612324
387 0.000664846 0.000603407 0.000516981 inf 1 0.00919816
408 0.00186418 0.00157231 0.00119088 6.43264e-05 1 0.0183126
10 0.00068758 0.000593998 0.000439246 1.49566e-05 1 0.00919793
31 0.000133066 0.000110996 5.18211e-05 0.000206175 1 0.00498224
52 0.000158353 7.85757e-05 0.000115453 inf 1 0.00700961
73 0.000103803 0.000124459 4.32841e-05 inf 1 0.0106622
429 0.00225323 0.0019061 0.00132461 2.11615e-05 1 0.0207599
94 0.000400122 0.000353877 0.000539911 1.33383e-05 1 0.0184908
115 0.00458775 0.00338971 0.0137001 inf 0 0.0252853
136 0.00457976 0.00357212 0.0117609 0.00043115 0 0.0447104
261 3.42764e-05 1.78516e-05 0.000625566 4.90834e-06 0 0.0545694
345 0.000589587 0.000417385 0.00115198 0.000891779 0 0.0280226
157 0.000526112 0.000403918 0.00141303 0.00446031 0 0.0591495
304 0.0167885 0.0129572 0.034652 0.00031809 0 0.0293062
283 0.00019848 0.000103097 0.000672542 0.000480261 0 0.0601086
199 0.00122113 0.000941329 0.00304863 inf 0 0.0590165
325 0.015766 0.0123293 0.00474575 0.000304006 1 0.0271358
346 0.000752387 0.000635525 0.000366861 4.06452e-06 1 0.00800417
220 0.00042145 0.000323098 0.00128238 0.00065155 0 0.0638951
367 0.000338889 0.00032391 0.000236866 inf 1 0.00669489
409 0.00178849 0.00155374 0.00100012 1.63279e-05 1 0.0148996
388 0.000352052 0.000331202 0.000309126 inf 1 0.00723781
11 0.000271217 0.00025135 9.82969e-05 4.19035e-05 1 0.00398266
12 0.000199371 0.000169968 0.000205588 5.399e-07 1 0.00379257
32 0.000634926 0.000513884 0.000395603 inf 1 0.00512034
430 0.00458833 0.00413759 0.00291248 3.30822e-05 1 0.0215426
33 8.47946e-05 0.000102634 9.3793e-05 1.35107e-06 1 0.00613709
53 0.000777154 0.000752175 0.000815243 1.85217e-06 1 0.00729321
54 2.2768e-05 1.22604e-05 1.94926e-05 6.67467e-07 1 0.00790599
116 0.00113279 0.000845475 0.000893803 8.40525e-05 1 0.0221875
74 0.000154598 0.000199811 0.000100128 inf 1 0.012796
117 0.000180544 0.00011361 0.000103237 9.14159e-07 1 0.0172221
95 0.000570064 0.000420745 0.000439174 6.11848e-06 1 0.0171638
137 0.000700178 0.000566011 0.000300521 7.32179e-06 1 0.0201087
138 0.00040531 0.000286915 0.000417344 1.6829e-05 1 0.0133642
75 0.000242199 0.000215909 0.000182856 3.64764e-06 1 0.0128095
241 0.00437617 0.00338605 0.0122331 9.39523e-05 0 0.0679078
96 0.000711961 0.000630293 0.000673955 3.63432e-06 1 0.016333
158 0.000419369 0.000295971 0.00225614 0.000499172 0 0.0295569
284 0.00124325 0.000938853 0.000482321 2.52794e-05 1 0.0113007
285 0.000257139 0.000217765 8.3247e-05 3.05612e-06 1 0.00733898
305 0.00103174 0.000806656 0.000616563 inf 1 0.0143769
306 0.000315907 0.000305302 0.000352436 5.85862e-06 1 0.00950975
326 0.000573919 0.000411391 0.000167239 inf 1 0.0118333
347 0.000728949 0.000543154 0.000252094 4.52399e-06 1 0.0079539
327 0.000700607 0.000577904 0.000367153 2.1721e-06 1 0.00818692
348 0.000111777 7.92034e-05 1.90269e-06 1.26741e-06 1 0.00533362
368 0.000176075 0.000193632 0.000112493 inf 1 0.00540036
369 0.000110375 0.000111593 0.000116867 4.78247e-07 1 0.00513369
389 0.00016115 0.000189876 0.000144046 5.98198e-07 1 0.0058013
390 0.000132932 0.000121726 0.000120458 5.75826e-07 1 0.00611695
410 0.000635056 0.000586794 0.000572949 inf 1 0.00941229
431 0.00262034 0.00238907 0.00236423 8.28464e-05 1 0.0212064
411 0.000600383 0.000551261 0.00044046 0.000148236 1 0.00669785
432 0.000522031 0.000484031 0.000402145 8.80255e-05 1 0.0195698
13 0.000120526 0.000101956 0.000140738 1.65411e-06 1 0.00745678
34 9.31635e-05 4.41996e-05 8.13515e-05 1.08266e-05 1 0.00751697
55 0.000278972 0.000249079 0.000132739 inf 1 0.007008
76 0.000360768 0.000327728 0.00039578 9.29267e-06 1 0.0116194
97 0.000832214 0.000708592 0.000830201 1.3955e-06 1 0.0138668
118 0.000575669 0.000464466 0.000485461 0.000637196 1 0.0153111
139 0.000540271 0.000406759 0.000356422 0.211882 1 0.0133568
160 6.02566e-05 3.69912e-05 9.03783e-05 0.122787 1 0.0100193
200 0.00102122 0.00090133 0.00433183 0.000887847 0 0.0654435
202 0.000726799 0.000622082 0.000752606 0.0002783 1 0.00996805
221 0.0166227 0.0128874 0.0268015 0.00108051 0 0.0660396
181 5.446e-05 2.32812e-05 7.68872e-05 2.26063e-07 1 0.0106477
223 3.55756e-05 1.3689e-05 0.000123981 2.06173e-06 1 0.00666793
242 0.00226867 0.00177983 0.00922842 0.000714635 0 0.0693539
244 5.85285e-05 5.78468e-05 2.61802e-05 0.000125668 1 0.00448156
179 0.001593 0.00116784 0.0056397 0.000473915 0 0.0640491
265 0.000449682 0.000363757 0.000146128 4.4362e-06 1 0.00837621
307 0.000469604 0.000411507 0.00029957 inf 1 0.0133079
328 6.26901e-05 0.000119415 0.000217545 inf 1 0.00952758
349 9.27974e-05 7.71149e-05 3.80096e-05 6.32218e-07 1 0.00693095
370 0.00027295 0.000261869 0.000186648 3.79871e-07 1 0.00548024
391 8.13813e-05 7.1527e-05 2.56533e-05 7.78082e-07 1 0.00462568
412 0.000724874 0.000707695 0.00070013 4.69122e-06 1 0.00774505
433 0.00392869 0.00381956 0.00430217 0.000333967 1 0.0381864
14 6.5987e-05 7.11572e-05 7.03465e-05 inf 1 0.00779819
35 0.000170096 0.000147908 0.000159164 1.48201e-05 1 0.00498112
56 1.21859e-05 3.99523e-05 1.54765e-05 5.10671e-07 1 0.00467209
77 0.000739351 0.000690048 0.000908027 5.18404e-05 1 0.0080687
98 0.000195606 0.000143078 0.000114745 6.87087e-07 1 0.0103876
119 0.000353813 0.000312311 9.94103e-05 1.7753e-05 1 0.0139084
140 0.000133266 0.000126449 0.000120169 0.2432 1 0.0154064
161 0.00016906 0.000134664 1.63876e-05 2.82687e-06 1 0.0099928
182 8.98996e-05 0.000114053 0.0001639 4.82067e-07 1 0.00916488
203 0.00030189 0.000251821 6.44447e-05 8.81419e-06 1 0.00742685
224 0.000133737 0.000102612 9.20175e-05 1.25432e-06 1 0.00776139
245 0.000818751 0.000722852 0.000570091 2.02188e-06 1 0.00629094
266 3.01469e-06 6.80098e-06 3.47802e-06 2.03211e-06 1 0.00454663
287 0.0012746 0.00105085 0.000751512 6.28394e-06 1 0.00479968
308 0.000674139 0.000568219 0.000418463 4.92924e-06 1 0.00673543
329 1.42367e-05 1.09999e-05 2.63955e-05 0.000260882 1 0.00750845
350 0.000105229 8.28332e-05 3.53949e-06 1.36654e-06 1 0.00550915
371 0.000286483 0.000250297 0.000206017 1.83823e-06 1 0.0039823
392 1.84318e-05 4.36003e-05 4.15305e-05 4.42291e-06 1 0.00487425
413 0.000279104 0.000242714 0.000204013 7.08071e-06 1 0.0105539
434 0.00161612 0.00145772 0.00145237 0.000119334 1 0.0306247
15 9.07728e-05 5.19925e-05 0.000112626 4.38768e-07 1 0.00676644
16 0.000259274 0.000200909 0.000167039 1.63577e-07 1 0.00601397
36 8.4471e-07 1.58397e-05 4.67536e-05 1.61908e-07 1 0.004438
37 9.64869e-05 8.75713e-05 9.27411e-05 2.73917e-07 1 0.00511018
57 0.000549224 0.000528469 0.000673375 inf 1 0.00593502
58 0.000813061 0.000740252 0.000802101 3.14434e-06 1 0.00839651
286 0.000623614 0.000542139 0.000422218 8.23343e-07 1 0.0137466
120 0.000389619 0.000246 0.000265689 1.0579e-06 1 0.0150803
121 0.000178298 0.000112688 0.000634469 4.32454e-07 1 0.0172255
141 0.000328191 0.000258427 0.000127353 2.5235e-05 1 0.0152289
142 0.000791373 0.000656149 0.000752067 3.49395e-06 1 0.0128571
162 0.000768847 0.000629934 0.00049778 inf 1 0.00856106
183 0.00067773 0.000613098 0.000504076 3.27037e-06 1 0.00636855
163 5.36432e-05 6.16056e-05 6.11353e-05 9.28798e-07 1 0.00682788
184 0.000239586 0.000232613 0.000239576 6.576e-07 1 0.0044514
204 6.90301e-05 3.09888e-05 4.74737e-05 4.38517e-07 1 0.00448191
178 0.000744302 0.000590898 0.00140743 1.15572e-05 0 0.0585522
205 4.14469e-05 3.10314e-05 5.84589e-05 1.67036e-07 1 0.00304596
225 0.000119261 0.000100809 6.50059e-05 3.18837e-07 1 0.00475946
226 0.000229453 0.000202506 0.000201303 1.21707e-06 1 0.00304149
246 0.00147378 0.00120566 0.000796979 6.56746e-06 1 0.00564628
267 0.00020138 0.00020657 0.000155101 1.25972e-06 1 0.00676331
78 0.0031626 0.00291332 0.00395749 2.46841e-05 1 0.0116348
247 0.000912802 0.000834545 0.000608081 1.52445e-06 1 0.00431651
99 0.000384809 0.000335746 0.000534881 1.20601e-05 1 0.0155505
268 0.000829652 0.000532144 0.000153868 6.38505e-06 1 0.00715476
288 7.53142e-05 8.71997e-05 7.84744e-05 inf 1 0.00515834
79 0.00239727 0.00200324 0.0040499 7.50175e-06 1 0.0148893
289 7.78744e-05 6.48675e-05 4.08818e-05 2.84631e-05 1 0.0115918
309 6.94636e-05 6.62459e-05 3.5746e-05 2.75507e-06 1 0.00513979
310 0.0014781 0.00124141 0.00085624 1.11081e-05 1 0.00821308
330 0.000289116 0.000285776 0.000276715 5.53105e-07 1 0.00487982
351 0.000180225 0.000141606 6.9347e-05 1.18092e-07 1 0.00453073
331 0.000671222 0.000543023 0.000348615 3.55137e-06 1 0.00634983
100 0.000124278 0.000209104 0.00112208 1.259e-05 1 0.0216466
352 0.000547278 0.000525389 0.000295879 1.5718e-06 1 0.00657845
372 0.000283947 0.000313773 0.000215831 3.26593e-06 1 0.00448467
373 2.35722e-05 2.14875e-05 1.46278e-05 1.78887e-06 1 0.0069305
393 0.000654588 0.000524229 0.000520328 3.47707e-06 1 0.00750719
414 0.00104969 0.000915901 0.000873149 inf 1 0.0134127
435 0.00169357 0.00127047 0.0012721 4.48073e-05 1 0.0255474
394 0.000546201 0.000492222 0.00034726 5.93253e-07 1 0.00718504
415 0.00127439 0.00108353 0.000722251 0.000155605 1 0.0109174
17 9.94932e-06 3.0105e-06 1.06178e-05 8.2237e-07 1 0.00522118
436 0.00310973 0.00272322 0.00263355 6.19115e-05 1 0.021804
38 0.000284139 0.000281818 0.000274359 inf 1 0.00603091
80 0.00178558 0.00155484 0.00378385 1.17203e-05 1 0.0216957
59 0.000205052 0.000108792 4.45172e-05 7.79591e-06 1 0.01068
101 0.00157649 0.00127916 0.00368521 1.41792e-05 1 0.0278284
122 0.000526574 0.000380822 0.00231243 8.99501e-06 1 0.018278
143 0.000891113 0.000792251 0.000958135 inf 1 0.0121535
206 0.000164271 0.000162217 0.000138204 inf 1 0.00287696
164 6.56e-05 8.63648e-05 4.63258e-05 inf 1 0.00723902
227 1.50001e-05 1.24627e-05 8.63534e-05 0.0142589 1 0.00287818
248 2.41674e-05 2.73422e-05 4.3975e-05 1.66964e-06 1 0.00309909
269 5.23424e-05 6.70713e-05 1.19719e-05 2.64119e-07 1 0.00334786
201 3.11546e-05 2.90573e-05 0.000110943 0.000649155 0 0.0135337
290 0.00133125 0.00122117 0.00100809 1.9407e-06 1 0.00533207
332 9.50554e-06 2.65427e-07 4.50471e-05 1.29047e-05 1 0.00736177
185 1.41039e-05 1.57533e-05 1.53747e-05 1.53805e-06 1 0.00426971
311 0.00110409 0.000943127 0.00058388 2.82952e-05 1 0.00717418
374 0.000150022 0.000136698 5.51897e-05 inf 1 0.00487328
353 0.000148775 0.000114061 6.31362e-05 9.2475e-07 1 0.00425658
395 3.75882e-05 3.67542e-05 4.45358e-05 1.51543e-06 1 0.00627532
416 0.000428247 0.000381887 0.000322722 3.02284e-05 1 0.00711679
18 0.000446138 0.000358268 0.000261816 8.46123e-06 1 0.00643404
437 0.000945821 0.000859078 0.00115763 1.79058e-05 1 0.013363
60 0.000339907 0.000322792 0.000314193 inf 1 0.0102216
81 0.00369254 0.0036673 0.00461998 0.00023749 1 0.0280072
123 0.00106793 0.000780599 0.00162628 1.505e-05 1 0.0206246
102 0.00381381 0.00315381 0.00750966 0.000112814 1 0.0455207
144 2.81874e-05 0.000181069 0.00025028 inf 1 0.0123338
165 0.000541549 0.000488911 0.000458894 inf 1 0.00749209
207 0.000197725 0.000176611 0.000144258 2.1716e-06 1 0.00253392
186 0.000376781 0.000347201 0.000289279 5.16131e-06 1 0.00265578
228 0.000140503 0.000121866 0.000106773 inf 1 0.0027833
39 0.000249844 0.000223689 0.000243251 inf 1 0.00636051
249 4.95838e-05 5.67969e-05 7.60285e-05 0.000102207 1 0.00302245
291 0.000122786 9.66685e-05 0.000127451 inf 1 0.00315051
270 0.00037357 0.000350449 0.000283858 2.2032e-07 1 0.00277966
312 6.34412e-05 0.000105467 0.000106151 8.76088e-06 1 0.00411347
375 6.22431e-05 7.4008e-05 5.22286e-05 1.0362e-07 1 0.00463569
396 0.000418855 0.000390843 0.000372033 2.75032e-05 1 0.00490979
333 9.83146e-05 9.43639e-05 9.36042e-05 3.03924e-06 1 0.00367576
19 2.00411e-05 1.37761e-05 9.90368e-06 1.39806e-05 1 0.00867603
417 2.29236e-05 3.23118e-05 2.13664e-05 6.75987e-07 1 0.00492638
20 0.000215685 0.00018186 0.000139743 2.23263e-07 1 0.00867337
438 0.000935565 0.000811692 0.000826175 1.4616e-05 1 0.0113309
40 2.16877e-05 3.87337e-05 4.74816e-05 4.46647e-06 1 0.00704796
61 0.000278307 0.000304108 0.000291884 inf 1 0.00864866
41 0.000342861 0.000307586 0.000194223 4.11495e-07 1 0.00742421
354 7.21132e-05 8.08544e-05 7.51591e-05 3.40216e-07 1 0.00424797
62 0.00050277 0.000519188 0.000462431 3.57384e-06 1 0.00802076
82 0.000613583 0.000290733 0.00211652 inf 1 0.0289947
124 0.000195725 0.000192104 0.000111671 0.000100947 1 0.0218086
103 0.00127787 0.00113197 0.00159767 9.40213e-05 1 0.0453156
83 0.00102538 0.000799 0.00137782 0.000180988 1 0.0205346
125 0.000401604 0.000288012 0.000847392 7.99099e-06 1 0.0155949
145 9.86103e-05 0.000101036 0.000211743 4.56126e-06 1 0.0100766
104 0.00141658 0.00158378 0.00122291 4.21181e-05 1 0.0324539
166 0.000440191 0.000378236 0.000328534 3.23423e-06 1 0.00750224
208 7.14206e-05 7.64325e-05 8.27268e-05 0.000529801 1 0.00257143
187 0.00110548 0.000960342 0.000840145 4.07646e-06 1 0.00429623
167 0.000239827 0.000153784 0.000220523 8.08965e-06 1 0.00835122
209 3.8601e-05 0.00010138 0.000205309 2.12301e-06 1 0.00453883
188 0.000611723 0.000522148 0.000370936 1.45368e-06 1 0.00704514
229 0.000109148 9.23087e-05 3.87107e-05 inf 1 0.00309179
250 2.42656e-05 1.57265e-05 1.29489e-05 3.73969e-06 1 0.00236362
146 0.000204525 0.000128102 0.000431679 7.8843e-07 1 0.00766387
230 0.000231708 0.000215408 0.000212122 8.60002e-07 1 0.00297685
271 0.000227439 0.000198965 0.000160571 2.22841e-07 1 0.00279861
292 6.24303e-05 2.9949e-06 9.65712e-06 0.000216563 1 0.00305124
293 0.000151046 0.000160043 8.52861e-05 1.89586e-07 1 0.00383576
251 7.09801e-05 5.17955e-05 5.11827e-05 3.89578e-07 1 0.00266295
313 3.10864e-05 8.14965e-05 3.67428e-05 2.89593e-05 1 0.0032076
272 0.000149905 0.000140632 0.000152129 2.12099e-07 1 0.00323421
314 0.000142765 9.66787e-05 8.01093e-05 2.48759e-07 1 0.00394041
334 6.70294e-05 2.89504e-05 6.65151e-06 inf 1 0.00389724
397 8.51257e-05 7.79124e-05 6.90487e-05 6.06599e-06 1 0.00415126
355 4.27365e-05 2.02483e-05 2.71434e-06 1.72618e-07 1 0.00470338
398 5.36349e-05 5.41226e-05 1.84316e-05 3.1761e-07 1 0.00338084
335 1.82453e-05 1.99468e-05 9.85013e-06 6.16244e-07 1 0.00307218
418 9.00608e-05 0.000106903 7.43656e-05 inf 1 0.00425857
356 0.000156431 0.000180933 0.000223245 5.54666e-08 1 0.00359902
439 0.0013417 0.0010796 0.000916877 9.62475e-06 1 0.0104874
376 2.61196e-05 1.23726e-05 0.000181349 inf 1 0.00369866
419 0.000588294 0.000571637 0.000537631 1.23872e-05 1 0.00434033
440 0.000287319 0.000250311 0.000214103 1.03612e-05 1 0.0103181
377 7.0198e-05 5.3023e-05 1.59941e-05 5.84106e-08 1 0.00374999
262 0.00329857 0.00254721 0.00938912 6.87282e-05 0 0.0718623
159 3.6221e-05 6.76839e-05 7.6198e-05 0.000876058 0 0.0104767
180 0.000447055 0.000361585 0.000518145 2.96013e-06 0 0.0135622
222 0.000209753 0.000158676 0.000346716 0.000835615 0 0.00575407
263 0.0206793 0.0161081 0.0409566 0.000943853 0 0.0278609
243 0.000221543 0.000198609 0.000140545 0.000592681 0 0.00610204
264 0.000599865 0.000416648 0.000229775 1.00368e-06 0 0.00753116
