21 1.90903e-05 5.38188e-06 1.67303e-05 1.89636e-06 1 0.00379987
42 8.89979e-05 5.87339e-05 3.35069e-05 2.00798e-06 1 0.00384844
0 4.77615e-05 3.43141e-05 3.48578e-05 1.95538e-06 1 0.0038046
189 0.000655103 0.0006008 0.000619311 8.59637e-05 1 0.0236929
126 0.00163674 0.00120638 0.000883928 3.04635e-05 1 0.0141569
273 0.00124389 0.00114121 0.00128284 0.00165659 1 0.0945641
210 0.000447206 0.000317741 3.56883e-06 0.000180753 1 0.0337114
63 3.39434e-05 7.63568e-06 2.14002e-05 1.92615e-06 1 0.00394834
147 7.56159e-05 0.000100098 9.96664e-05 2.19953e-05 1 0.0112726
105 0.000737038 0.00061973 0.000498546 3.24503e-05 1 0.0131427
231 0.00681397 0.0058772 0.00386813 0.00075939 1 0.0753314
294 0.00362681 0.00258685 0.000390919 0.000329482 1 0.0464927
315 0.000238642 9.23425e-05 0.000153026 0.000594843 1 0.0637384
357 0.00160142 0.00127844 0.000659997 0.000381731 1 0.0483615
378 0.00243166 0.00210237 0.00059237 0.000345067 1 0.0489338
84 0.00010359 7.626e-05 2.91942e-05 1.16999e-06 1 0.00494862
168 0.000808768 0.000636911 0.000534628 8.28211e-05 1 0.0254913
399 0.00410479 0.00318086 0.0010738 0.00139545 1 0.0970577
252 0.000880241 0.000130504 0.00293252 0.000773559 1 0.107243
336 0.00071504 0.000565551 0.000160014 0.000302382 1 0.0568236
1 2.08169e-05 2.28158e-05 2.38884e-05 inf 1 0.00379393
22 2.31741e-05 2.15298e-06 1.21002e-06 2.07107e-06 1 0.00396883
43 9.90597e-05 8.6966e-05 6.80313e-05 inf 1 0.00365084
64 3.03863e-05 1.22609e-06 9.06526e-06 2.74747e-06 1 0.00462186
106 0.000228352 0.000147086 4.37405e-05 7.5867e-06 1 0.00740617
420 0.00379515 0.00248266 0.000412349 0.000731973 1 0.106063
127 0.000303683 0.0002827 0.000278294 1.25249e-05 1 0.0094219
148 0.00149623 0.00131906 0.00105089 5.32511e-05 1 0.0169301
190 0.000442924 0.000407163 0.000230536 8.08683e-05 1 0.0223918
211 0.00209972 0.00185363 0.00135823 inf 1 0.0312355
232 0.00252776 0.00196422 0.00182142 0.000366109 1 0.0610381
85 2.10092e-05 1.74516e-05 3.97479e-05 1.96713e-06 1 0.00604655
274 0.0039911 0.00321959 0.00260894 0.000655509 1 0.0590429
295 0.00188992 0.001414 0.00506832 0.000167269 1 0.0340839
316 0.00101429 0.000763088 0.00141441 0.000350975 1 0.0523113
169 0.000234012 0.000232743 0.000187386 6.26123e-05 1 0.0283132
358 0.00175703 0.00142018 0.00293541 0.000170863 1 0.0360898
253 0.00350489 0.00278829 0.00030034 0.00035131 1 0.0824954
379 0.00105323 0.000789527 3.11136e-05 0.000281179 1 0.0444953
400 0.000648156 0.00041442 0.00018955 0.000654356 1 0.0707726
2 5.65951e-05 5.70163e-05 4.05062e-05 2.08907e-06 1 0.00399866
23 0.000121764 9.98185e-05 7.75552e-05 2.34752e-06 1 0.00407404
337 0.00204158 0.00159634 1.04681e-06 0.00011609 1 0.0466582
44 0.000174411 0.000175629 0.000234152 3.91619e-06 1 0.00504184
65 0.000107815 0.000108169 0.00010808 4.28045e-06 1 0.0057113
107 2.22689e-05 1.50553e-05 4.86309e-05 4.38777e-06 1 0.00929587
421 0.00339127 0.00300799 0.00181297 0.000282052 1 0.0664657
128 0.000238486 0.000200771 0.000144457 inf 1 0.0156543
149 0.000336058 0.000352046 0.000365012 inf 1 0.0186895
233 0.000752576 0.000699915 0.00143684 0.000438796 1 0.0576642
86 1.33431e-05 2.82684e-05 5.09438e-05 1.77825e-06 1 0.00648179
275 0.00299007 0.00250204 0.00213724 0.000224333 1 0.0423943
296 0.038554 0.0383388 0.0600523 inf 1 0.0734736
317 0.0192124 0.00778282 0.113415 inf 1 0.686202
170 0.000566782 0.000566838 0.000630904 inf 1 0.0234056
254 0.00158917 0.00133676 5.17294e-05 0.000211071 1 0.0655035
359 0.0131934 0.0104258 0.0256563 inf 1 0.10378
380 0.00244963 0.00158085 0.00814183 0.000298505 1 0.0497926
401 0.00156237 0.00126544 0.00132911 inf 1 0.0547677
338 0.230717 0.204158 0.532275 0.4445 1 0.642819
3 0.000162357 0.000143481 0.000146319 2.92818e-06 1 0.00465095
24 0.000140458 0.000109853 8.83699e-05 5.67707e-06 1 0.00604661
45 2.43643e-05 2.14819e-05 3.11527e-06 0.000125987 1 0.00684095
66 4.64916e-06 3.23681e-06 9.41288e-06 1.43737e-05 1 0.00653155
422 0.000709374 0.000183605 0.000909083 inf 1 0.0408728
4 0.000504713 0.000423123 0.000325334 3.54556e-06 1 0.00741542
25 2.73241e-05 5.92186e-05 4.03579e-05 3.35684e-06 1 0.00787489
46 0.00102651 0.000781917 0.00061957 8.2735e-06 1 0.00792328
108 0.00080088 0.00064701 0.000148809 0.000114916 0 0.0152048
129 0.000142452 8.87495e-05 0.000706173 3.96046e-05 0 0.0155686
87 0.00384833 0.00308062 0.00238553 2.6067e-05 0 0.00962667
67 0.00175259 0.00126642 0.00109584 8.95434e-05 0 0.0243604
191 0.00207052 0.00160979 0.0012499 inf 0 0.0189988
150 0.000820876 0.000851577 0.00049271 inf 0 0.0121555
212 0.00104712 0.00087557 8.80053e-05 0.000185959 0 0.0233396
213 0.00538469 0.00450831 0.00265795 0.000275927 0 0.0186378
276 0.00238669 0.00344125 0.00426511 inf 0 0.0738823
109 0.00267155 0.00204181 0.003558 5.95656e-05 0 0.0227701
297 0.519872 0.564292 0.846479 inf 1 2.72619
130 0.00106203 0.000828722 8.7237e-05 2.19923e-05 0 0.00685119
318 0.934086 0.944193 1.29265 18.8495 1 8.27213
339 0.113481 0.0487924 0.44851 8.16394 1 5.93486
319 0.183479 0.120613 0.212803 15.4233 1 11.5381
340 1.10581 1.15916 1.05535 14.4077 1 8.04554
360 0.158331 0.12392 0.395497 0.40628 1 0.604033
361 0.0320264 0.0646607 0.128812 0.861753 1 0.921641
381 0.0101471 0.00534536 0.0421141 0.000806432 1 0.0799963
382 0.00698557 0.00378687 0.0266495 0.00055988 1 0.0894583
402 0.00170506 0.00147811 9.75169e-05 0.000274991 1 0.0439015
423 0.000603043 0.000594681 0.000259744 6.9224e-05 1 0.0318313
403 0.00151362 0.00109804 0.00182306 8.53275e-05 1 0.0400675
424 0.000524087 0.000406906 0.000704875 8.08088e-05 1 0.0284403
5 4.09568e-05 1.02166e-06 2.79415e-05 9.75762e-06 1 0.00825004
234 0.00479582 0.00413355 0.00387886 inf 0 0.0253845
26 0.000216326 0.00016461 0.000257654 4.55424e-05 1 0.00817556
47 0.0041387 0.00319338 0.00103908 inf 1 0.0226583
68 0.00164808 0.000933487 0.000537232 0.000613613 1 0.0670607
88 1.39512e-05 4.44539e-05 0.00465954 8.33393e-05 0 0.0342403
192 0.000863626 0.000666385 0.000791836 4.1924e-05 0 0.013709
298 0.953063 0.98414 1.24247 inf 0 5.52274
171 0.00120363 0.00098268 0.000862889 inf 0 0.0127737
255 0.00470475 0.00531056 0.00580879 inf 0 0.0289654
89 0.0616134 0.0556996 0.0208623 0.0142089 0 0.0582588
277 0.000377501 0.000292643 0.00104186 inf 0 0.00725548
214 0.000168205 0.00013764 0.0001152 6.56153e-05 0 0.00977885
110 0.000933923 0.000685145 0.000628374 6.11996e-05 0 0.0169931
193 3.43323e-05 3.08026e-05 0.000120135 1.1363e-05 0 0.00974762
131 0.00139167 0.00110177 0.00034085 12.2549 0 0.0214654
151 1.70553e-05 1.59433e-05 0.000106756 inf 0 0.0094966
152 0.00296064 0.00232233 0.0021211 0.000389113 0 0.0210158
235 0.000142308 0.000102973 0.000213256 inf 0 0.00980464
299 0.153761 0.16478 0.235369 inf 0 0.347306
320 0.183178 0.219773 0.395101 inf 1 2.75159
341 0.0730418 0.020058 0.287783 3.96013 1 1.10297
362 0.0124575 0.00840128 0.0301977 0.00124922 0 0.0698675
383 0.00426045 0.00228373 0.0132331 0.0585487 1 0.0397897
404 0.000500871 0.000440771 7.92909e-05 9.39003e-05 1 0.0297526
425 0.000104915 0.000110362 8.02539e-05 8.77483e-05 1 0.025148
6 0.00201858 0.00168831 0.0017879 inf 1 0.00902418
27 0.0011149 0.000957938 0.000768256 0.000927588 1 0.0232024
48 0.00319904 0.00216027 6.78059e-05 6.52945e-05 1 0.0423073
69 0.00419706 0.0030558 0.000515435 0.00123664 1 0.0979748
194 0.000647655 0.000514233 0.000924678 4.96977e-05 0 0.0169854
90 0.162275 0.170918 0.0657527 1.4443 0 0.870622
215 0.00303531 0.0024148 0.00248233 0.0118338 0 0.0142313
236 0.00149615 0.00120377 7.45496e-05 9.08918e-05 0 0.0165125
278 0.00103099 0.000820134 0.000814585 3.86763e-05 0 0.0247627
172 0.000133839 0.000111846 0.000227615 inf 0 0.00968548
256 3.10456e-05 3.26317e-05 0.000205054 inf 0 0.00997914
173 8.86749e-05 8.05585e-05 0.000524166 6.91762e-05 0 0.0170878
111 0.299178 0.296916 0.0960447 0.330835 0 0.0205175
257 1.55028e-05 1.20625e-05 0.00105293 0.000135791 0 0.0206471
321 0.00289172 0.00227405 0.00560043 inf 1 0.0190866
132 0.000212587 0.000174854 0.000426998 9.37248e-05 0 0.0279011
153 0.000674956 0.00053758 0.00093038 inf 0 0.0332591
342 0.00323659 0.00277928 0.00581604 5.84844e-05 0 0.0201082
195 0.000523917 0.000407711 0.000966545 0.000200016 0 0.0407428
300 0.000286093 0.000447007 0.000582421 inf 0 0.0198657
7 3.60534e-05 7.38576e-05 5.42179e-05 inf 1 0.0240719
8 0.000515144 0.000340343 8.38265e-05 inf 1 0.0261769
28 0.000127871 2.34414e-05 0.000645543 0.0405328 1 0.0304744
29 1.24034e-05 2.38605e-05 0.000129561 0.0413286 1 0.0192843
49 0.00255464 0.00184967 0.000742868 inf 1 0.0290984
50 0.00196316 0.00143699 0.000791832 4.01121e-05 1 0.0145785
70 0.000886843 0.000776192 0.000871097 0.0405216 1 0.0311934
91 0.00904318 0.00787197 0.00320106 0.0407553 1 0.0477359
71 0.000521024 0.000388486 0.000263309 0.0419594 1 0.0139633
92 0.00021445 0.000159811 8.07419e-05 0.0415875 1 0.0150577
216 2.34097e-05 1.68197e-05 0.000121195 0.000219454 0 0.0430947
405 0.00140321 0.00124247 0.0013618 7.12374e-05 0 0.021873
426 2.487e-05 5.31673e-05 0.000121061 2.68587e-05 0 0.0242623
237 9.68575e-07 2.77162e-06 3.78378e-05 inf 0 0.0432045
279 0.00158863 0.0012421 0.0025899 0.000117912 0 0.0312468
384 0.00638309 0.00512205 0.0149607 inf 0 0.0253653
363 0.00272118 0.00214181 0.00295763 inf 0 0.0371369
174 0.000262979 0.000206763 0.000413997 0.00764458 0 0.0380023
112 0.00109966 0.000933247 0.000145448 inf 0 0.0225053
133 0.000519585 0.000416992 0.000779174 6.66484e-05 0 0.0300925
154 7.98516e-05 6.50305e-05 5.4162e-05 0.000101484 0 0.0354127
258 7.67969e-05 5.69634e-05 0.000112634 2.77262e-06 0 0.0406783
196 7.24122e-05 5.7362e-05 0.000108514 0.000213355 0 0.0424438
217 1.75834e-06 1.76579e-06 0.000152417 0.000185376 0 0.0442894
280 0.000989821 0.000775445 0.001638 inf 0 0.0339716
238 8.42512e-05 6.26817e-05 0.000460006 inf 0 0.0447888
113 0.000597028 0.00046093 0.000138959 0.0140372 0 0.0279816
301 0.000549761 0.000417423 0.00327896 inf 0 0.0131686
134 0.000362657 0.00028492 0.000825174 3.53798e-05 0 0.0344943
175 0.000276264 0.00022332 0.000478964 5.06334e-05 0 0.0392798
322 0.000732904 0.000259547 0.000275155 0.0608313 0 0.0121216
364 0.00173184 0.00136194 0.00464008 0.000426933 0 0.0287332
365 0.000113987 0.000123893 0.000132401 0.000440552 0 0.00792158
385 0.000457473 0.000343384 0.000504948 9.71624e-05 1 0.0176164
386 0.00128559 0.00112482 0.000981426 5.73901e-05 1 0.015829
406 0.000210974 0.000218835 7.8544e-05 inf 1 0.0404266
427 2.53711e-05 0.000249388 0.000453226 inf 1 0.0257534
407 0.00150363 0.00120167 0.00298856 inf 1 0.0262378
428 0.000795387 0.00080015 1.60495e-05 inf 1 0.0206049
9 0.00108786 0.000837138 0.000703114 3.67791e-05 1 0.0173807
30 3.00352e-06 2.49865e-05 6.37579e-05 0.00869644 1 0.00991686
51 5.87422e-05 5.95385e-05 0.000133331 inf 1 0.00694771
281 0.00241303 0.00191259 0.00472983 9.36621e-05 0 0.0389131
72 0.00112963 0.000881323 0.000635761 inf 1 0.0112142
93 0.00140886 0.00115061 0.00106389 1.19861e-05 1 0.0194146
218 3.56399e-05 2.58386e-05 0.000237867 8.72654e-05 0 0.0468859
197 0.000647977 0.000508342 0.00149965 8.21004e-05 0 0.0454273
259 0.000275739 0.000212461 0.000726752 7.57627e-05 0 0.043413
302 0.00157102 0.00126582 0.00153439 0.00359425 0 0.0121779
343 0.00166387 0.00114007 0.00206409 0.000446328 0 0.0441575
155 9.45814e-05 7.39656e-05 0.000321604 4.88829e-05 0 0.0389528
114 0.000585292 0.000468075 0.00191183 inf 0 0.0352771
135 0.000415716 0.000325248 0.000999317 inf 0 0.0408602
156 0.00121921 0.000959512 0.00227606 0.000235768 0 0.0438047
239 0.000126794 9.8478e-05 0.000242349 9.12336e-05 0 0.0477318
198 0.000330847 0.000253994 0.000849549 inf 0 0.0499969
323 0.003161 0.00252408 0.00195599 0.000347751 0 0.0290456
219 8.97087e-05 7.13095e-05 0.000457086 0.00283428 0 0.0522257
240 0.000251401 0.000191849 0.00023789 0.00109833 0 0.0536917
176 0.000152688 0.000122584 0.000189889 5.85023e-05 0 0.042391
366 0.000472926 0.000411165 0.000330739 0.000152298 1 0.00675795
387 0.000164035 0.000113159 1.08043e-05 inf 1 0.0087017
282 0.00163447 0.00125142 0.000701219 0.000113208 0 0.0501187
10 0.000336574 0.000242247 0.000186563 1.14379e-05 1 0.00851756
31 0.000590735 0.000471913 0.000330221 0.000103858 1 0.00563951
408 9.89605e-05 0.000102368 0.000110496 0.0190762 1 0.0174794
52 0.00028864 0.000206479 0.000152758 inf 1 0.00664179
73 4.55054e-05 5.44209e-05 8.50204e-05 inf 1 0.0107596
429 0.00043175 0.000434447 0.000405941 0.0187716 1 0.0223183
94 0.000243258 0.000213048 0.000270606 inf 1 0.0180474
344 0.0262857 0.0203231 0.0538762 0.000717873 0 0.064416
115 0.00117252 0.000908781 0.0017697 inf 0 0.0287517
303 0.00615349 0.00480878 0.0135261 inf 0 0.0457715
324 0.00374167 0.00239212 0.0205352 inf 0 0.0570188
260 0.000484064 0.000372473 0.00106662 8.89682e-05 0 0.0473278
177 5.25899e-05 3.93875e-05 8.69855e-05 9.27532e-05 0 0.0477365
345 0.00951119 0.00729443 0.0196018 inf 0 0.0182166
304 0.0198846 0.0152977 0.0506089 inf 0 0.0407965
325 0.00650897 0.00514396 0.0021403 0.000164544 1 0.0127438
346 0.000363845 0.00035045 0.000252233 2.31086e-06 1 0.00726413
367 3.58964e-05 3.14214e-05 1.9162e-05 inf 1 0.00690023
136 0.000845768 0.000653569 0.00349308 inf 0 0.047846
409 0.000155251 0.000159243 2.19615e-05 0.00837814 1 0.0156386
388 0.000261149 0.000208187 0.000129176 inf 1 0.00732293
11 0.000397222 0.0003171 0.000197709 2.17781e-05 1 0.00451549
12 0.000181334 0.000143729 0.000154476 7.76021e-07 1 0.00407359
32 4.70886e-05 5.97541e-05 0.000103089 inf 1 0.00484997
430 0.000630444 0.000552416 0.000605375 0.00827438 1 0.018618
33 0.00057311 0.000576194 0.000449761 inf 1 0.0066678
53 0.000158235 0.000113625 8.23294e-05 1.55553e-06 1 0.00752355
54 0.000478195 0.000417538 0.00045902 5.83021e-07 1 0.00839557
116 0.000342442 0.00031485 0.000418492 inf 1 0.0219636
74 0.000274922 0.000217795 0.000184193 inf 1 0.0124438
117 0.0004462 0.000340386 0.000374153 inf 1 0.017578
137 0.000333214 0.00025698 0.000229313 inf 1 0.0194254
138 0.000199582 0.000113092 0.000136137 inf 1 0.012962
95 1.07475e-06 1.06869e-05 5.739e-05 1.71278e-05 1 0.0174478
75 0.000449475 0.000384039 0.000317496 9.57674e-06 1 0.0124812
96 0.000246031 0.000202306 0.000285884 1.44521e-05 1 0.0164429
261 8.84719e-05 6.92457e-05 0.000517711 0.00011955 0 0.0544638
283 0.000518829 0.000401609 0.00097087 0.000606787 0 0.059689
158 0.00776166 0.00594366 0.0170864 0.000516852 0 0.0371089
157 0.00125317 0.000965659 0.0046296 inf 0 0.0581593
199 0.000325762 0.000247847 0.000869751 inf 0 0.0593013
284 0.000202477 0.000143217 8.76654e-05 2.06961e-05 1 0.0104766
285 0.000343744 0.000274573 0.000151027 1.243e-05 1 0.00755415
305 0.00054484 0.000375161 0.000125365 inf 1 0.0133162
306 0.000201941 0.000218606 0.000162774 0.00135478 1 0.00955373
326 0.000166807 0.000119234 2.16905e-05 inf 1 0.0119535
347 0.000400513 0.000337392 0.000327532 0.0093388 1 0.00798994
327 0.00038023 0.00032825 0.000175822 0.00937037 1 0.00745639
348 0.000271478 0.000235105 0.000162182 0.00943759 1 0.00566099
368 5.5593e-05 4.30569e-05 2.20337e-05 inf 1 0.00525673
369 0.00021174 0.000191874 6.68752e-05 inf 1 0.00486676
389 8.73399e-05 8.94861e-05 0.000101633 8.7843e-07 1 0.00563338
390 0.00019088 0.000192259 0.000180306 4.52791e-07 1 0.00585961
410 0.000753928 0.000672055 0.000489695 inf 1 0.00984869
431 0.00149233 0.00136491 0.00134541 inf 1 0.0184039
411 0.000166398 0.000196256 0.000209897 inf 1 0.00716444
432 0.00480368 0.0042911 0.00433972 inf 1 0.0241125
13 0.000483543 0.00041512 0.000329353 1.67965e-06 1 0.0070335
34 8.75266e-05 7.57952e-05 2.13855e-05 inf 1 0.00738286
55 0.000106847 0.000116112 0.000153435 inf 1 0.00704064
76 0.000734222 0.000610145 0.000702734 0.0194566 1 0.0110655
97 0.000157086 0.000136683 0.000117327 0.0192903 1 0.0136078
118 0.00021669 0.000160202 0.000155337 0.000329773 1 0.0152399
220 0.000887327 0.000684656 0.00238223 0.000487572 0 0.0632185
139 0.000287717 0.000220217 0.000179278 0.106044 1 0.0127989
160 0.000247588 0.000207651 0.0002226 0.0613983 1 0.00974154
202 8.27387e-05 6.50911e-05 4.55547e-05 inf 1 0.0104142
181 0.000217848 0.00018569 0.000100624 6.1349e-06 1 0.0108928
241 0.000386551 0.000295855 0.000512086 inf 0 0.0661063
223 0.00030913 0.000268701 0.000311632 inf 1 0.00699485
244 0.000179188 0.000166327 8.0829e-05 0.0088778 1 0.00469001
265 0.000432803 0.000347461 0.000203842 0.00866488 1 0.00858418
307 0.000439548 0.000386987 0.000321406 inf 1 0.0126336
328 2.15666e-05 3.44673e-05 6.84522e-08 inf 1 0.00953736
349 0.000264768 0.000179677 7.61198e-05 inf 1 0.00714932
370 0.000140139 9.54447e-05 8.03736e-05 3.51508e-07 1 0.00575686
391 1.35517e-05 8.12672e-06 6.15884e-06 5.17302e-07 1 0.00467992
412 0.00061697 0.000589474 0.000537815 inf 1 0.00872446
433 0.00458632 0.00430665 0.00413197 inf 1 0.0316358
14 5.2053e-05 4.20138e-05 3.44915e-05 inf 1 0.00771314
35 0.00031766 0.000257032 0.000103836 inf 1 0.00474851
56 8.59122e-05 5.16167e-05 2.68088e-05 4.14268e-07 1 0.00459228
77 3.26894e-06 4.1143e-05 4.82448e-05 3.01076e-05 1 0.00843511
98 0.000150423 0.000150249 0.000307313 5.88919e-06 1 0.0104403
119 0.000199268 0.000164401 0.000150209 1.36866e-05 1 0.0142846
140 0.000526381 0.000441787 0.000438597 0.121611 1 0.0149466
161 6.03124e-05 5.88251e-05 5.20581e-05 3.27069e-06 1 0.0101376
182 0.000503991 0.000420087 0.00032531 1.35298e-06 1 0.00962392
203 5.42644e-05 7.91624e-07 8.13147e-05 7.33884e-06 1 0.00733017
224 0.000224257 0.000132891 1.36108e-05 inf 1 0.00805252
245 0.000453787 0.000409362 0.000288628 3.63714e-06 1 0.00633535
266 0.000192824 0.000201195 0.000157235 2.28483e-06 1 0.00474096
287 0.000640119 0.000535503 0.000402836 4.4945e-06 1 0.0060771
308 0.000303818 0.00025905 0.000203964 8.2107e-06 1 0.00737632
329 7.11018e-05 2.47695e-05 2.25604e-05 inf 1 0.00744447
350 5.15338e-05 4.87408e-05 2.99618e-05 inf 1 0.005405
371 1.95988e-05 3.90597e-06 2.37632e-05 inf 1 0.00381946
392 0.000501784 0.000491057 0.000501524 3.74241e-06 1 0.00438169
413 0.0013524 0.00120916 0.00104581 1.65548e-05 1 0.0117667
434 0.000250096 0.000310028 0.000712764 0.000130537 1 0.0300668
15 0.000346569 0.000281213 0.000296914 inf 1 0.00637448
16 0.000310129 0.000262497 0.000238485 inf 1 0.0055742
36 3.45116e-05 7.15984e-05 7.98292e-05 inf 1 0.00447293
37 1.50162e-05 1.60937e-05 1.2686e-05 inf 1 0.00517344
57 0.000186556 0.000168495 0.000124002 inf 1 0.00602308
58 0.00074553 0.000627941 0.00090108 inf 1 0.00805751
286 5.02169e-05 6.81374e-05 1.24876e-05 0.0193282 1 0.0133846
120 1.51154e-05 4.01381e-05 0.000184661 5.34394e-06 1 0.0149006
121 7.26953e-05 9.30848e-05 0.000235012 6.25442e-06 1 0.017209
141 0.000182999 0.00012909 0.000230593 2.49687e-05 1 0.0148818
142 0.00032643 0.000298223 0.000277764 1.07673e-05 1 0.012135
162 3.37865e-05 5.22812e-05 5.90086e-05 inf 1 0.00814285
183 0.000171563 0.000142998 0.000137516 3.8472e-06 1 0.00620125
163 8.92626e-05 7.87182e-05 7.98712e-05 3.17388e-06 1 0.0067118
184 4.10392e-05 1.15437e-05 5.07571e-07 1.56453e-06 1 0.00461223
204 8.88165e-05 6.19567e-05 6.4851e-05 inf 1 0.00435858
205 7.95235e-05 8.58845e-05 9.37539e-05 inf 1 0.00298716
225 0.000270521 0.000238779 0.000168443 6.16206e-07 1 0.00497035
226 0.000237161 0.000208955 0.000211776 7.72166e-07 1 0.00339338
246 0.000304677 0.000247309 0.00010666 0.0196901 1 0.00668785
267 0.000190563 0.000164283 5.82491e-05 0.0197105 1 0.00647205
78 0.000443232 0.000365413 0.000799161 1.89536e-05 1 0.0136593
247 0.00018981 0.000180003 0.000145106 0.0198759 1 0.0036703
99 0.000634003 0.000574369 0.000997523 1.7191e-05 1 0.0163769
268 0.000995019 0.000886488 0.000753346 0.019703 1 0.00657456
288 2.46605e-05 2.08113e-05 2.91867e-05 inf 1 0.00517133
289 0.00134696 0.0011554 0.000796227 2.44858e-05 1 0.0102837
309 6.97346e-05 5.73755e-05 5.94463e-05 0.0197929 1 0.00510478
310 0.000589499 0.000521829 0.000423302 0.0197064 1 0.00688453
79 0.000459006 0.000306617 0.000749033 1.38232e-05 1 0.0165469
330 9.51034e-05 8.47569e-05 7.63198e-05 3.41474e-07 1 0.00483036
351 3.26927e-05 2.42777e-05 9.81311e-06 1.15908e-07 1 0.00465354
331 0.000262519 0.000204645 0.000148848 4.10817e-06 1 0.00627674
352 0.000132471 0.000129988 3.56743e-05 1.48036e-06 1 0.00698456
100 0.000573386 0.000458779 0.00103106 2.09001e-05 1 0.0221578
372 7.6951e-05 4.90635e-05 0.000131578 0.00881642 1 0.00470359
373 0.000137712 0.000155752 0.000147911 0.00872141 1 0.00680457
414 0.000184655 0.000105519 0.000127152 inf 1 0.0127032
393 0.000396246 0.000362491 0.000307869 inf 1 0.00743824
435 0.0020072 0.0019216 0.00193732 inf 1 0.0284014
394 3.33819e-05 1.0001e-05 3.23411e-05 inf 1 0.00742476
415 0.000423453 0.000390252 0.000326387 inf 1 0.0119781
436 0.00185491 0.00166724 0.00147253 inf 1 0.0252137
17 2.5657e-05 2.29189e-05 1.81594e-05 inf 1 0.0052005
38 8.30879e-05 6.84233e-05 7.83992e-05 inf 1 0.00597193
80 0.000416856 0.000353612 6.98678e-06 2.26589e-05 1 0.0212197
101 0.000225605 0.000131274 0.000805326 2.87858e-05 1 0.0268145
122 0.000720028 0.000576431 0.00128445 inf 1 0.0187347
59 0.00051749 0.000466322 0.00047374 inf 1 0.0102651
143 0.000367269 0.00032372 0.000331216 inf 1 0.0120752
206 3.71295e-05 4.00236e-05 1.55084e-05 inf 1 0.0027577
227 1.29873e-06 6.16652e-06 2.86293e-05 inf 1 0.00286938
164 0.000254839 0.000225396 0.000193577 inf 1 0.00701698
248 4.64641e-05 2.5288e-05 5.75674e-06 inf 1 0.00315764
200 0.00766628 0.00593068 0.010481 inf 0 0.0736204
269 0.000270261 0.00024071 0.000230288 inf 1 0.00364429
201 0.000692232 0.000575296 0.000439771 inf 0 0.012857
290 0.000233776 0.000156391 3.06061e-05 inf 1 0.00490022
332 0.000509958 0.00046066 0.000368361 0.0196432 1 0.00786698
311 0.000131331 0.000107407 9.71393e-05 2.58987e-05 1 0.00759489
374 1.83149e-05 4.1571e-05 6.44373e-05 inf 1 0.00481658
185 0.000154737 0.000151355 0.000141888 inf 1 0.00412202
353 9.0098e-05 9.27579e-05 9.85519e-05 0.0198298 1 0.00442106
395 8.09245e-05 3.92012e-05 1.14585e-05 inf 1 0.00637504
416 0.000100334 8.56826e-05 5.9166e-05 inf 1 0.007003
18 8.68891e-05 7.77319e-05 7.29468e-05 6.52821e-06 1 0.006744
437 0.000951711 0.000845268 0.00079414 inf 1 0.0147876
60 0.000453641 0.000438476 0.000427717 inf 1 0.00993793
81 0.00191581 0.00171006 0.00282871 0.000222531 1 0.0317693
123 0.000107335 7.73203e-05 0.000619348 inf 1 0.020198
102 0.00146326 0.00146487 0.00267236 0.000205491 1 0.0421506
144 0.00029448 0.000267992 0.000211813 inf 1 0.0126424
165 0.000462345 0.000440687 0.0003223 inf 1 0.00822521
207 4.53803e-05 6.09397e-05 4.3002e-05 1.46705e-06 1 0.00248043
186 2.27694e-05 2.40959e-05 1.18841e-05 inf 1 0.00286694
228 2.6261e-06 1.00525e-05 2.77669e-05 inf 1 0.00285092
249 0.000178464 0.000163447 9.7147e-05 5.15704e-05 1 0.0032257
291 0.000120279 0.000115112 0.000128176 inf 1 0.0032094
39 1.1812e-05 4.36297e-05 2.93823e-05 inf 1 0.00649725
270 7.87871e-05 6.77672e-05 3.48033e-05 6.22189e-07 1 0.00304523
312 1.72714e-05 1.70129e-05 2.79495e-05 5.94127e-06 1 0.00409902
375 3.91309e-05 7.19819e-05 6.92238e-05 1.36089e-06 1 0.00464369
396 0.000296484 0.000265748 0.000265537 inf 1 0.00499685
19 0.000264375 0.000237281 0.00015664 inf 1 0.00842167
417 0.000275165 0.0002953 0.00030155 2.27615e-06 1 0.00519009
20 0.000269767 0.00022577 0.000184164 inf 1 0.00905098
438 0.000185434 0.000198336 1.72574e-05 1.63665e-05 1 0.0116133
40 0.000113491 7.73049e-05 7.36821e-05 3.19585e-06 1 0.00692362
333 7.91124e-05 8.11359e-05 8.20537e-05 2.33437e-06 1 0.00380403
61 0.000198553 0.000161876 0.00016638 inf 1 0.00898637
41 0.000197226 0.000170213 0.000110297 1.55431e-06 1 0.00739841
62 0.000439178 0.000471982 0.000412477 5.67307e-06 1 0.0073302
82 0.00150852 0.00138273 0.00206954 inf 1 0.0271794
124 0.00321589 0.0026995 0.00428624 0.0199814 1 0.0184948
354 1.32388e-06 4.85219e-06 4.37628e-06 1.19288e-06 1 0.00428535
103 0.0023661 0.00236788 0.00203401 inf 1 0.0470428
83 0.00221545 0.00174997 0.00318643 inf 1 0.0232628
125 0.000961871 0.000728037 0.00204202 0.0201763 1 0.0144322
104 0.00011139 9.81353e-05 0.000470575 inf 1 0.0316342
166 0.000447807 0.000423231 0.000392704 0.00867802 1 0.00817014
145 0.000230912 0.000172557 0.000506659 5.3896e-06 1 0.0103568
187 0.000171765 0.00018924 0.000103039 0.00885626 1 0.00391526
208 1.92814e-05 1.70467e-05 5.1043e-05 0.000553593 1 0.00262643
167 3.73665e-05 4.51691e-06 6.37025e-06 0.00866082 1 0.00843376
209 1.82521e-05 4.85964e-06 6.45956e-05 0.000274655 1 0.00453988
188 0.000444632 0.000385335 0.000304733 0.0087166 1 0.00718391
250 4.00508e-05 2.44882e-05 3.25593e-05 0.00891878 1 0.0023357
229 0.00015784 0.000140195 0.00013915 inf 1 0.00287937
230 5.11203e-06 7.5812e-06 1.66905e-05 1.28744e-06 1 0.00308759
271 0.00014595 0.000141961 8.70727e-05 0.00889511 1 0.00283084
292 3.95351e-05 1.27451e-05 2.59383e-05 0.000108771 1 0.00304292
293 2.43455e-05 2.14607e-05 2.70214e-05 9.12773e-07 1 0.00378458
251 4.9558e-06 3.97349e-06 1.46099e-05 0.00890332 1 0.00263241
313 0.0001219 0.000105139 0.000115035 inf 1 0.00331396
146 0.000263538 0.000194833 0.000253878 4.70515e-06 1 0.00802967
272 4.7137e-05 4.50155e-05 4.46804e-05 0.00888188 1 0.00311212
314 1.55345e-05 1.80397e-06 3.36231e-06 inf 1 0.00388457
334 0.000190255 0.000196355 0.000196208 inf 1 0.00412101
397 7.7738e-05 8.36086e-05 8.57541e-05 3.97633e-06 1 0.00403096
355 0.0003134 0.000266215 0.000252511 4.03087e-07 1 0.00441134
398 1.54616e-05 1.46278e-05 6.82846e-06 8.73795e-07 1 0.00336949
335 6.61919e-05 6.12417e-05 6.95377e-05 1.01068e-06 1 0.0031475
418 0.000328641 0.000313522 0.000316019 inf 1 0.00397496
356 2.72244e-05 3.3587e-05 2.33767e-05 5.6892e-07 1 0.00349358
439 0.000216634 0.00015824 0.000122393 1.95196e-05 1 0.0100332
376 0.000106008 9.45283e-05 0.000181208 inf 1 0.0037916
419 3.67938e-05 3.48764e-05 5.69508e-05 3.20725e-05 1 0.00400939
440 0.000515888 0.000472701 0.000545288 2.01195e-05 1 0.00994586
377 9.58501e-05 0.000113009 7.83347e-05 inf 1 0.00368923
242 0.0107085 0.00829555 0.0227257 0.000936053 0 0.0575111
179 6.88732e-05 3.35388e-05 0.00147051 0.000478636 0 0.0633214
159 0.000174161 0.000114445 3.45893e-06 0.000511132 0 0.0102845
180 9.49576e-05 7.46967e-05 0.000125588 6.35545e-05 0 0.0134336
221 0.00274523 0.00210885 0.0103559 0.000951735 0 0.0770961
222 0.000609718 0.000522155 0.000751471 0.000418329 0 0.00646866
263 0.0109213 0.00845197 0.0256274 0.000916479 0 0.0272793
243 6.15409e-05 5.06775e-05 3.23765e-05 0.000298666 0 0.00627435
264 0.000543141 0.000485634 0.00040522 3.83038e-06 0 0.00777437
178 0.000517346 0.00041933 0.001171 inf 0 0.0576627
262 0.00139741 0.00108341 0.00489987 inf 0 0.0721141
