126 0.00105196
0 0.000296334
63 3.30994e-05
189 0.00197403
21 3.11888e-05
105 0.00205675
42 5.48644e-05
147 0.000644047
210 0.00180625
231 0.000696186
273 0.0142111
294 0.00141884
315 0.00491432
357 0.00251696
378 0.00437181
84 0.000125942
168 0.00228744
399 0.005639
252 0.000464201
1 1.6799e-05
336 0.000505969
22 4.48064e-05
43 1.64437e-05
64 5.99036e-05
106 0.000546539
420 0.00255766
127 0.00129124
190 0.000408525
148 0.00113614
211 0.00217274
232 0.00151473
85 0.000239388
274 0.00755514
295 0.00202238
316 0.00147944
169 0.000108222
358 0.00165522
253 0.00313583
379 0.00155623
400 0.00264532
2 4.40888e-06
23 7.33649e-07
337 0.00192739
44 0.000156549
65 8.20556e-05
107 0.000606409
128 0.000243908
421 0.00276648
149 0.000895269
233 0.00190269
86 0.000105808
275 0.00437434
296 0.0734288
317 0.55849
170 0.000133365
254 0.0019252
359 0.0337162
380 0.00218504
401 0.000452165
338 0.0222906
3 0.00015413
24 0.000529544
45 0.000146971
66 0.000382471
422 0.00179049
4 0.000177202
25 9.58703e-06
46 0.00134351
108 0.0015888
87 0.00429773
129 0.00175946
191 0.00370187
67 0.00587803
212 0.00189001
213 0.00147519
150 0.0021243
192 4.65084e-05
109 0.00104912
88 0.00194059
130 0.000854889
276 0.0177941
234 0.000257324
297 1.1645
298 0.967757
171 0.003985
318 0.426161
339 0.671364
319 1.38375
340 1.30218
360 0.17609
361 0.625077
381 0.00556652
382 0.00351615
402 0.000739273
423 9.59523e-05
403 0.00387217
424 0.00013637
5 0.000173491
26 0.000540508
47 0.000817746
68 0.0186151
255 0.00785197
89 0.130653
277 0.00248502
214 0.000405263
110 0.00482291
193 8.45017e-05
131 0.00309677
151 2.58461e-05
235 7.84732e-06
152 0.00085965
194 0.00425856
236 0.0032855
215 0.00482683
299 0.158101
278 9.69507e-05
320 0.807181
341 0.363428
362 0.00946963
383 0.00209431
404 0.000759935
425 0.000448404
6 0.00233269
27 0.00339963
48 0.000601532
69 0.00739846
90 1.24795
172 2.96999e-06
256 7.8517e-05
173 0.00136101
111 0.597194
132 0.00070997
153 0.000444064
257 1.26287e-05
195 0.000243828
216 2.98023e-06
321 0.0035764
300 0.00227489
342 0.00216718
237 0.000242338
279 0.000121908
363 0.00329131
7 0.00206946
8 9.50955e-05
174 0.000244197
28 0.000243926
405 0.000735568
29 0.00271687
49 0.000559149
50 0.00095093
70 0.00502632
91 0.0136941
71 0.00303187
92 0.000328628
384 0.006162
426 0.000275582
112 0.000452746
133 0.000448851
154 5.35585e-05
258 0.000519253
196 0.000185482
217 9.19066e-05
238 0.000261389
280 0.00255455
113 0.000516342
134 0.000593124
175 0.000152443
301 0.00337252
197 0.000149384
218 0.000309415
281 0.00129949
259 0.000102334
322 0.00541925
364 0.00440178
365 0.000330743
385 0.000824884
386 0.00296973
406 0.000426386
427 3.78583e-05
407 0.00362647
428 0.000271302
9 0.00122816
30 9.95854e-05
51 3.11406e-05
72 0.00185645
93 0.000361799
302 0.00247815
343 0.0122988
155 0.000440931
114 0.000379814
135 0.000313155
156 0.000808138
239 0.000180524
198 0.000353158
219 0.000492282
323 0.00858574
240 0.00113314
176 4.35524e-05
282 0.00251799
177 0.000518605
260 0.000574909
344 0.0271025
303 0.00755695
324 0.000754818
366 0.000212379
387 0.000603407
408 0.00157231
10 0.000593998
31 0.000110996
52 7.85757e-05
73 0.000124459
429 0.0019061
94 0.000353877
115 0.00338971
136 0.00357212
261 1.78516e-05
345 0.000417385
157 0.000403918
304 0.0129572
283 0.000103097
199 0.000941329
325 0.0123293
346 0.000635525
367 0.00032391
220 0.000323098
388 0.000331202
409 0.00155374
430 0.00413759
11 0.00025135
12 0.000169968
32 0.000513884
33 0.000102634
53 0.000752175
54 1.22604e-05
116 0.000845475
74 0.000199811
117 0.00011361
95 0.000420745
137 0.000566011
138 0.000286915
75 0.000215909
241 0.00338605
96 0.000630293
158 0.000295971
284 0.000938853
285 0.000217765
305 0.000806656
306 0.000305302
326 0.000411391
347 0.000543154
327 0.000577904
348 7.92034e-05
368 0.000193632
369 0.000111593
389 0.000189876
390 0.000121726
410 0.000586794
431 0.00238907
411 0.000551261
432 0.000484031
13 0.000101956
34 4.41996e-05
55 0.000249079
76 0.000327728
97 0.000708592
118 0.000464466
139 0.000406759
160 3.69912e-05
200 0.00090133
202 0.000622082
221 0.0128874
181 2.32812e-05
223 1.3689e-05
242 0.00177983
244 5.78468e-05
179 0.00116784
265 0.000363757
307 0.000411507
328 0.000119415
349 7.71149e-05
370 0.000261869
391 7.1527e-05
412 0.000707695
433 0.00381956
14 7.11572e-05
286 0.000542139
35 0.000147908
56 3.99523e-05
77 0.000690048
98 0.000143078
119 0.000312311
140 0.000126449
161 0.000134664
182 0.000114053
203 0.000251821
224 0.000102612
245 0.000722852
266 6.80098e-06
287 0.00105085
308 0.000568219
329 1.09999e-05
350 8.28332e-05
371 0.000250297
392 4.36003e-05
413 0.000242714
434 0.00145772
15 5.19925e-05
16 0.000200909
36 1.58397e-05
37 8.75713e-05
57 0.000528469
58 0.000740252
78 0.00291332
120 0.000246
121 0.000112688
141 0.000258427
142 0.000656149
162 0.000629934
183 0.000613098
163 6.16056e-05
184 0.000232613
204 3.09888e-05
178 0.000590898
205 3.10314e-05
225 0.000100809
226 0.000202506
246 0.00120566
267 0.00020657
247 0.000834545
99 0.000335746
268 0.000532144
288 8.71997e-05
79 0.00200324
289 6.48675e-05
309 6.62459e-05
310 0.00124141
330 0.000285776
351 0.000141606
100 0.000209104
331 0.000543023
352 0.000525389
372 0.000313773
373 2.14875e-05
393 0.000524229
414 0.000915901
394 0.000492222
435 0.00127047
415 0.00108353
17 3.0105e-06
436 0.00272322
38 0.000281818
80 0.00155484
59 0.000108792
101 0.00127916
122 0.000380822
143 0.000792251
164 8.63648e-05
206 0.000162217
227 1.24627e-05
248 2.73422e-05
269 6.70713e-05
201 2.90573e-05
185 1.57533e-05
290 0.00122117
311 0.000943127
332 2.65427e-07
353 0.000114061
374 0.000136698
395 3.67542e-05
416 0.000381887
18 0.000358268
437 0.000859078
60 0.000322792
81 0.0036673
123 0.000780599
102 0.00315381
144 0.000181069
165 0.000488911
207 0.000176611
39 0.000223689
186 0.000347201
228 0.000121866
249 5.67969e-05
291 9.66685e-05
270 0.000350449
333 9.43639e-05
312 0.000105467
375 7.4008e-05
396 0.000390843
417 3.23118e-05
19 1.37761e-05
20 0.00018186
438 0.000811692
40 3.87337e-05
61 0.000304108
41 0.000307586
62 0.000519188
354 8.08544e-05
82 0.000290733
124 0.000192104
103 0.00113197
125 0.000288012
83 0.000799
145 0.000101036
104 0.00158378
166 0.000378236
208 7.64325e-05
187 0.000960342
167 0.000153784
209 0.00010138
188 0.000522148
146 0.000128102
229 9.23087e-05
250 1.57265e-05
230 0.000215408
271 0.000198965
292 2.9949e-06
251 5.17955e-05
293 0.000160043
313 8.14965e-05
272 0.000140632
314 9.66787e-05
334 2.89504e-05
397 7.79124e-05
355 2.02483e-05
398 5.41226e-05
335 1.99468e-05
418 0.000106903
376 1.23726e-05
356 0.000180933
439 0.0010796
419 0.000571637
377 5.3023e-05
440 0.000250311
262 0.00254721
159 6.76839e-05
180 0.000361585
222 0.000158676
263 0.0161081
243 0.000198609
264 0.000416648
