21 1.67303e-05
42 3.35069e-05
0 3.48578e-05
189 0.000619311
126 0.000883928
273 0.00128284
210 3.56883e-06
63 2.14002e-05
147 9.96664e-05
105 0.000498546
231 0.00386813
294 0.000390919
315 0.000153026
357 0.000659997
378 0.00059237
84 2.91942e-05
168 0.000534628
399 0.0010738
252 0.00293252
336 0.000160014
1 2.38884e-05
22 1.21002e-06
43 6.80313e-05
64 9.06526e-06
106 4.37405e-05
420 0.000412349
127 0.000278294
148 0.00105089
190 0.000230536
211 0.00135823
232 0.00182142
85 3.97479e-05
274 0.00260894
295 0.00506832
316 0.00141441
169 0.000187386
358 0.00293541
253 0.00030034
379 3.11136e-05
400 0.00018955
2 4.05062e-05
23 7.75552e-05
337 1.04681e-06
44 0.000234152
65 0.00010808
107 4.86309e-05
421 0.00181297
128 0.000144457
149 0.000365012
233 0.00143684
86 5.09438e-05
275 0.00213724
296 0.0600523
317 0.113415
170 0.000630904
254 5.17294e-05
359 0.0256563
380 0.00814183
401 0.00132911
338 0.532275
3 0.000146319
24 8.83699e-05
45 3.11527e-06
66 9.41288e-06
422 0.000909083
4 0.000325334
25 4.03579e-05
46 0.00061957
108 0.000148809
129 0.000706173
87 0.00238553
67 0.00109584
191 0.0012499
150 0.00049271
212 8.80053e-05
213 0.00265795
276 0.00426511
109 0.003558
297 0.846479
130 8.7237e-05
318 1.29265
339 0.44851
319 0.212803
340 1.05535
360 0.395497
361 0.128812
381 0.0421141
382 0.0266495
402 9.75169e-05
423 0.000259744
403 0.00182306
424 0.000704875
5 2.79415e-05
234 0.00387886
26 0.000257654
47 0.00103908
68 0.000537232
88 0.00465954
192 0.000791836
298 1.24247
171 0.000862889
255 0.00580879
89 0.0208623
277 0.00104186
214 0.0001152
110 0.000628374
193 0.000120135
131 0.00034085
151 0.000106756
152 0.0021211
235 0.000213256
299 0.235369
320 0.395101
341 0.287783
362 0.0301977
383 0.0132331
404 7.92909e-05
425 8.02539e-05
6 0.0017879
27 0.000768256
48 6.78059e-05
69 0.000515435
194 0.000924678
90 0.0657527
215 0.00248233
236 7.45496e-05
278 0.000814585
172 0.000227615
256 0.000205054
173 0.000524166
111 0.0960447
257 0.00105293
321 0.00560043
132 0.000426998
153 0.00093038
342 0.00581604
195 0.000966545
300 0.000582421
7 5.42179e-05
8 8.38265e-05
28 0.000645543
29 0.000129561
49 0.000742868
50 0.000791832
70 0.000871097
91 0.00320106
71 0.000263309
92 8.07419e-05
216 0.000121195
405 0.0013618
426 0.000121061
237 3.78378e-05
279 0.0025899
384 0.0149607
363 0.00295763
174 0.000413997
112 0.000145448
133 0.000779174
154 5.4162e-05
258 0.000112634
196 0.000108514
217 0.000152417
280 0.001638
238 0.000460006
113 0.000138959
301 0.00327896
134 0.000825174
175 0.000478964
322 0.000275155
364 0.00464008
365 0.000132401
385 0.000504948
386 0.000981426
406 7.8544e-05
427 0.000453226
407 0.00298856
428 1.60495e-05
9 0.000703114
30 6.37579e-05
51 0.000133331
281 0.00472983
72 0.000635761
93 0.00106389
218 0.000237867
197 0.00149965
259 0.000726752
302 0.00153439
343 0.00206409
155 0.000321604
114 0.00191183
135 0.000999317
156 0.00227606
239 0.000242349
198 0.000849549
323 0.00195599
219 0.000457086
176 0.000189889
240 0.00023789
366 0.000330739
387 1.08043e-05
282 0.000701219
10 0.000186563
31 0.000330221
408 0.000110496
52 0.000152758
73 8.50204e-05
429 0.000405941
94 0.000270606
344 0.0538762
115 0.0017697
303 0.0135261
324 0.0205352
260 0.00106662
177 8.69855e-05
345 0.0196018
304 0.0506089
325 0.0021403
346 0.000252233
367 1.9162e-05
136 0.00349308
409 2.19615e-05
388 0.000129176
11 0.000197709
12 0.000154476
32 0.000103089
430 0.000605375
33 0.000449761
53 8.23294e-05
54 0.00045902
116 0.000418492
74 0.000184193
117 0.000374153
137 0.000229313
138 0.000136137
95 5.739e-05
75 0.000317496
96 0.000285884
261 0.000517711
283 0.00097087
158 0.0170864
157 0.0046296
199 0.000869751
284 8.76654e-05
285 0.000151027
305 0.000125365
306 0.000162774
326 2.16905e-05
347 0.000327532
327 0.000175822
348 0.000162182
368 2.20337e-05
369 6.68752e-05
389 0.000101633
390 0.000180306
410 0.000489695
431 0.00134541
411 0.000209897
432 0.00433972
13 0.000329353
34 2.13855e-05
55 0.000153435
76 0.000702734
97 0.000117327
118 0.000155337
220 0.00238223
139 0.000179278
160 0.0002226
202 4.55547e-05
181 0.000100624
241 0.000512086
223 0.000311632
244 8.0829e-05
265 0.000203842
307 0.000321406
328 6.84522e-08
349 7.61198e-05
370 8.03736e-05
391 6.15884e-06
412 0.000537815
433 0.00413197
14 3.44915e-05
35 0.000103836
56 2.68088e-05
77 4.82448e-05
98 0.000307313
119 0.000150209
140 0.000438597
161 5.20581e-05
182 0.00032531
203 8.13147e-05
224 1.36108e-05
245 0.000288628
266 0.000157235
287 0.000402836
308 0.000203964
329 2.25604e-05
350 2.99618e-05
371 2.37632e-05
392 0.000501524
413 0.00104581
434 0.000712764
15 0.000296914
16 0.000238485
36 7.98292e-05
37 1.2686e-05
57 0.000124002
58 0.00090108
286 1.24876e-05
120 0.000184661
121 0.000235012
141 0.000230593
142 0.000277764
162 5.90086e-05
183 0.000137516
163 7.98712e-05
184 5.07571e-07
204 6.4851e-05
205 9.37539e-05
225 0.000168443
226 0.000211776
246 0.00010666
267 5.82491e-05
78 0.000799161
247 0.000145106
99 0.000997523
268 0.000753346
288 2.91867e-05
289 0.000796227
309 5.94463e-05
310 0.000423302
79 0.000749033
330 7.63198e-05
351 9.81311e-06
331 0.000148848
352 3.56743e-05
372 0.000131578
100 0.00103106
373 0.000147911
414 0.000127152
393 0.000307869
435 0.00193732
394 3.23411e-05
415 0.000326387
436 0.00147253
17 1.81594e-05
38 7.83992e-05
80 6.98678e-06
101 0.000805326
122 0.00128445
59 0.00047374
143 0.000331216
206 1.55084e-05
164 0.000193577
227 2.86293e-05
248 5.75674e-06
200 0.010481
269 0.000230288
201 0.000439771
290 3.06061e-05
332 0.000368361
311 9.71393e-05
374 6.44373e-05
185 0.000141888
353 9.85519e-05
395 1.14585e-05
416 5.9166e-05
18 7.29468e-05
437 0.00079414
60 0.000427717
81 0.00282871
123 0.000619348
102 0.00267236
144 0.000211813
165 0.0003223
207 4.3002e-05
186 1.18841e-05
228 2.77669e-05
249 9.7147e-05
291 0.000128176
39 2.93823e-05
270 3.48033e-05
312 2.79495e-05
375 6.92238e-05
396 0.000265537
19 0.00015664
417 0.00030155
333 8.20537e-05
20 0.000184164
438 1.72574e-05
40 7.36821e-05
61 0.00016638
41 0.000110297
62 0.000412477
354 4.37628e-06
82 0.00206954
124 0.00428624
103 0.00203401
83 0.00318643
125 0.00204202
104 0.000470575
145 0.000506659
166 0.000392704
208 5.1043e-05
187 0.000103039
167 6.37025e-06
209 6.45956e-05
188 0.000304733
229 0.00013915
250 3.25593e-05
146 0.000253878
230 1.66905e-05
271 8.70727e-05
292 2.59383e-05
293 2.70214e-05
251 1.46099e-05
313 0.000115035
272 4.46804e-05
314 3.36231e-06
334 0.000196208
397 8.57541e-05
355 0.000252511
398 6.82846e-06
335 6.95377e-05
418 0.000316019
356 2.33767e-05
439 0.000122393
376 0.000181208
419 5.69508e-05
440 0.000545288
377 7.83347e-05
242 0.0227257
179 0.00147051
159 3.45893e-06
180 0.000125588
221 0.0103559
222 0.000751471
263 0.0256274
243 3.23765e-05
264 0.00040522
178 0.001171
262 0.00489987
