21 1.90903e-05
42 8.89979e-05
147 7.56159e-05
0 4.77615e-05
105 0.000737038
210 0.000447206
189 0.000655103
126 0.00163674
273 0.00124389
63 3.39434e-05
231 0.00681397
294 0.00362681
315 0.000238642
357 0.00160142
378 0.00243166
84 0.00010359
168 0.000808768
399 0.00410479
252 0.000880241
336 0.00071504
1 2.08169e-05
22 2.31741e-05
43 9.90597e-05
64 3.03863e-05
106 0.000228352
420 0.00379515
127 0.000303683
148 0.00149623
190 0.000442924
211 0.00209972
232 0.00252776
85 2.10092e-05
274 0.0039911
295 0.00188992
316 0.00101429
169 0.000234012
358 0.00175703
253 0.00350489
379 0.00105323
400 0.000648156
2 5.65951e-05
23 0.000121764
337 0.00204158
44 0.000174411
65 0.000107815
107 2.22689e-05
421 0.00339127
128 0.000238486
149 0.000336058
233 0.000752576
86 1.33431e-05
275 0.00299007
296 0.038554
317 0.0192124
170 0.000566782
254 0.00158917
359 0.0131934
380 0.00244963
401 0.00156237
338 0.230717
3 0.000162357
24 0.000140458
45 2.43643e-05
66 4.64916e-06
422 0.000709374
4 0.000504713
25 2.73241e-05
46 0.00102651
108 0.00080088
129 0.000142452
87 0.00384833
67 0.00175259
191 0.00207052
150 0.000820876
212 0.00104712
213 0.00538469
276 0.00238669
109 0.00267155
297 0.519872
130 0.00106203
318 0.934086
339 0.113481
319 0.183479
340 1.10581
360 0.158331
361 0.0320264
381 0.0101471
382 0.00698557
402 0.00170506
423 0.000603043
403 0.00151362
424 0.000524087
5 4.09568e-05
234 0.00479582
26 0.000216326
47 0.0041387
68 0.00164808
88 1.39512e-05
192 0.000863626
298 0.953063
171 0.00120363
255 0.00470475
89 0.0616134
277 0.000377501
214 0.000168205
110 0.000933923
193 3.43323e-05
131 0.00139167
151 1.70553e-05
152 0.00296064
235 0.000142308
299 0.153761
320 0.183178
341 0.0730418
362 0.0124575
383 0.00426045
404 0.000500871
425 0.000104915
6 0.00201858
27 0.0011149
48 0.00319904
69 0.00419706
194 0.000647655
90 0.162275
215 0.00303531
236 0.00149615
278 0.00103099
172 0.000133839
256 3.10456e-05
173 8.86749e-05
111 0.299178
257 1.55028e-05
321 0.00289172
132 0.000212587
153 0.000674956
342 0.00323659
195 0.000523917
300 0.000286093
7 3.60534e-05
8 0.000515144
28 0.000127871
29 1.24034e-05
49 0.00255464
50 0.00196316
70 0.000886843
91 0.00904318
71 0.000521024
92 0.00021445
216 2.34097e-05
405 0.00140321
426 2.487e-05
237 9.68575e-07
279 0.00158863
384 0.00638309
363 0.00272118
174 0.000262979
112 0.00109966
133 0.000519585
154 7.98516e-05
258 7.67969e-05
196 7.24122e-05
217 1.75834e-06
280 0.000989821
238 8.42512e-05
113 0.000597028
301 0.000549761
134 0.000362657
175 0.000276264
322 0.000732904
364 0.00173184
365 0.000113987
385 0.000457473
386 0.00128559
406 0.000210974
427 2.53711e-05
407 0.00150363
428 0.000795387
9 0.00108786
30 3.00352e-06
51 5.87422e-05
281 0.00241303
72 0.00112963
218 3.56399e-05
93 0.00140886
197 0.000647977
259 0.000275739
302 0.00157102
343 0.00166387
155 9.45814e-05
114 0.000585292
135 0.000415716
156 0.00121921
239 0.000126794
198 0.000330847
323 0.003161
219 8.97087e-05
176 0.000152688
240 0.000251401
366 0.000472926
387 0.000164035
282 0.00163447
10 0.000336574
31 0.000590735
408 9.89605e-05
52 0.00028864
73 4.55054e-05
429 0.00043175
94 0.000243258
344 0.0262857
115 0.00117252
303 0.00615349
324 0.00374167
260 0.000484064
177 5.25899e-05
345 0.00951119
304 0.0198846
325 0.00650897
346 0.000363845
367 3.58964e-05
136 0.000845768
409 0.000155251
388 0.000261149
11 0.000397222
12 0.000181334
32 4.70886e-05
430 0.000630444
33 0.00057311
53 0.000158235
54 0.000478195
116 0.000342442
74 0.000274922
117 0.0004462
137 0.000333214
138 0.000199582
95 1.07475e-06
75 0.000449475
96 0.000246031
261 8.84719e-05
283 0.000518829
158 0.00776166
157 0.00125317
199 0.000325762
284 0.000202477
285 0.000343744
305 0.00054484
306 0.000201941
326 0.000166807
347 0.000400513
327 0.00038023
348 0.000271478
368 5.5593e-05
369 0.00021174
389 8.73399e-05
390 0.00019088
410 0.000753928
431 0.00149233
411 0.000166398
432 0.00480368
13 0.000483543
34 8.75266e-05
55 0.000106847
76 0.000734222
97 0.000157086
118 0.00021669
220 0.000887327
139 0.000287717
160 0.000247588
202 8.27387e-05
241 0.000386551
181 0.000217848
223 0.00030913
244 0.000179188
265 0.000432803
307 0.000439548
328 2.15666e-05
349 0.000264768
370 0.000140139
391 1.35517e-05
412 0.00061697
433 0.00458632
14 5.2053e-05
35 0.00031766
56 8.59122e-05
77 3.26894e-06
98 0.000150423
119 0.000199268
140 0.000526381
161 6.03124e-05
182 0.000503991
203 5.42644e-05
224 0.000224257
245 0.000453787
266 0.000192824
287 0.000640119
308 0.000303818
329 7.11018e-05
350 5.15338e-05
371 1.95988e-05
392 0.000501784
413 0.0013524
434 0.000250096
15 0.000346569
16 0.000310129
36 3.45116e-05
37 1.50162e-05
57 0.000186556
58 0.00074553
286 5.02169e-05
120 1.51154e-05
121 7.26953e-05
141 0.000182999
142 0.00032643
162 3.37865e-05
183 0.000171563
163 8.92626e-05
184 4.10392e-05
204 8.88165e-05
205 7.95235e-05
225 0.000270521
226 0.000237161
246 0.000304677
267 0.000190563
78 0.000443232
247 0.00018981
99 0.000634003
268 0.000995019
288 2.46605e-05
289 0.00134696
309 6.97346e-05
79 0.000459006
310 0.000589499
330 9.51034e-05
351 3.26927e-05
331 0.000262519
100 0.000573386
352 0.000132471
372 7.6951e-05
373 0.000137712
393 0.000396246
414 0.000184655
435 0.0020072
394 3.33819e-05
415 0.000423453
17 2.5657e-05
436 0.00185491
38 8.30879e-05
80 0.000416856
101 0.000225605
122 0.000720028
59 0.00051749
143 0.000367269
206 3.71295e-05
164 0.000254839
227 1.29873e-06
248 4.64641e-05
200 0.00766628
269 0.000270261
201 0.000692232
290 0.000233776
332 0.000509958
311 0.000131331
185 0.000154737
374 1.83149e-05
353 9.0098e-05
395 8.09245e-05
416 0.000100334
18 8.68891e-05
437 0.000951711
60 0.000453641
81 0.00191581
123 0.000107335
102 0.00146326
144 0.00029448
165 0.000462345
207 4.53803e-05
186 2.27694e-05
228 2.6261e-06
249 0.000178464
291 0.000120279
39 1.1812e-05
270 7.87871e-05
312 1.72714e-05
375 3.91309e-05
396 0.000296484
333 7.91124e-05
19 0.000264375
417 0.000275165
20 0.000269767
438 0.000185434
40 0.000113491
61 0.000198553
41 0.000197226
62 0.000439178
354 1.32388e-06
82 0.00150852
124 0.00321589
103 0.0023661
83 0.00221545
125 0.000961871
145 0.000230912
104 0.00011139
166 0.000447807
208 1.92814e-05
187 0.000171765
167 3.73665e-05
209 1.82521e-05
188 0.000444632
229 0.00015784
250 4.00508e-05
146 0.000263538
230 5.11203e-06
271 0.00014595
292 3.95351e-05
293 2.43455e-05
251 4.9558e-06
313 0.0001219
272 4.7137e-05
314 1.55345e-05
334 0.000190255
397 7.7738e-05
355 0.0003134
398 1.54616e-05
335 6.61919e-05
418 0.000328641
356 2.72244e-05
439 0.000216634
376 0.000106008
419 3.67938e-05
440 0.000515888
377 9.58501e-05
242 0.0107085
179 6.88732e-05
159 0.000174161
180 9.49576e-05
221 0.00274523
222 0.000609718
263 0.0109213
243 6.15409e-05
264 0.000543141
178 0.000517346
262 0.00139741
