63 6.22335e-05
0 0.000340996
21 6.21984e-06
105 0.00282708
126 0.00144048
189 0.00229354
42 3.99631e-05
147 0.00077925
210 0.00227157
231 0.000845723
273 0.0163151
294 0.00201804
315 0.00694546
357 0.00394024
378 0.00563715
84 0.000256857
168 0.00254852
399 0.00676058
252 0.000415683
1 1.94458e-05
336 0.000930108
22 2.69711e-05
43 4.49538e-05
64 9.09781e-05
106 0.000741857
420 0.00323702
127 0.00141805
190 0.000522695
148 0.00125782
211 0.00282041
232 0.0021484
85 0.000264212
274 0.00880048
295 0.00247786
316 0.00165913
169 0.000169657
358 0.00205896
253 0.003402
379 0.00190945
400 0.00336845
2 2.11457e-06
23 9.15118e-06
337 0.00234182
44 0.000191907
65 5.12539e-05
107 0.000671401
128 0.000275521
421 0.00306272
149 0.00114707
233 0.00212556
86 0.000135163
275 0.00515404
296 0.0775852
317 0.633188
170 0.000165707
254 0.00239493
359 0.0492263
380 0.00207414
401 0.000383541
338 0.0443911
3 0.000166926
24 0.000569734
45 0.000166017
66 0.000456749
422 0.00219058
4 0.000184316
25 1.2977e-05
46 0.00163797
108 0.00178037
87 0.00532416
129 0.00199969
191 0.00354592
67 0.00748393
212 0.0020288
213 0.00196421
150 0.00215201
192 3.76469e-05
109 0.00127975
88 0.00240134
130 0.00104373
276 0.0160963
234 0.000365831
297 1.11658
298 0.866466
171 0.00460509
318 0.462691
339 0.625918
319 1.3795
340 1.08498
360 0.189912
361 0.724703
381 0.0154466
382 0.00695717
402 0.000595309
423 0.000170207
403 0.00543813
424 0.000131628
5 0.000142982
26 0.000684276
47 0.00102335
68 0.0228762
255 0.0057541
89 0.147569
277 0.00314919
214 0.000505785
110 0.00607666
193 9.94038e-05
131 0.00390662
151 2.8179e-05
235 2.35718e-06
152 0.00108147
194 0.00539092
236 0.00413941
215 0.0061005
299 0.160171
278 0.000113713
320 0.796125
341 0.331543
362 0.0133078
383 0.00411545
404 0.0011194
425 0.000551445
6 0.00287817
27 0.00432563
48 0.00116543
69 0.00827305
90 1.25483
172 1.53184e-05
256 9.39816e-05
173 0.0016937
111 0.602682
132 0.000894122
153 0.000559155
257 3.40231e-05
195 0.000310533
216 2.60025e-06
321 0.00453448
300 0.00254439
342 0.00277163
237 0.000314467
279 0.000158209
363 0.00418486
7 0.00301153
8 0.00012283
174 0.000301734
28 0.000392845
405 0.00112615
29 0.00355608
49 0.000439167
50 0.00124903
70 0.00686564
91 0.0161032
71 0.00422709
92 0.000354845
384 0.00811833
426 0.000179106
112 0.000388792
133 0.00056299
154 6.71521e-05
258 0.000670228
196 0.000227798
217 0.00012321
238 0.000336409
280 0.0032764
113 0.000661481
134 0.000753365
175 0.000179462
301 0.00423264
197 0.000187736
218 0.000399783
281 0.00166565
259 0.000127945
322 0.00655195
364 0.00561907
365 0.000404201
385 0.00102708
386 0.00320224
406 0.000791598
427 7.99615e-05
407 0.00413686
428 0.000346925
9 0.00151932
30 7.13952e-06
51 0.000167476
72 0.00279948
93 0.000504563
302 0.00312325
343 0.015638
155 0.000564013
114 0.00045716
135 0.000397705
156 0.00103544
239 0.000226509
198 0.000456072
219 0.000621848
323 0.0109712
240 0.00146287
176 5.38193e-05
282 0.00325388
177 0.000655632
260 0.000735149
344 0.0350621
303 0.0096821
324 0.000884216
366 0.000323579
387 0.000664846
408 0.00186418
10 0.00068758
31 0.000133066
52 0.000158353
73 0.000103803
429 0.00225323
94 0.000400122
115 0.00458775
136 0.00457976
261 3.42764e-05
345 0.000589587
157 0.000526112
304 0.0167885
283 0.00019848
199 0.00122113
325 0.015766
346 0.000752387
367 0.000338889
220 0.00042145
388 0.000352052
409 0.00178849
430 0.00458833
11 0.000271217
12 0.000199371
32 0.000634926
33 8.47946e-05
53 0.000777154
74 0.000154598
54 2.2768e-05
116 0.00113279
117 0.000180544
95 0.000570064
137 0.000700178
138 0.00040531
75 0.000242199
241 0.00437617
96 0.000711961
158 0.000419369
284 0.00124325
285 0.000257139
305 0.00103174
306 0.000315907
326 0.000573919
347 0.000728949
327 0.000700607
348 0.000111777
368 0.000176075
369 0.000110375
389 0.00016115
390 0.000132932
410 0.000635056
431 0.00262034
411 0.000600383
432 0.000522031
13 0.000120526
34 9.31635e-05
55 0.000278972
76 0.000360768
97 0.000832214
118 0.000575669
139 0.000540271
160 6.02566e-05
200 0.00102122
202 0.000726799
221 0.0166227
181 5.446e-05
223 3.55756e-05
242 0.00226867
244 5.85285e-05
179 0.001593
286 0.000623614
265 0.000449682
307 0.000469604
328 6.26901e-05
349 9.27974e-05
370 0.00027295
391 8.13813e-05
412 0.000724874
433 0.00392869
14 6.5987e-05
35 0.000170096
56 1.21859e-05
77 0.000739351
98 0.000195606
119 0.000353813
140 0.000133266
161 0.00016906
182 8.98996e-05
203 0.00030189
224 0.000133737
245 0.000818751
266 3.01469e-06
287 0.0012746
308 0.000674139
329 1.42367e-05
350 0.000105229
371 0.000286483
392 1.84318e-05
413 0.000279104
434 0.00161612
15 9.07728e-05
16 0.000259274
36 8.4471e-07
37 9.64869e-05
57 0.000549224
58 0.000813061
78 0.0031626
120 0.000389619
121 0.000178298
141 0.000328191
142 0.000791373
162 0.000768847
183 0.00067773
163 5.36432e-05
184 0.000239586
204 6.90301e-05
178 0.000744302
205 4.14469e-05
225 0.000119261
226 0.000229453
246 0.00147378
267 0.00020138
247 0.000912802
99 0.000384809
268 0.000829652
288 7.53142e-05
79 0.00239727
289 7.78744e-05
309 6.94636e-05
310 0.0014781
330 0.000289116
351 0.000180225
100 0.000124278
331 0.000671222
352 0.000547278
372 0.000283947
373 2.35722e-05
393 0.000654588
414 0.00104969
394 0.000546201
435 0.00169357
415 0.00127439
17 9.94932e-06
436 0.00310973
38 0.000284139
80 0.00178558
59 0.000205052
101 0.00157649
122 0.000526574
143 0.000891113
164 6.56e-05
206 0.000164271
227 1.50001e-05
248 2.41674e-05
269 5.23424e-05
201 3.11546e-05
185 1.41039e-05
290 0.00133125
311 0.00110409
332 9.50554e-06
353 0.000148775
374 0.000150022
395 3.75882e-05
416 0.000428247
18 0.000446138
437 0.000945821
60 0.000339907
81 0.00369254
123 0.00106793
102 0.00381381
144 2.81874e-05
165 0.000541549
207 0.000197725
39 0.000249844
186 0.000376781
228 0.000140503
249 4.95838e-05
291 0.000122786
270 0.00037357
333 9.83146e-05
312 6.34412e-05
375 6.22431e-05
396 0.000418855
417 2.29236e-05
19 2.00411e-05
20 0.000215685
438 0.000935565
40 2.16877e-05
61 0.000278307
41 0.000342861
62 0.00050277
354 7.21132e-05
82 0.000613583
124 0.000195725
103 0.00127787
125 0.000401604
83 0.00102538
145 9.86103e-05
104 0.00141658
166 0.000440191
208 7.14206e-05
187 0.00110548
167 0.000239827
209 3.8601e-05
146 0.000204525
188 0.000611723
229 0.000109148
250 2.42656e-05
230 0.000231708
271 0.000227439
292 6.24303e-05
251 7.09801e-05
293 0.000151046
313 3.10864e-05
272 0.000149905
314 0.000142765
334 6.70294e-05
397 8.51257e-05
355 4.27365e-05
398 5.36349e-05
335 1.82453e-05
418 9.00608e-05
376 2.61196e-05
356 0.000156431
439 0.0013417
419 0.000588294
377 7.0198e-05
440 0.000287319
262 0.00329857
159 3.6221e-05
180 0.000447055
222 0.000209753
263 0.0206793
243 0.000221543
264 0.000599865
