63 1.15084e-05
189 0.00104969
105 0.00117493
21 2.33646e-06
0 0.000292383
126 0.000729969
42 3.32505e-05
147 0.000766351
210 0.00116634
273 0.00928956
231 0.000748031
294 0.000337059
315 0.000788854
357 0.00174583
378 0.00282056
84 4.50327e-05
168 0.00189277
399 0.0025913
252 0.000158794
1 2.0626e-05
336 0.000271646
22 6.62818e-05
43 9.63581e-05
64 1.61787e-05
106 0.000288468
420 0.00149376
127 0.00107087
148 0.00108726
190 0.000237159
211 0.000943974
232 0.00135766
85 0.000256967
274 0.00623647
295 0.00529482
316 0.00540185
169 8.76598e-05
358 0.004328
253 0.00294775
379 0.0015216
400 0.00117767
2 1.62213e-05
23 3.01553e-05
337 0.00366615
44 9.03956e-05
65 0.000143686
107 0.000380676
128 0.000153868
421 0.00127364
149 0.000683336
233 0.00327578
86 5.02397e-05
275 0.0054743
296 0.103951
317 1.47407
170 0.000169635
254 0.00165135
359 0.142977
380 0.00852203
401 0.00116005
338 0.173445
3 0.000129131
24 0.000439771
45 3.77265e-05
66 0.00041243
422 0.00123596
4 0.000105398
25 1.92528e-05
46 0.000947861
108 0.00225179
87 0.00423684
129 0.000962325
191 0.00435628
67 0.00401547
212 0.000490616
213 0.00180761
150 0.0015863
192 0.000833214
109 0.00603261
88 0.00506423
130 0.00171067
276 0.0203321
234 4.75319e-05
297 1.46338
298 1.32421
171 0.00345132
318 0.499663
339 0.51348
319 1.40732
340 1.04473
360 0.323339
361 1.26467
381 0.0874538
382 0.0305472
402 0.00172431
423 0.000514444
403 0.0080515
424 0.000241138
5 2.64379e-05
26 0.00067106
47 5.09629e-05
68 0.00514622
255 0.0102796
89 0.035934
277 0.00171296
214 2.46501e-05
110 0.00414976
193 6.65039e-05
131 0.00155066
151 0.000153989
235 0.00065139
152 0.000838086
194 0.00566007
236 0.0054116
215 0.00629874
299 0.288773
278 0.00135766
320 1.24272
341 0.237034
362 0.0321848
383 0.0117549
404 0.00169237
425 0.000466505
6 0.00195532
27 0.00254819
48 0.000739498
69 0.00345183
90 0.454895
172 0.000517029
256 0.000106524
173 0.000809726
111 0.195853
132 0.000998197
153 0.000754742
257 0.000413356
195 0.000740051
216 0.000103731
321 0.0103198
300 0.000291597
342 0.00392469
237 0.000345919
279 9.43393e-05
363 0.0103086
7 0.00150513
8 9.91132e-05
174 0.000561908
28 0.000781219
405 8.13603e-05
29 0.00208113
49 0.00123661
50 0.000694165
70 0.00203308
91 0.00382561
71 0.00142696
92 0.000248665
384 0.0137869
426 0.000445876
112 0.000136942
133 0.000447989
154 0.000308741
258 0.000938546
196 0.000302963
217 5.43445e-05
238 0.00100923
280 0.00622974
113 0.000111639
134 0.000412142
175 0.000238895
301 0.00653851
197 0.000515662
218 0.000953354
281 0.00317895
259 0.000467625
322 0.00281063
364 0.0168931
365 0.0001741
385 0.00131342
386 0.00342924
406 0.000887629
427 0.000194415
407 0.00587396
428 0.000311146
9 0.00103775
30 0.000209747
51 4.53675e-05
72 0.00106638
93 0.000342248
302 0.00132114
343 0.0312795
155 0.00108155
114 0.000915438
135 0.00102543
156 0.00218818
239 0.000106588
198 0.00116052
219 0.0017777
323 0.0219592
240 0.00304749
176 8.63522e-05
282 0.008895
177 0.00160194
260 0.00169552
344 0.070745
303 0.0226651
324 0.00401683
366 0.00020712
387 0.000516981
408 0.00119088
10 0.000439246
31 5.18211e-05
52 0.000115453
73 4.32841e-05
429 0.00132461
94 0.000539911
115 0.0137001
136 0.0117609
261 0.000625566
345 0.00115198
157 0.00141303
304 0.034652
283 0.000672542
199 0.00304863
325 0.00474575
346 0.000366861
220 0.00128238
367 0.000236866
388 0.000309126
409 0.00100012
430 0.00291248
11 9.82969e-05
12 0.000205588
32 0.000395603
33 9.3793e-05
53 0.000815243
54 1.94926e-05
116 0.000893803
74 0.000100128
117 0.000103237
95 0.000439174
137 0.000300521
138 0.000417344
75 0.000182856
241 0.0122331
96 0.000673955
158 0.00225614
284 0.000482321
285 8.3247e-05
305 0.000616563
306 0.000352436
326 0.000167239
347 0.000252094
327 0.000367153
348 1.90269e-06
368 0.000112493
369 0.000116867
389 0.000144046
390 0.000120458
410 0.000572949
431 0.00236423
411 0.00044046
432 0.000402145
13 0.000140738
34 8.13515e-05
55 0.000132739
76 0.00039578
97 0.000830201
118 0.000485461
139 0.000356422
160 9.03783e-05
200 0.00433183
202 0.000752606
221 0.0268015
181 7.68872e-05
223 0.000123981
242 0.00922842
244 2.61802e-05
179 0.0056397
265 0.000146128
307 0.00029957
328 0.000217545
349 3.80096e-05
370 0.000186648
391 2.56533e-05
412 0.00070013
433 0.00430217
14 7.03465e-05
35 0.000159164
56 1.54765e-05
77 0.000908027
98 0.000114745
119 9.94103e-05
140 0.000120169
161 1.63876e-05
182 0.0001639
203 6.44447e-05
224 9.20175e-05
245 0.000570091
266 3.47802e-06
287 0.000751512
308 0.000418463
329 2.63955e-05
350 3.53949e-06
371 0.000206017
392 4.15305e-05
413 0.000204013
434 0.00145237
15 0.000112626
16 0.000167039
36 4.67536e-05
37 9.27411e-05
57 0.000673375
58 0.000802101
286 0.000422218
78 0.00395749
120 0.000265689
121 0.000634469
141 0.000127353
142 0.000752067
162 0.00049778
183 0.000504076
163 6.11353e-05
184 0.000239576
204 4.74737e-05
178 0.00140743
205 5.84589e-05
225 6.50059e-05
226 0.000201303
246 0.000796979
267 0.000155101
247 0.000608081
99 0.000534881
268 0.000153868
288 7.84744e-05
79 0.0040499
289 4.08818e-05
309 3.5746e-05
310 0.00085624
330 0.000276715
351 6.9347e-05
100 0.00112208
331 0.000348615
352 0.000295879
372 0.000215831
373 1.46278e-05
393 0.000520328
414 0.000873149
394 0.00034726
435 0.0012721
415 0.000722251
17 1.06178e-05
436 0.00263355
38 0.000274359
80 0.00378385
59 4.45172e-05
101 0.00368521
122 0.00231243
143 0.000958135
206 0.000138204
164 4.63258e-05
227 8.63534e-05
248 4.3975e-05
269 1.19719e-05
201 0.000110943
290 0.00100809
185 1.53747e-05
332 4.50471e-05
311 0.00058388
353 6.31362e-05
374 5.51897e-05
395 4.45358e-05
416 0.000322722
18 0.000261816
437 0.00115763
60 0.000314193
81 0.00461998
123 0.00162628
102 0.00750966
144 0.00025028
165 0.000458894
207 0.000144258
39 0.000243251
186 0.000289279
228 0.000106773
249 7.60285e-05
291 0.000127451
270 0.000283858
312 0.000106151
333 9.36042e-05
375 5.22286e-05
396 0.000372033
417 2.13664e-05
19 9.90368e-06
20 0.000139743
438 0.000826175
40 4.74816e-05
61 0.000291884
41 0.000194223
62 0.000462431
354 7.51591e-05
82 0.00211652
124 0.000111671
103 0.00159767
125 0.000847392
83 0.00137782
145 0.000211743
104 0.00122291
166 0.000328534
208 8.27268e-05
187 0.000840145
167 0.000220523
209 0.000205309
188 0.000370936
146 0.000431679
229 3.87107e-05
250 1.29489e-05
230 0.000212122
271 0.000160571
292 9.65712e-06
251 5.11827e-05
293 8.52861e-05
313 3.67428e-05
272 0.000152129
314 8.01093e-05
334 6.65151e-06
397 6.90487e-05
355 2.71434e-06
398 1.84316e-05
335 9.85013e-06
418 7.43656e-05
356 0.000223245
376 0.000181349
439 0.000916877
419 0.000537631
440 0.000214103
377 1.59941e-05
262 0.00938912
159 7.6198e-05
180 0.000518145
222 0.000346716
263 0.0409566
243 0.000140545
264 0.000229775
