21 5.38188e-06
42 5.87339e-05
147 0.000100098
0 3.43141e-05
189 0.0006008
126 0.00120638
273 0.00114121
210 0.000317741
63 7.63568e-06
105 0.00061973
231 0.0058772
294 0.00258685
315 9.23425e-05
357 0.00127844
378 0.00210237
84 7.626e-05
168 0.000636911
399 0.00318086
252 0.000130504
336 0.000565551
1 2.28158e-05
22 2.15298e-06
43 8.6966e-05
64 1.22609e-06
106 0.000147086
420 0.00248266
127 0.0002827
148 0.00131906
190 0.000407163
211 0.00185363
232 0.00196422
85 1.74516e-05
274 0.00321959
295 0.001414
316 0.000763088
169 0.000232743
358 0.00142018
253 0.00278829
379 0.000789527
400 0.00041442
2 5.70163e-05
23 9.98185e-05
337 0.00159634
44 0.000175629
65 0.000108169
107 1.50553e-05
421 0.00300799
128 0.000200771
149 0.000352046
233 0.000699915
86 2.82684e-05
275 0.00250204
296 0.0383388
317 0.00778282
170 0.000566838
254 0.00133676
359 0.0104258
380 0.00158085
401 0.00126544
338 0.204158
3 0.000143481
24 0.000109853
45 2.14819e-05
66 3.23681e-06
422 0.000183605
4 0.000423123
25 5.92186e-05
46 0.000781917
108 0.00064701
129 8.87495e-05
87 0.00308062
67 0.00126642
191 0.00160979
150 0.000851577
212 0.00087557
213 0.00450831
276 0.00344125
109 0.00204181
297 0.564292
130 0.000828722
318 0.944193
339 0.0487924
319 0.120613
340 1.15916
360 0.12392
361 0.0646607
381 0.00534536
382 0.00378687
402 0.00147811
423 0.000594681
403 0.00109804
424 0.000406906
5 1.02166e-06
234 0.00413355
26 0.00016461
47 0.00319338
68 0.000933487
88 4.44539e-05
192 0.000666385
298 0.98414
171 0.00098268
255 0.00531056
89 0.0556996
277 0.000292643
214 0.00013764
110 0.000685145
193 3.08026e-05
131 0.00110177
151 1.59433e-05
152 0.00232233
235 0.000102973
299 0.16478
320 0.219773
341 0.020058
362 0.00840128
383 0.00228373
404 0.000440771
425 0.000110362
6 0.00168831
27 0.000957938
48 0.00216027
69 0.0030558
194 0.000514233
90 0.170918
215 0.0024148
236 0.00120377
278 0.000820134
172 0.000111846
256 3.26317e-05
173 8.05585e-05
111 0.296916
257 1.20625e-05
321 0.00227405
132 0.000174854
153 0.00053758
342 0.00277928
195 0.000407711
300 0.000447007
7 7.38576e-05
8 0.000340343
28 2.34414e-05
29 2.38605e-05
49 0.00184967
50 0.00143699
70 0.000776192
91 0.00787197
71 0.000388486
92 0.000159811
216 1.68197e-05
405 0.00124247
426 5.31673e-05
237 2.77162e-06
279 0.0012421
384 0.00512205
363 0.00214181
174 0.000206763
112 0.000933247
133 0.000416992
154 6.50305e-05
258 5.69634e-05
196 5.7362e-05
217 1.76579e-06
280 0.000775445
238 6.26817e-05
113 0.00046093
301 0.000417423
134 0.00028492
175 0.00022332
322 0.000259547
364 0.00136194
365 0.000123893
385 0.000343384
386 0.00112482
406 0.000218835
427 0.000249388
407 0.00120167
428 0.00080015
9 0.000837138
30 2.49865e-05
51 5.95385e-05
281 0.00191259
72 0.000881323
93 0.00115061
218 2.58386e-05
197 0.000508342
259 0.000212461
302 0.00126582
343 0.00114007
155 7.39656e-05
114 0.000468075
135 0.000325248
156 0.000959512
239 9.8478e-05
198 0.000253994
323 0.00252408
219 7.13095e-05
176 0.000122584
240 0.000191849
366 0.000411165
387 0.000113159
282 0.00125142
10 0.000242247
31 0.000471913
408 0.000102368
52 0.000206479
73 5.44209e-05
429 0.000434447
94 0.000213048
344 0.0203231
115 0.000908781
303 0.00480878
324 0.00239212
260 0.000372473
177 3.93875e-05
345 0.00729443
304 0.0152977
325 0.00514396
346 0.00035045
367 3.14214e-05
136 0.000653569
409 0.000159243
388 0.000208187
11 0.0003171
12 0.000143729
32 5.97541e-05
430 0.000552416
33 0.000576194
53 0.000113625
54 0.000417538
116 0.00031485
74 0.000217795
117 0.000340386
137 0.00025698
138 0.000113092
95 1.06869e-05
75 0.000384039
96 0.000202306
261 6.92457e-05
283 0.000401609
158 0.00594366
157 0.000965659
199 0.000247847
284 0.000143217
285 0.000274573
305 0.000375161
306 0.000218606
326 0.000119234
347 0.000337392
327 0.00032825
348 0.000235105
368 4.30569e-05
369 0.000191874
389 8.94861e-05
390 0.000192259
410 0.000672055
431 0.00136491
411 0.000196256
432 0.0042911
13 0.00041512
34 7.57952e-05
55 0.000116112
76 0.000610145
97 0.000136683
118 0.000160202
220 0.000684656
139 0.000220217
160 0.000207651
202 6.50911e-05
241 0.000295855
181 0.00018569
223 0.000268701
244 0.000166327
265 0.000347461
307 0.000386987
328 3.44673e-05
349 0.000179677
370 9.54447e-05
391 8.12672e-06
412 0.000589474
433 0.00430665
14 4.20138e-05
35 0.000257032
56 5.16167e-05
77 4.1143e-05
98 0.000150249
119 0.000164401
140 0.000441787
161 5.88251e-05
182 0.000420087
203 7.91624e-07
224 0.000132891
245 0.000409362
266 0.000201195
287 0.000535503
308 0.00025905
329 2.47695e-05
350 4.87408e-05
371 3.90597e-06
392 0.000491057
413 0.00120916
434 0.000310028
15 0.000281213
16 0.000262497
36 7.15984e-05
37 1.60937e-05
57 0.000168495
58 0.000627941
286 6.81374e-05
120 4.01381e-05
121 9.30848e-05
141 0.00012909
142 0.000298223
162 5.22812e-05
183 0.000142998
163 7.87182e-05
184 1.15437e-05
204 6.19567e-05
205 8.58845e-05
225 0.000238779
226 0.000208955
246 0.000247309
267 0.000164283
78 0.000365413
247 0.000180003
99 0.000574369
268 0.000886488
288 2.08113e-05
289 0.0011554
309 5.73755e-05
79 0.000306617
310 0.000521829
330 8.47569e-05
351 2.42777e-05
331 0.000204645
352 0.000129988
100 0.000458779
372 4.90635e-05
373 0.000155752
393 0.000362491
414 0.000105519
435 0.0019216
394 1.0001e-05
415 0.000390252
17 2.29189e-05
436 0.00166724
38 6.84233e-05
80 0.000353612
101 0.000131274
122 0.000576431
59 0.000466322
143 0.00032372
206 4.00236e-05
164 0.000225396
227 6.16652e-06
248 2.5288e-05
200 0.00593068
269 0.00024071
201 0.000575296
290 0.000156391
332 0.00046066
311 0.000107407
374 4.1571e-05
185 0.000151355
353 9.27579e-05
395 3.92012e-05
416 8.56826e-05
18 7.77319e-05
437 0.000845268
60 0.000438476
81 0.00171006
123 7.73203e-05
102 0.00146487
144 0.000267992
165 0.000440687
207 6.09397e-05
186 2.40959e-05
228 1.00525e-05
249 0.000163447
291 0.000115112
39 4.36297e-05
270 6.77672e-05
312 1.70129e-05
375 7.19819e-05
396 0.000265748
19 0.000237281
333 8.11359e-05
417 0.0002953
20 0.00022577
438 0.000198336
40 7.73049e-05
61 0.000161876
41 0.000170213
62 0.000471982
354 4.85219e-06
82 0.00138273
124 0.0026995
103 0.00236788
83 0.00174997
125 0.000728037
145 0.000172557
104 9.81353e-05
166 0.000423231
208 1.70467e-05
187 0.00018924
167 4.51691e-06
209 4.85964e-06
188 0.000385335
229 0.000140195
250 2.44882e-05
146 0.000194833
230 7.5812e-06
271 0.000141961
292 1.27451e-05
293 2.14607e-05
251 3.97349e-06
313 0.000105139
272 4.50155e-05
314 1.80397e-06
334 0.000196355
397 8.36086e-05
355 0.000266215
398 1.46278e-05
335 6.12417e-05
418 0.000313522
356 3.3587e-05
439 0.00015824
376 9.45283e-05
419 3.48764e-05
440 0.000472701
377 0.000113009
242 0.00829555
179 3.35388e-05
159 0.000114445
180 7.46967e-05
221 0.00210885
222 0.000522155
263 0.00845197
243 5.06775e-05
264 0.000485634
178 0.00041933
262 0.00108341
