21 0.00379033 0.00317377 0.00303156
42 0.00389294 0.00324875 0.00300761
0 0.00378072 0.00315587 0.0030434
189 0.0240204 0.0204998 0.0162885
126 0.0133385 0.0107329 0.00839129
273 0.0939422 0.0767996 0.0573537
210 0.033935 0.0283589 0.0192944
63 0.00393137 0.00318901 0.00266723
147 0.0113104 0.00972436 0.00872165
105 0.0135112 0.0103382 0.00717527
231 0.0719244 0.0597108 0.0392411
294 0.0483061 0.0369528 0.0210626
315 0.0636191 0.0484703 0.0246954
357 0.0491623 0.0382369 0.0197391
378 0.047718 0.0391127 0.0201847
84 0.00500041 0.0038904 0.00283079
168 0.025087 0.0216594 0.0187573
399 0.0991101 0.0809099 0.0453959
252 0.106803 0.0896895 0.0651807
336 0.0564661 0.0431043 0.0237196
1 0.00380434 0.00314028 0.00282754
22 0.00398042 0.00331485 0.00299851
43 0.00370037 0.00303998 0.00264179
64 0.00463706 0.00367461 0.0027844
106 0.00752035 0.00603406 0.0046055
420 0.107961 0.0890871 0.0523269
127 0.00927006 0.00778263 0.00655826
148 0.0176782 0.0152566 0.0131212
190 0.0221703 0.0190677 0.0158821
211 0.0322854 0.0269901 0.0193968
232 0.062302 0.0516016 0.0371257
85 0.00603604 0.00468534 0.00323749
274 0.0570474 0.0466097 0.0411597
295 0.0350289 0.0274663 0.0250076
316 0.0518042 0.0409271 0.037975
169 0.0284302 0.024623 0.0214082
358 0.0352113 0.0290536 0.0267613
253 0.0842478 0.0699525 0.0554689
379 0.0439686 0.0356649 0.0242537
400 0.0710967 0.0581711 0.03651
2 0.00402695 0.00330962 0.00304899
23 0.00413492 0.0034413 0.00322682
337 0.047679 0.0380925 0.0374984
44 0.00512905 0.00430026 0.00386312
65 0.00576521 0.00470808 0.00376635
107 0.00930701 0.00774582 0.00655853
421 0.0647701 0.0544866 0.0329704
128 0.0157735 0.0134119 0.0110198
149 0.0185215 0.0160163 0.0130965
233 0.0572879 0.0476577 0.0376234
86 0.00648846 0.00526913 0.00416434
275 0.0408993 0.0355688 0.0398934
296 0.0927506 0.0886467 0.135387
317 0.695809 0.613575 1.50426
170 0.0236889 0.020839 0.0177459
254 0.0647089 0.0544273 0.051142
359 0.0971832 0.0728286 0.193636
380 0.0485678 0.0387092 0.0487882
401 0.0555488 0.0450978 0.0378188
338 0.52746 0.443493 1.21761
3 0.00456978 0.00385519 0.00334839
24 0.00611684 0.005177 0.00449797
45 0.00682877 0.00572891 0.00466837
66 0.00652923 0.00539267 0.00442955
422 0.0405181 0.0337614 0.0234951
4 0.00716306 0.00597978 0.00525335
25 0.00788855 0.00663351 0.00542548
46 0.00741003 0.00614273 0.00523164
108 0.0156052 0.0131535 0.0105939
129 0.0156398 0.013283 0.0104861
87 0.0115508 0.00938607 0.00769116
67 0.0234841 0.018607 0.0146041
191 0.0179635 0.0149824 0.0106769
150 0.0117451 0.00993363 0.00633641
212 0.0238631 0.0194593 0.0145818
213 0.0213302 0.0173821 0.0118015
276 0.0726889 0.0780887 0.0862923
109 0.0214343 0.0171827 0.0191046
297 2.46625 2.61611 3.40815
130 0.00632018 0.00505703 0.00213691
318 7.80509 7.78029 11.8197
339 5.87812 5.57017 9.7526
319 11.6299 11.9064 16.5974
340 7.49264 7.2724 11.1522
360 0.683199 0.511011 1.73802
361 0.937655 0.732981 2.02732
381 0.0850698 0.0600044 0.166394
382 0.092951 0.0644347 0.191026
402 0.0447541 0.0357317 0.0372073
423 0.0315298 0.0260195 0.0192399
403 0.0408243 0.0317302 0.0394626
424 0.0281783 0.0228834 0.0186234
5 0.00827052 0.00690283 0.00564751
234 0.0229866 0.0191783 0.014806
26 0.00828373 0.00686125 0.00614337
47 0.0247276 0.0194717 0.0139678
68 0.0662367 0.0519466 0.0279032
88 0.0342472 0.0271489 0.0313114
192 0.0132771 0.0105176 0.00620145
298 5.04621 5.3502 7.57435
171 0.0121718 0.0101987 0.00820143
255 0.0313178 0.0289074 0.0266143
89 0.0890654 0.0736377 0.0434792
277 0.00744423 0.00599253 0.00516666
214 0.00986295 0.00799845 0.00196479
110 0.0165261 0.0131605 0.00970133
193 0.00976478 0.00788815 0.00140384
131 0.0207695 0.0164881 0.0115473
151 0.00948807 0.00758237 0.00346609
152 0.0195354 0.0155825 0.00997263
235 0.00987579 0.00797351 0.00341818
299 0.270426 0.264407 0.469485
320 2.66001 2.67469 4.21103
341 1.13949 1.00574 2.21343
362 0.0760963 0.051642 0.172774
383 0.04192 0.0311885 0.0637943
404 0.0295021 0.0241041 0.0236547
425 0.0252005 0.0209453 0.0165926
6 0.0100335 0.00834992 0.00779484
27 0.0237599 0.0190878 0.0152901
48 0.0407077 0.0310511 0.0173593
69 0.0958762 0.0742738 0.0296992
194 0.0166616 0.01336 0.00687724
90 0.951759 0.879794 0.321946
215 0.015749 0.0126517 0.00653957
236 0.0172606 0.0138508 0.00981043
278 0.0252782 0.0202529 0.0247538
172 0.00961856 0.00771906 0.0027437
256 0.00996362 0.00803255 0.00396948
173 0.0170435 0.0136261 0.00776056
111 0.170106 0.164739 0.0617376
257 0.0206393 0.0165041 0.0175506
321 0.0205325 0.0177609 0.0221138
132 0.0277948 0.0220415 0.018275
153 0.0335965 0.0266505 0.0243736
342 0.0217264 0.0177146 0.0227466
195 0.0410047 0.0325395 0.0362248
300 0.0197226 0.0162918 0.0232127
7 0.0240539 0.0194879 0.0172248
8 0.0259194 0.0208065 0.0174273
28 0.0305383 0.0238865 0.0175594
29 0.0192781 0.015508 0.0116038
49 0.0303757 0.0233896 0.0130284
50 0.0135969 0.0107644 0.00722302
70 0.03075 0.0238049 0.0118511
91 0.0432143 0.0369049 0.0171785
71 0.0142239 0.0115925 0.00811751
92 0.015165 0.0128653 0.0113199
216 0.0431064 0.0342023 0.042351
405 0.0211714 0.0177038 0.0151747
426 0.0242498 0.0206219 0.0159335
237 0.043204 0.0342759 0.0465266
279 0.0304525 0.0243102 0.0312708
384 0.0285568 0.023012 0.0361222
363 0.0357763 0.028204 0.0424713
174 0.0378708 0.0300514 0.0304058
112 0.0230551 0.0183337 0.016335
133 0.0298327 0.0236455 0.0211523
154 0.0354526 0.0281076 0.0272636
258 0.04064 0.0322606 0.0466651
196 0.04248 0.0336939 0.03919
217 0.0442885 0.0351217 0.0448626
280 0.0344665 0.0274395 0.0381407
238 0.044831 0.0355465 0.0493972
113 0.0276831 0.021943 0.0247667
301 0.0134435 0.010799 0.0130244
134 0.034313 0.0271706 0.0284227
175 0.0394179 0.0312637 0.0330769
322 0.0124881 0.0107788 0.00846666
364 0.0278673 0.0227676 0.0423582
365 0.00797858 0.00723553 0.00621603
385 0.0178451 0.0157509 0.0201303
386 0.0164718 0.0148492 0.0163142
406 0.0403211 0.0343589 0.0435712
427 0.0257408 0.0216264 0.0185841
407 0.0269896 0.0232635 0.0276439
428 0.0202072 0.0170999 0.0154075
9 0.0168367 0.0137437 0.010953
30 0.00991836 0.00809842 0.00587013
51 0.00697708 0.0056605 0.00419284
281 0.0401196 0.031821 0.050484
72 0.0117791 0.00954905 0.00797933
93 0.0187102 0.0155255 0.0147564
218 0.0468681 0.0371331 0.0500059
197 0.0451033 0.0357408 0.0446032
259 0.0432752 0.034315 0.0518559
302 0.0129634 0.0103483 0.00488276
343 0.0449894 0.0355039 0.0579404
155 0.0389055 0.0308228 0.0335815
114 0.0355698 0.0283861 0.0417937
135 0.0406523 0.0321286 0.0414571
156 0.0444143 0.0351193 0.0451667
239 0.0477952 0.0378559 0.0555332
198 0.0501623 0.0396794 0.0556305
323 0.0274651 0.0216538 0.0271486
219 0.0521808 0.0412639 0.0618389
240 0.0538174 0.0425388 0.0689487
176 0.0423147 0.0335281 0.0387808
366 0.00652149 0.00585865 0.0050281
387 0.00878372 0.00788495 0.00657441
282 0.050936 0.040208 0.0746314
10 0.00868585 0.00707682 0.00517671
31 0.00534414 0.00443901 0.00333772
408 0.0174299 0.015331 0.012612
52 0.00678611 0.00560707 0.00477045
73 0.0107368 0.00914415 0.00837607
94 0.0181691 0.0153027 0.0142907
429 0.0221024 0.0193157 0.015338
344 0.0512731 0.0405754 0.0852413
115 0.0281654 0.0232089 0.0276598
303 0.0488482 0.0384553 0.0625046
324 0.0588896 0.0465604 0.0819958
260 0.0475698 0.0376607 0.0605016
177 0.0477628 0.0377747 0.0504556
345 0.0229722 0.0186588 0.034928
304 0.0308542 0.0247716 0.0492127
325 0.0159983 0.0133615 0.00784524
346 0.00744605 0.00657229 0.0051349
367 0.00688228 0.00628656 0.00543139
136 0.0474231 0.0376663 0.0649842
409 0.0157162 0.0140272 0.011595
388 0.00719235 0.00658488 0.00540495
11 0.00431688 0.00356721 0.00268618
12 0.00398293 0.00331227 0.00267282
32 0.00482642 0.00398958 0.00329806
430 0.0189332 0.0169898 0.0142408
33 0.00638125 0.00544866 0.00444515
53 0.00760267 0.00656806 0.00578806
54 0.00815647 0.00709856 0.0062438
116 0.0217923 0.0183267 0.0177009
74 0.0125813 0.0107026 0.0099261
117 0.0173549 0.0148548 0.0144114
137 0.019592 0.0165722 0.0152425
138 0.0130618 0.011322 0.0106737
95 0.0174483 0.0146937 0.0139341
75 0.0127059 0.0108619 0.0100244
96 0.0165659 0.0140749 0.0135563
261 0.054508 0.0430606 0.0767265
283 0.0599484 0.047263 0.109611
158 0.033228 0.0268708 0.0529872
157 0.0587859 0.046272 0.0828965
199 0.0594642 0.0468965 0.0780307
284 0.0105778 0.00915313 0.00573296
285 0.00738228 0.00641052 0.0039842
305 0.0135886 0.0113579 0.00674109
306 0.00945276 0.00814967 0.00503941
326 0.0120369 0.0102987 0.0068684
347 0.00778969 0.00692285 0.00512085
327 0.00764651 0.00658427 0.00437575
348 0.00552525 0.00489776 0.00345786
368 0.00528453 0.0047603 0.00392796
369 0.00497263 0.00454239 0.00359782
389 0.00567705 0.00522032 0.00446764
390 0.00595505 0.00552165 0.00489627
410 0.00947173 0.00875083 0.0075251
431 0.0191501 0.0176152 0.0159481
411 0.00708125 0.00660959 0.006081
432 0.0217106 0.0200062 0.020085
13 0.00727528 0.00601971 0.0048257
34 0.00742663 0.00626494 0.0047988
55 0.00709406 0.006186 0.00549817
76 0.0114326 0.00977783 0.00921373
97 0.0135293 0.0117283 0.0109506
118 0.0151316 0.013114 0.0125777
220 0.0636622 0.0501698 0.090012
139 0.0129428 0.0114563 0.0111164
160 0.00986534 0.0088488 0.00835484
202 0.0103728 0.00920804 0.00808875
181 0.0107838 0.00964424 0.00852291
241 0.065913 0.0519224 0.0996814
223 0.00684029 0.00603278 0.0054634
244 0.00460042 0.00421137 0.00347423
265 0.00836777 0.00739358 0.00532417
307 0.0128534 0.0107497 0.00651619
328 0.00954814 0.00817207 0.00522997
349 0.00701693 0.00626282 0.00462371
370 0.00568679 0.00519234 0.00413798
391 0.00467315 0.00430366 0.00362545
412 0.00841597 0.0080525 0.00763442
433 0.0339289 0.0317764 0.0318773
14 0.00773917 0.00639561 0.00483306
35 0.00490734 0.00408265 0.00313017
56 0.00463523 0.00412405 0.00365033
77 0.00843675 0.00759663 0.00737597
98 0.0103651 0.00913408 0.00900158
119 0.014185 0.0125848 0.0120372
140 0.0152098 0.0134762 0.0134299
161 0.0101075 0.00907969 0.00868149
182 0.00937192 0.00834384 0.00761751
203 0.00730303 0.00655855 0.00566225
224 0.00794039 0.00711553 0.00577493
245 0.00610846 0.00539224 0.00430467
266 0.00464455 0.00421294 0.00329464
287 0.00575704 0.00507467 0.003685
308 0.00722441 0.00626908 0.0042713
329 0.00748002 0.00649863 0.00444466
350 0.00543077 0.00487138 0.0036038
371 0.00382926 0.00348504 0.00264084
392 0.00463258 0.00429315 0.00352485
413 0.0110905 0.0102564 0.00932663
434 0.0299417 0.0272382 0.0253175
15 0.00654777 0.00541524 0.00409591
16 0.00572926 0.0048737 0.00388745
36 0.00445567 0.00378425 0.00299144
37 0.00516593 0.00453476 0.00378469
57 0.00611636 0.00550489 0.00508565
58 0.00843028 0.00758951 0.00715273
286 0.0134097 0.0112808 0.00724822
120 0.014893 0.0133045 0.0136798
121 0.0171727 0.0149438 0.0174611
141 0.0149733 0.0133071 0.0135304
142 0.0122982 0.0109132 0.0109795
162 0.00815975 0.00721219 0.00718728
183 0.00611547 0.00550915 0.00519603
163 0.00675643 0.00602617 0.00595815
184 0.00459171 0.00413307 0.00416852
204 0.00440298 0.00403557 0.00366057
205 0.00302692 0.00277739 0.00248492
225 0.00483509 0.00444918 0.00371718
226 0.0032748 0.00302487 0.00250775
246 0.00653551 0.00598371 0.0044785
267 0.00656734 0.00585162 0.00444337
78 0.0134377 0.0121669 0.0138635
247 0.0037652 0.00351028 0.00274188
99 0.0160599 0.0142456 0.0169259
268 0.00707207 0.00637366 0.00453877
288 0.00518366 0.0046921 0.00365021
289 0.0109572 0.00945999 0.00649779
309 0.00513965 0.00463424 0.00353406
310 0.00717928 0.006222 0.00420209
79 0.0163174 0.014458 0.019683
330 0.00478281 0.00435586 0.00319188
351 0.00463719 0.00419734 0.00308647
331 0.00614548 0.00551769 0.00422967
352 0.00691833 0.00638479 0.00529469
100 0.0218711 0.0189786 0.0284858
372 0.00466512 0.00427343 0.00350202
373 0.00687343 0.0063905 0.00537883
414 0.0127955 0.0117547 0.00987368
393 0.00763636 0.0070708 0.00581621
435 0.0273978 0.0247865 0.0223554
394 0.00744145 0.00688872 0.00612992
415 0.0117664 0.0107207 0.00951385
436 0.0242863 0.0217607 0.0198073
17 0.00521333 0.00450287 0.00364591
38 0.00593038 0.00517583 0.00428117
80 0.0210113 0.0187868 0.0256207
101 0.0269273 0.0225747 0.0403431
122 0.0183747 0.0157297 0.0208622
59 0.0105238 0.00951932 0.0086527
143 0.0118916 0.0105089 0.010467
206 0.00277626 0.00245912 0.00221668
227 0.00287003 0.00257515 0.00210963
164 0.0071444 0.00635524 0.00610091
248 0.0031344 0.00284481 0.00225249
200 0.0697872 0.0549738 0.124521
269 0.00350916 0.00321364 0.00255192
201 0.0132031 0.0116974 0.0113514
290 0.00478334 0.00428374 0.0030378
332 0.007612 0.00665486 0.00498676
311 0.00766056 0.00669502 0.00482462
374 0.00480743 0.00445681 0.00406178
185 0.00419939 0.00376305 0.00374516
353 0.00437602 0.00402133 0.00346993
395 0.00633458 0.00595651 0.00573833
416 0.00695283 0.00650593 0.00620566
18 0.00670055 0.00581221 0.00474614
437 0.0143118 0.0131027 0.0129348
60 0.0101648 0.00921772 0.0079176
81 0.0308114 0.0282176 0.0334265
123 0.0201443 0.0169136 0.0242039
102 0.0428822 0.0371302 0.064427
144 0.0124952 0.011001 0.0107687
165 0.00799404 0.00700616 0.00645388
207 0.00245774 0.00218553 0.00180788
186 0.00285555 0.00251942 0.00254367
228 0.00285224 0.00256971 0.00216376
249 0.00313647 0.00284387 0.00223809
291 0.00314926 0.00284683 0.00230627
39 0.00649134 0.0056334 0.0046146
270 0.00300584 0.0027405 0.00211986
312 0.00409038 0.00366701 0.00292006
375 0.00462413 0.00431969 0.00417274
396 0.00484861 0.00449612 0.004461
19 0.00855386 0.00739611 0.00588588
417 0.00505251 0.00467961 0.00455516
20 0.0089161 0.00772462 0.00611145
438 0.011706 0.0107252 0.0104714
40 0.00698037 0.00603295 0.00508821
333 0.00376448 0.00338924 0.00275508
61 0.00888709 0.00824262 0.00728399
41 0.00749702 0.006473 0.00552727
62 0.00754979 0.00699005 0.00616328
82 0.0279336 0.0248819 0.0314891
124 0.0201028 0.0168219 0.0257673
354 0.00428469 0.00393616 0.00342336
103 0.0458597 0.0393775 0.0622047
83 0.022155 0.0197566 0.0232469
125 0.0149131 0.0123454 0.019009
104 0.0316899 0.0261553 0.0464803
166 0.00794624 0.00705652 0.00609362
187 0.00382938 0.00338611 0.00290528
145 0.0102413 0.00904827 0.00936253
208 0.00261679 0.00237983 0.00197924
167 0.00845245 0.00767808 0.00638219
209 0.00454901 0.00420428 0.00377525
188 0.00696159 0.00622245 0.00527606
250 0.00235573 0.00213598 0.0017167
229 0.00295829 0.002689 0.00221208
230 0.00309015 0.00285756 0.00250559
271 0.00275787 0.00251926 0.00186928
292 0.00306268 0.00277607 0.00208852
293 0.00377241 0.00352097 0.00290207
251 0.00262993 0.00241599 0.00201528
313 0.00325301 0.00292664 0.00234568
272 0.00313569 0.00289121 0.00245129
146 0.0078979 0.00702085 0.00713788
314 0.0038768 0.00359279 0.00298103
334 0.00402588 0.00369515 0.00295777
397 0.00406983 0.00379183 0.00366277
355 0.00456804 0.00418692 0.00339304
398 0.00336176 0.00310353 0.00281736
335 0.0031144 0.00288421 0.00241088
418 0.00413928 0.00382148 0.00354436
356 0.00350719 0.00324407 0.00274628
439 0.00992491 0.00894807 0.00846587
376 0.0037386 0.00344963 0.00298804
419 0.00402778 0.00377561 0.00318657
440 0.0102038 0.00931436 0.00839371
377 0.00373716 0.003487 0.00302751
242 0.0628653 0.0495287 0.11743
179 0.063287 0.0500003 0.112544
159 0.0103715 0.00928415 0.00816474
180 0.0133862 0.0119724 0.0106744
221 0.0757235 0.0594626 0.139091
222 0.0061638 0.00554504 0.00526978
263 0.03274 0.0260526 0.0624209
243 0.00624358 0.00566995 0.00443123
264 0.0075028 0.00652323 0.00438127
178 0.0579214 0.0456604 0.0753154
262 0.0728129 0.057253 0.125922
