21 0.00378078 0.00317108 0.0030232
42 0.00393744 0.00327812 0.00302436
189 0.024348 0.0208002 0.0165982
63 0.00391439 0.00319283 0.00265653
147 0.0113482 0.00977441 0.00877149
0 0.00375684 0.00313871 0.00302597
105 0.0138797 0.0106481 0.00742454
210 0.0341586 0.0285178 0.0192962
126 0.0125201 0.0101297 0.00794933
273 0.0933202 0.076229 0.0567122
231 0.0685174 0.0567722 0.037307
294 0.0501195 0.0382463 0.0212581
315 0.0634998 0.0484242 0.0247719
357 0.049963 0.0388761 0.0200691
378 0.0465022 0.0380616 0.0198885
84 0.00505221 0.00392853 0.00284539
168 0.0246826 0.021341 0.01849
399 0.101162 0.0825003 0.0459328
252 0.106363 0.0896242 0.0637145
336 0.0561085 0.0428215 0.0236396
1 0.00381475 0.00315169 0.00283949
22 0.003992 0.00331592 0.00299791
43 0.0037499 0.00308346 0.00267581
64 0.00465225 0.00367399 0.00277986
106 0.00763452 0.00610761 0.00462737
420 0.109858 0.0903284 0.052533
127 0.00911822 0.00764128 0.00641912
148 0.0184263 0.0159161 0.0136467
190 0.0219488 0.0188641 0.0157668
211 0.0333353 0.0279169 0.0200759
232 0.0635659 0.0525837 0.0380364
85 0.00602554 0.00469407 0.00325736
274 0.0550518 0.0449999 0.0398552
295 0.0359739 0.0281733 0.0275417
316 0.051297 0.0405456 0.0372678
169 0.0285472 0.0247393 0.0215019
358 0.0343328 0.0283435 0.0252936
253 0.0860003 0.0713466 0.0556191
379 0.043442 0.0352701 0.0242381
400 0.0714207 0.0583783 0.0366048
2 0.00405525 0.00333813 0.00306924
23 0.0041958 0.00349121 0.0032656
337 0.0486998 0.0388907 0.0374979
44 0.00521625 0.00438807 0.0039802
65 0.00581912 0.00476216 0.00382039
107 0.00931814 0.00775335 0.00653422
421 0.0630745 0.0529826 0.0320639
128 0.0158928 0.0135123 0.011092
149 0.0183535 0.0158403 0.012914
233 0.0569116 0.0473077 0.036905
86 0.00649513 0.00528326 0.00418981
275 0.0394042 0.0343178 0.0388248
296 0.112028 0.107816 0.165414
317 0.705415 0.617467 1.56097
170 0.0239723 0.0211224 0.0180614
254 0.0639143 0.053759 0.0511161
359 0.0905866 0.0676157 0.180808
380 0.0473429 0.0379188 0.0447173
401 0.05633 0.0457305 0.0384834
338 0.412102 0.341414 0.951475
3 0.0044886 0.00378345 0.00327523
24 0.00618707 0.00523192 0.00454215
45 0.00681659 0.00571817 0.00466682
66 0.0065269 0.00539106 0.00443426
422 0.0401634 0.0336696 0.0230405
4 0.00691071 0.00576822 0.00509068
25 0.00790221 0.00666312 0.00544566
46 0.00689678 0.00575177 0.00492185
108 0.0160057 0.013477 0.0106683
87 0.013475 0.0109264 0.00888392
129 0.015711 0.0133274 0.0108392
191 0.0169283 0.0141776 0.0100519
67 0.0226078 0.0179738 0.0140562
212 0.0243867 0.019897 0.0146258
213 0.0240225 0.0196363 0.0131305
150 0.0113346 0.00950784 0.00609006
192 0.0128453 0.0101844 0.00659737
109 0.0200985 0.0161618 0.0173256
88 0.0342542 0.0271711 0.0289817
130 0.00578916 0.00464267 0.0020933
276 0.0714956 0.076368 0.0841597
234 0.0205887 0.0171115 0.0128666
297 2.20632 2.33396 2.98491
298 4.56968 4.85813 6.95311
171 0.01157 0.00970732 0.00776999
318 7.33805 7.3082 11.1734
339 5.82138 5.54577 9.52835
319 11.7216 11.9667 16.7038
340 6.93974 6.69282 10.6245
360 0.762364 0.572971 1.93576
361 0.953668 0.765311 1.96291
381 0.0901434 0.0626771 0.187451
382 0.0964438 0.0663282 0.204351
402 0.0456066 0.0364707 0.037256
423 0.0312282 0.0257221 0.01911
403 0.0415811 0.0322792 0.0403742
424 0.0279162 0.02268 0.018271
5 0.00829099 0.00690334 0.00566148
26 0.00839189 0.00694355 0.0062722
47 0.026797 0.0210684 0.0144873
68 0.0654127 0.0514799 0.0276345
255 0.0336702 0.0315627 0.0295187
89 0.119872 0.101487 0.0539103
277 0.00763298 0.00613885 0.00568758
214 0.00994705 0.00806727 0.00190719
110 0.0160591 0.0128179 0.0100155
193 0.00978195 0.00790355 0.00134377
131 0.0200737 0.0159372 0.0113769
151 0.00947954 0.00757439 0.00351947
235 0.00994695 0.008025 0.00352481
152 0.0180551 0.0144213 0.00891207
194 0.0163377 0.0131029 0.0064149
236 0.0180087 0.0144527 0.0098477
215 0.0172666 0.0138591 0.00778073
299 0.193545 0.182017 0.351801
278 0.0257936 0.0206629 0.0251611
320 2.56842 2.5648 4.01348
341 1.17601 1.01577 2.35732
362 0.082325 0.0558426 0.187873
383 0.0440502 0.0323303 0.0704108
404 0.0292517 0.0238837 0.023615
425 0.0252529 0.0210004 0.0166328
6 0.0110428 0.00919408 0.0086888
27 0.0243173 0.0195668 0.0156742
48 0.0391082 0.029971 0.0173254
69 0.0937777 0.0727459 0.0294414
90 1.0329 0.965253 0.354823
172 0.00955164 0.00766313 0.00285751
256 0.0099481 0.00801623 0.00407201
173 0.0169992 0.0135858 0.00802265
111 0.319695 0.313197 0.10976
132 0.0276885 0.021954 0.0180615
153 0.033934 0.0269193 0.0248388
257 0.0206316 0.0165102 0.0170241
195 0.0412667 0.0327434 0.0367081
216 0.0431181 0.0342107 0.0424116
321 0.0219783 0.0188979 0.024914
300 0.0195796 0.0160683 0.0235039
342 0.0233447 0.0191042 0.0256546
237 0.0432035 0.0342745 0.0465456
279 0.0296582 0.0236892 0.0299758
363 0.0344157 0.0271331 0.0409925
7 0.0240359 0.0195248 0.0172519
8 0.0256618 0.0206363 0.0173854
174 0.0377393 0.0299481 0.0301988
28 0.0306023 0.0238982 0.0172366
405 0.0204698 0.0170825 0.0144938
29 0.0192719 0.0155199 0.011539
49 0.031653 0.0243145 0.0133998
50 0.0126153 0.0100459 0.0068271
70 0.0303066 0.0234168 0.0114156
91 0.0386927 0.0329689 0.015578
71 0.0144844 0.0117868 0.00824916
92 0.0152722 0.0129452 0.0113603
384 0.0317483 0.025573 0.0436026
426 0.0242374 0.0206485 0.015873
112 0.023605 0.0188004 0.0162623
133 0.0295729 0.023437 0.0207627
154 0.0354926 0.0281401 0.0272906
258 0.0406016 0.0322321 0.0466088
196 0.0425162 0.0337226 0.0392442
217 0.0442876 0.0351209 0.0447864
280 0.0349614 0.0278272 0.0389597
238 0.0448731 0.0355779 0.0496272
113 0.0273846 0.0217125 0.0246972
134 0.0341317 0.0270282 0.0280101
175 0.039556 0.0313754 0.0333163
301 0.0137184 0.0110077 0.0146639
197 0.0447793 0.0354867 0.0438534
218 0.0468502 0.0371202 0.049887
281 0.0413262 0.0327773 0.0528489
259 0.0431373 0.0342088 0.0514925
322 0.0128545 0.0109086 0.00860424
364 0.0270014 0.0220866 0.0400381
365 0.00803557 0.00729747 0.00628223
385 0.0180739 0.0159226 0.0203827
386 0.0171146 0.0154116 0.0168049
406 0.0402156 0.0342494 0.0435319
427 0.0257281 0.0217511 0.0183575
407 0.0277414 0.0238643 0.0291382
428 0.0198095 0.0166999 0.0153994
9 0.0162928 0.0133251 0.0106015
30 0.00991987 0.00811091 0.00590201
51 0.00700645 0.00569027 0.00425951
72 0.0123439 0.00998971 0.00829721
93 0.0180057 0.0149502 0.0142245
302 0.0137489 0.0109812 0.00564995
343 0.0458214 0.0360739 0.0589724
155 0.0388582 0.0307858 0.0334207
114 0.0358624 0.0286201 0.0427496
135 0.0404444 0.031966 0.0409575
156 0.0450239 0.0355991 0.0463047
239 0.0478586 0.0379052 0.0554121
198 0.0503278 0.0398064 0.0560553
219 0.052136 0.0412283 0.0616103
323 0.0258846 0.0203918 0.0261706
240 0.0539431 0.0426347 0.0690676
176 0.0422383 0.0334668 0.0386859
282 0.0517532 0.0408337 0.074982
177 0.0477891 0.0377944 0.0504991
260 0.0478118 0.0378469 0.0610349
344 0.0381303 0.0304138 0.0583031
303 0.051925 0.0408597 0.0692677
324 0.0607604 0.0477565 0.0922634
366 0.00628503 0.00565306 0.00486274
387 0.00886573 0.00794153 0.00657981
10 0.00885414 0.00719794 0.00526999
408 0.0173805 0.0152798 0.0125568
31 0.00504877 0.00420305 0.00317261
52 0.00693043 0.00571031 0.00484683
73 0.0107141 0.00911694 0.00833356
429 0.0218865 0.0190984 0.015135
94 0.0182907 0.0154092 0.014426
115 0.0275791 0.0227545 0.0267749
136 0.0470002 0.0373395 0.0632376
261 0.0545522 0.0430952 0.0769854
345 0.0277278 0.022306 0.0447289
157 0.0594125 0.0467548 0.0852113
304 0.0209119 0.0171228 0.0239082
283 0.0602079 0.0474638 0.109125
199 0.0596271 0.0470204 0.0784656
325 0.0192528 0.0159335 0.00891539
346 0.00762797 0.00674752 0.00526102
220 0.0641058 0.0505121 0.0912031
367 0.00686433 0.00627085 0.00542181
409 0.0157939 0.0141069 0.011606
388 0.00706178 0.00648078 0.00534036
11 0.00411827 0.00340866 0.00258733
12 0.00389226 0.00324041 0.00259558
32 0.00480288 0.0039597 0.00324652
430 0.0192484 0.017266 0.0145435
33 0.00609469 0.00516056 0.00422027
53 0.00768179 0.00662487 0.00582923
54 0.00791737 0.00688979 0.00601429
116 0.0216211 0.0181693 0.0174917
74 0.0127187 0.0108115 0.0100182
117 0.0171318 0.0146846 0.0142243
95 0.0174489 0.014699 0.0139054
137 0.0197586 0.0167007 0.0153571
138 0.0131615 0.0113786 0.0107418
75 0.0129306 0.0110539 0.0101831
241 0.0657197 0.0517745 0.0994253
96 0.0166889 0.0141761 0.0136992
158 0.0293472 0.023899 0.044444
284 0.010679 0.00922473 0.0057768
285 0.00721041 0.00627323 0.00390869
305 0.0138611 0.0115455 0.00680378
306 0.00935179 0.00804037 0.00495802
326 0.0121203 0.0103584 0.00687925
347 0.00758943 0.00675415 0.00495709
327 0.00783662 0.00674839 0.00446366
348 0.00538951 0.00478021 0.00337677
368 0.00531232 0.00478183 0.00393898
369 0.0050785 0.00463833 0.00363126
389 0.00572072 0.00526506 0.00451845
390 0.00605049 0.00561778 0.00498642
410 0.00909476 0.0084148 0.00728026
431 0.0198963 0.0182977 0.0166208
411 0.00699805 0.00651146 0.00597605
432 0.0193088 0.0178606 0.0179152
13 0.00751705 0.00622727 0.00499038
34 0.00747039 0.00630284 0.00480949
55 0.00714748 0.00624406 0.00557489
76 0.0117997 0.0100829 0.0095651
97 0.0134507 0.0116599 0.0108919
118 0.0150232 0.0130339 0.0125
139 0.0130866 0.0115664 0.0112061
160 0.00998913 0.00895262 0.00846614
200 0.0659541 0.0520085 0.119281
202 0.0103314 0.00917549 0.00806597
221 0.0743509 0.0584082 0.133913
181 0.0106749 0.00955139 0.00847259
223 0.00668572 0.00589843 0.00530758
242 0.0682195 0.0536765 0.128793
244 0.00451083 0.00412821 0.00343381
179 0.0632526 0.0499835 0.111809
265 0.00815137 0.00721985 0.00522224
307 0.0130731 0.0109432 0.00667689
328 0.00955892 0.0081893 0.00523
349 0.00688455 0.00617298 0.00458565
370 0.00561672 0.00514461 0.00409779
391 0.00466637 0.00429959 0.00362853
412 0.00810749 0.00775776 0.00736551
433 0.0362221 0.0339298 0.0339433
14 0.00776519 0.00641662 0.00481581
35 0.00506617 0.00421116 0.00318208
56 0.00467819 0.00414986 0.00366373
77 0.00843838 0.00757606 0.00735185
98 0.0102898 0.00905895 0.00884792
119 0.0140853 0.0125026 0.0119621
140 0.015473 0.0136971 0.0136491
161 0.0100773 0.00905028 0.00865546
182 0.00911993 0.0081338 0.00745485
203 0.0072759 0.00655894 0.00570291
224 0.00782826 0.00704908 0.00576813
245 0.00588157 0.00518755 0.00416036
266 0.00454813 0.00411234 0.00321603
287 0.00543698 0.00480692 0.00348358
308 0.0070725 0.00613956 0.00416932
329 0.00751557 0.00651102 0.00443338
350 0.00545654 0.00489575 0.00361878
371 0.00383906 0.00348699 0.00262896
392 0.00488347 0.00453868 0.00377561
413 0.0104143 0.0096518 0.00880373
434 0.0298167 0.0270832 0.0249611
15 0.00672105 0.00555585 0.00424437
16 0.00588433 0.00500495 0.0040067
36 0.00443842 0.00374846 0.00295153
37 0.00515842 0.00452671 0.00377835
57 0.00620963 0.00558914 0.00514765
58 0.00880304 0.00790348 0.00760327
286 0.0134348 0.0113148 0.00725446
120 0.0148855 0.0132844 0.0137722
121 0.0171363 0.0148973 0.0175786
141 0.0150648 0.0133716 0.0136457
142 0.0124614 0.0110623 0.0111184
162 0.00817664 0.00723833 0.00721679
183 0.00602969 0.00543765 0.00512727
163 0.00680106 0.00606553 0.00599809
184 0.00457119 0.00412729 0.00416826
204 0.00444739 0.00406654 0.003693
205 0.00306668 0.00282033 0.0025318
225 0.00469983 0.00432979 0.00363296
226 0.00315622 0.00292039 0.00240186
246 0.00638317 0.00586006 0.00442517
267 0.00666262 0.00593376 0.00447249
78 0.0132161 0.0119842 0.0134639
178 0.05818 0.04587 0.0759009
247 0.00386011 0.00360028 0.00281444
99 0.0157429 0.0139584 0.0164271
268 0.00756958 0.0068169 0.00491544
288 0.00519599 0.0047025 0.00366481
79 0.0160879 0.0143047 0.0193084
289 0.0116307 0.0100377 0.0068959
309 0.00517452 0.00466293 0.00356378
310 0.00747403 0.00648291 0.00441374
330 0.00473526 0.00431348 0.00315372
351 0.00462084 0.0041852 0.00308156
331 0.00601422 0.00541537 0.00415525
100 0.0215844 0.0187492 0.0279702
352 0.00685209 0.0063198 0.00527686
372 0.00462664 0.0042489 0.00343623
373 0.00694229 0.00646837 0.00545278
393 0.00783449 0.00725205 0.00597015
414 0.0128879 0.0118074 0.00993725
435 0.0263942 0.0238257 0.0213867
394 0.00745814 0.00689372 0.00614609
415 0.0115546 0.0105256 0.00935065
17 0.00522616 0.00451433 0.00365499
436 0.0233588 0.0209271 0.019071
38 0.00588884 0.00514161 0.00424197
80 0.0208029 0.01861 0.0256172
101 0.0270401 0.0226404 0.0407458
59 0.0107826 0.00975248 0.00888957
122 0.0180147 0.0154415 0.02022
143 0.0117079 0.010347 0.0103014
206 0.00279483 0.00247913 0.00222443
164 0.00727182 0.00646794 0.0061977
227 0.00287068 0.00257207 0.00212395
248 0.00311117 0.00283217 0.00224961
269 0.00337403 0.00309329 0.00243678
201 0.0135493 0.011985 0.0115712
290 0.00466645 0.00420555 0.00302249
332 0.00735702 0.00642453 0.00480257
311 0.00772622 0.00674872 0.00487319
185 0.00427676 0.00383873 0.0038161
374 0.00479827 0.00443603 0.00402956
353 0.00433097 0.00397495 0.00342066
395 0.00629412 0.00593691 0.0057326
416 0.00690266 0.00646309 0.00617608
18 0.00665711 0.00577334 0.00470967
437 0.0138359 0.0126801 0.0125377
60 0.0103916 0.00943696 0.00813145
81 0.0298535 0.0273626 0.0320122
123 0.0200906 0.0168749 0.0238942
102 0.0436138 0.0378627 0.0657632
144 0.0123479 0.010867 0.0106628
165 0.00776287 0.00678582 0.00629273
207 0.00243505 0.00215506 0.00178638
186 0.00284417 0.00250737 0.00254962
228 0.00285355 0.00257474 0.00217764
249 0.00304724 0.00276215 0.00218952
39 0.00648543 0.00561158 0.00459991
291 0.00308912 0.00278927 0.00224218
270 0.00296644 0.00270662 0.00210246
312 0.00408175 0.0036585 0.00290609
375 0.00460456 0.0042837 0.00413812
396 0.00470037 0.00436324 0.00432824
333 0.00372492 0.00334868 0.00271405
19 0.00868605 0.00751475 0.0059642
417 0.00491492 0.00453196 0.00440439
20 0.00878122 0.00761173 0.00601937
438 0.0117987 0.0108244 0.01048
40 0.00703711 0.0060716 0.00512505
61 0.00878782 0.00816168 0.0072008
41 0.00759564 0.0065581 0.00558242
354 0.00428403 0.00393373 0.00342117
62 0.00776938 0.00722604 0.00636952
82 0.0286879 0.0255733 0.0325239
124 0.0217107 0.0181717 0.0279104
103 0.0446767 0.0381936 0.0611877
83 0.0210473 0.0188816 0.0216537
125 0.0153941 0.0127094 0.02003
145 0.0101259 0.008962 0.0091092
104 0.0317456 0.0262043 0.0462451
166 0.00772234 0.00684491 0.00589727
208 0.00260715 0.0023713 0.00195371
187 0.0037435 0.00329149 0.00285376
167 0.00847113 0.00768034 0.00638538
209 0.00455813 0.00420185 0.00374296
188 0.00673927 0.00602979 0.00512369
229 0.00303721 0.0027591 0.00228165
250 0.00237575 0.00214822 0.00173298
146 0.00776613 0.00692343 0.00701094
230 0.00309271 0.00286135 0.00249725
271 0.00268489 0.00244828 0.00182574
292 0.00308245 0.00278244 0.00210149
293 0.00376024 0.00351024 0.00288856
251 0.00262746 0.00241401 0.00200798
313 0.00319206 0.00287407 0.00228817
272 0.00315926 0.00291372 0.00247363
314 0.00386903 0.00359369 0.00297934
334 0.00393075 0.00359697 0.00285967
397 0.0041087 0.00383364 0.00370565
355 0.00472474 0.00432002 0.0035193
398 0.00335403 0.00309622 0.00281394
335 0.00308131 0.00285359 0.00237611
418 0.0043036 0.00397824 0.00370237
356 0.0035208 0.00326086 0.00275797
439 0.00981659 0.00886895 0.00840467
376 0.0036856 0.00340237 0.00289744
419 0.00404618 0.00379305 0.00321505
440 0.0104618 0.00955071 0.00866635
377 0.00378508 0.0035435 0.00306668
262 0.0735116 0.0577947 0.128372
159 0.0104586 0.00934137 0.00816301
180 0.0133387 0.011935 0.0106117
222 0.00585894 0.00528397 0.00489405
263 0.0382006 0.0302786 0.0752346
243 0.00621281 0.00564461 0.00444742
264 0.00723123 0.00628041 0.00417866
