147 0.0034406 0.00145902 0.00150399
63 0.00153024 0.000534636 0.000562978
105 0.00474279 0.00121013 0.00110786
126 0.00800129 0.00236788 0.00225998
0 0.00156301 0.000642218 0.000753362
21 0.00143978 0.000607766 0.0006717
42 0.00154922 0.000545186 0.000612201
189 0.00860047 0.00337771 0.00292872
210 0.0167791 0.00636261 0.00440768
231 0.0393019 0.014144 0.0107695
273 0.0607316 0.0236393 0.0188459
294 0.0213788 0.00579585 0.00415439
315 0.0449548 0.0100761 0.00559091
357 0.0149341 0.00503057 0.00301434
378 0.0259607 0.00874659 0.00435132
84 0.00234935 0.000655998 0.000589004
168 0.00882835 0.00403442 0.00389023
399 0.0402667 0.0135834 0.00941587
252 0.0556679 0.0222557 0.0174964
1 0.00154753 0.00057448 0.000654269
336 0.0279689 0.00701944 0.00499239
22 0.00156035 0.000623201 0.000679885
43 0.00174217 0.00059085 0.000645711
64 0.00151521 0.000523427 0.000550855
106 0.00301137 0.000928501 0.000861155
420 0.0529247 0.0177593 0.0108727
127 0.00312982 0.0011541 0.001176
190 0.00827258 0.00347588 0.0034384
148 0.00688205 0.0030114 0.00296281
211 0.012395 0.00484294 0.00421076
232 0.0213614 0.00771482 0.00675542
85 0.00238243 0.000784686 0.00073189
274 0.0157812 0.0066308 0.00843099
295 0.0204346 0.00769144 0.0156604
316 0.0207805 0.00661435 0.00728979
169 0.0126184 0.0056122 0.00530942
358 0.0138552 0.00536062 0.0062637
253 0.0449258 0.0169676 0.0167549
379 0.0168337 0.00578928 0.00475812
400 0.0240618 0.00862205 0.00689781
2 0.00158672 0.000609307 0.000698803
23 0.00147154 0.000549264 0.000622713
337 0.0196706 0.00605039 0.00625704
44 0.00155652 0.000565257 0.000660686
65 0.00234184 0.000829005 0.000806631
107 0.00606153 0.00253049 0.0024763
128 0.00703823 0.00274417 0.00254469
421 0.0287611 0.0108345 0.00736094
149 0.00737421 0.00318822 0.0029605
233 0.0223188 0.00916995 0.0088902
86 0.00288137 0.00102074 0.00104228
275 0.0153194 0.00715865 0.00890681
296 0.00708318 0.00734999 0.0140004
317 0.0519805 0.0361844 0.170755
191 0.0074046 0.00333333 0.00342794
170 0.0091025 0.00443386 0.00408316
254 0.0247284 0.00972332 0.0109066
359 0.0253219 0.0129967 0.060981
380 0.018773 0.00695161 0.0106963
401 0.0231302 0.00808521 0.0098523
212 0.00373734 0.00124022 0.00135705
338 0.246659 0.237711 0.718126
3 0.00169304 0.000671275 0.000679623
24 0.00264302 0.00112938 0.00115041
45 0.00247126 0.000982144 0.000986282
66 0.0027866 0.0010171 0.000993481
422 0.0141401 0.00563767 0.00416975
108 0.0067266 0.00270788 0.00254255
4 0.00210479 0.00086018 0.000897504
25 0.00357656 0.00141263 0.0013578
46 0.00240263 0.00097309 0.00109654
87 0.00399205 0.00159972 0.00178536
129 0.00653277 0.00273837 0.00247269
213 0.00457267 0.00147016 0.000746251
150 0.00549144 0.00242623 0.00213091
192 0.00933027 0.00276656 0.00230637
67 0.00213951 0.000846753 0.000943016
109 0.0124473 0.00404192 0.00476532
130 0.00306482 0.00108572 0.00107381
88 0.0107835 0.00326303 0.00237397
234 0.00379612 0.00114538 0
276 0.0203849 0.0252459 0.0243395
171 0.00337995 0.00108816 0.00131645
214 0.00463105 0.00135194 0.00029708
297 0.275487 0.278801 0.360062
298 0.30964 0.357555 0.560153
277 0.00687024 0.00274877 0.00492114
318 2.7621 2.78013 3.46035
339 2.03399 2.00442 3.25569
319 4.05234 4.09127 5.14227
340 2.59174 2.56209 3.47325
360 0.0315868 0.016987 0.152581
361 0.0374085 0.0140472 0.1298
381 0.0252002 0.00970027 0.0314422
382 0.0202918 0.00714256 0.0183282
402 0.0237792 0.00797098 0.0126727
423 0.0129687 0.0051643 0.00418626
403 0.0182671 0.0063229 0.0122251
424 0.0116529 0.00407756 0.00392573
5 0.0033755 0.00128487 0.00120274
26 0.00253061 0.0009883 0.001144
47 0.0157272 0.00457268 0.00399277
68 0.0150637 0.00454473 0.00409178
255 0.0050743 0.00146153 0.000118849
89 0.0115817 0.00385716 0.00493616
110 0.00328347 0.00132813 0.00237977
193 0.00447367 0.00129009 0.000104943
131 0.00959118 0.00303777 0.00296481
151 0.00463866 0.00134357 0.000446692
235 0.00432275 0.00137272 0.000929629
152 0.0114173 0.00345194 0.00226116
194 0.00485085 0.00140156 0.000294995
215 0.00519799 0.00151151 8.58233e-05
236 0.00497107 0.00148419 0.000504595
299 0.075114 0.0753902 0.164114
278 0.00988733 0.00369637 0.00579519
172 0.00460896 0.00132603 0.000277329
320 1.94892 1.97317 2.96768
341 0.0176355 0.00799624 0.0299953
362 0.026557 0.00934863 0.0423063
256 0.00430045 0.00136195 0.000925119
383 0.0104918 0.00459504 0.0074052
404 0.0108676 0.00417071 0.00470026
425 0.0118385 0.00408446 0.00444439
6 0.00468043 0.00193048 0.00235247
27 0.00957375 0.00347722 0.00367507
48 0.0163575 0.00451366 0.00397576
69 0.0349191 0.00877308 0.00402316
90 0.0900062 0.0275149 0.0121938
173 0.0141962 0.00465599 0.00531516
111 0.00687293 0.00206839 0.00149165
132 0.0122953 0.00396491 0.00434052
153 0.0142931 0.00475691 0.00584882
257 0.00421504 0.00122612 0
195 0.0164286 0.0058705 0.00914613
216 0.0164599 0.00593147 0.00946354
237 0.0157071 0.00608865 0.0116797
279 0.0133843 0.0053023 0.0104556
300 0.00599092 0.00341986 0.0109789
321 0.00480023 0.00251325 0.00286765
342 0.00524115 0.00263433 0.00305767
363 0.00311623 0.00105712 0.00157023
174 0.0152511 0.00518988 0.00690537
384 0.00801477 0.00350836 0.00456816
405 0.00954032 0.00369317 0.00397497
7 0.011511 0.00374912 0.0040582
8 0.0110715 0.0036336 0.00379876
28 0.0123884 0.00376689 0.00325026
29 0.00552905 0.00190758 0.0017012
49 0.011698 0.00336391 0.00259232
50 0.00559218 0.00170561 0.00149782
70 0.0110033 0.00347747 0.00191822
91 0.00782428 0.00261078 0.00157845
71 0.0053676 0.00204573 0.00207946
92 0.00743123 0.00292011 0.0033421
426 0.00949615 0.00395529 0.00325368
112 0.0100205 0.00332964 0.00407126
133 0.0108465 0.00347432 0.00369741
154 0.0151627 0.00514687 0.00687574
258 0.0140348 0.00552368 0.010784
196 0.0168719 0.006134 0.01014
217 0.0167311 0.00624853 0.0110288
238 0.0165821 0.00622647 0.0110893
280 0.0148146 0.00606807 0.0130809
113 0.0101298 0.0035415 0.00520884
134 0.0138688 0.0046422 0.00598295
175 0.0162213 0.00566711 0.00833923
301 0.00610786 0.00206918 0.00195664
197 0.0171171 0.00622055 0.0102956
218 0.0172153 0.00634968 0.0109413
281 0.0164692 0.00711896 0.0171795
259 0.01602 0.00641898 0.0133274
322 0.00464008 0.00231022 0.00202181
364 0.00330849 0.00169505 0.00159751
302 0.00334241 0.000929142 0.000282554
155 0.015456 0.00532667 0.00753869
365 0.00300661 0.00156936 0.00138916
385 0.0120071 0.00636276 0.0106116
343 0.0189494 0.00744153 0.0154556
386 0.00356118 0.00222929 0.00252601
406 0.0199088 0.0103792 0.017329
427 0.0101683 0.00439478 0.00623071
407 0.00781109 0.00384812 0.00550765
428 0.00516691 0.00237298 0.00300403
9 0.00633133 0.00232235 0.00219291
30 0.0032507 0.00120151 0.00106558
51 0.00411454 0.00129838 0.00113069
72 0.00537312 0.00215118 0.00231404
93 0.00739516 0.0029983 0.00342812
114 0.0096282 0.00386207 0.00436956
156 0.0176339 0.00662515 0.0123293
135 0.0158122 0.00568247 0.00938246
198 0.0180559 0.00675893 0.0123298
239 0.0178191 0.00700137 0.0141058
219 0.0181747 0.00697172 0.0133286
323 0.00765246 0.0022923 0.00195252
176 0.0169266 0.00608425 0.00982861
240 0.0192546 0.00788575 0.0175469
282 0.0182432 0.00840806 0.0226061
177 0.017887 0.00662975 0.0118104
260 0.0165462 0.0066728 0.0140586
303 0.0195088 0.00794774 0.0179521
344 0.0201384 0.0081654 0.0181335
324 0.0235326 0.0113372 0.0333358
366 0.00226246 0.00114942 0.00108152
387 0.0025666 0.00130894 0.00112123
408 0.00535509 0.00251686 0.00219827
10 0.00432873 0.00144579 0.00129532
31 0.00192968 0.000739579 0.000716661
52 0.00292383 0.00109326 0.00116319
73 0.00478148 0.00203755 0.0021495
429 0.00799934 0.0036631 0.00321745
94 0.00804864 0.00325724 0.00367554
115 0.00880035 0.00371727 0.00429476
261 0.0188701 0.00844751 0.0218516
136 0.0177617 0.00779419 0.0199185
157 0.0186028 0.00727032 0.0149473
199 0.0196769 0.00783943 0.0166572
345 0.00302218 0.0014977 0.00141732
220 0.0214812 0.00942731 0.0239675
283 0.0197771 0.00976695 0.0289561
241 0.020216 0.00882238 0.0220367
304 0.00448724 0.0018558 0.00135344
325 0.00681093 0.00242208 0.0017413
346 0.00280588 0.00132526 0.00115012
367 0.00274136 0.00151644 0.00136167
388 0.00197255 0.00112671 0.000941973
409 0.00683258 0.00332479 0.00289843
430 0.00410506 0.0021337 0.00188081
11 0.00173014 0.000619033 0.000544189
12 0.00131787 0.000497914 0.000436897
32 0.00159952 0.0006173 0.000643058
33 0.00220231 0.000839727 0.000821419
53 0.00363058 0.00165267 0.00172149
74 0.0058437 0.00240372 0.00266949
54 0.00335481 0.00150083 0.00152465
116 0.00737266 0.00312807 0.00349709
117 0.0060587 0.00278854 0.00309987
95 0.00663043 0.00273341 0.00305478
137 0.00580792 0.00253831 0.00279397
138 0.00575276 0.00247742 0.00279251
158 0.00407735 0.00208688 0.00199465
75 0.00426646 0.00188496 0.00197497
96 0.00655313 0.00280091 0.00321395
200 0.00459969 0.00239443 0.00263563
221 0.0242092 0.0124311 0.0392922
284 0.00604015 0.00227161 0.00150488
285 0.00296428 0.00116822 0.00074946
305 0.00611009 0.00212715 0.00134035
306 0.00427947 0.00167847 0.00107838
326 0.00477336 0.00185707 0.00132475
179 0.00480656 0.00254792 0.00249708
347 0.00250756 0.00114699 0.000856707
327 0.00278864 0.00120209 0.000881636
348 0.00182729 0.000858013 0.000639982
368 0.00162508 0.000821853 0.000634998
369 0.00158307 0.000778793 0.000618658
389 0.00205053 0.00112235 0.00103101
390 0.00244116 0.00135852 0.00125143
410 0.00268176 0.00158115 0.00138387
431 0.00406902 0.00213619 0.00188662
411 0.00228768 0.00126083 0.00117482
242 0.0240086 0.0125603 0.0404132
432 0.00462856 0.00282385 0.00297495
13 0.00364892 0.0014147 0.00131709
34 0.00372991 0.00154868 0.0013126
55 0.00361359 0.00158812 0.00169796
76 0.00512805 0.00221939 0.00249486
97 0.00558005 0.00252968 0.00266992
118 0.00590471 0.00265092 0.00295569
139 0.00476235 0.00245455 0.002629
160 0.00326589 0.00171071 0.00172708
202 0.00349015 0.00169817 0.00160784
181 0.00337997 0.00178854 0.00171634
178 0.0191638 0.00749046 0.0152668
223 0.00265224 0.00129662 0.00137816
244 0.0015667 0.000861141 0.000797065
286 0.00564488 0.00210439 0.00153172
265 0.00203519 0.00114423 0.000904322
307 0.00589318 0.00204733 0.0013367
328 0.00392601 0.00151635 0.00101414
349 0.00240617 0.00116733 0.000920151
370 0.0020313 0.00108081 0.000910035
391 0.00161398 0.000833701 0.00069688
262 0.0222834 0.0115792 0.0367362
412 0.00380085 0.00256242 0.00249656
433 0.0102694 0.00590178 0.00582735
14 0.00335374 0.00122693 0.00106208
35 0.00190828 0.000709557 0.000653124
56 0.00165098 0.000661454 0.000643119
77 0.00337082 0.00161473 0.0017029
98 0.00338511 0.00177805 0.00189859
119 0.00504825 0.00251064 0.00262097
140 0.00596891 0.00289749 0.00318315
161 0.00322992 0.00168919 0.00168372
182 0.00333316 0.00163404 0.00154822
203 0.00236603 0.00120494 0.00110359
224 0.00284956 0.00150168 0.00124123
245 0.00161123 0.000776338 0.000730233
266 0.00152499 0.000774601 0.000637144
287 0.00170291 0.000765879 0.000593931
308 0.00175594 0.000775099 0.000560464
329 0.00173179 0.000762793 0.000537107
350 0.00228238 0.00110804 0.000870002
371 0.00122285 0.000647505 0.000490229
392 0.00195209 0.00107411 0.000809307
413 0.00277655 0.0016999 0.00159353
434 0.0101184 0.0054911 0.00543054
15 0.00254887 0.000970091 0.000898819
16 0.00236706 0.00100785 0.000941493
36 0.00170837 0.000629505 0.000566594
37 0.00207687 0.000968301 0.000917824
57 0.00168552 0.000797565 0.000760232
58 0.0029785 0.00163282 0.00158409
78 0.00317086 0.00187033 0.00225844
120 0.00456057 0.00254467 0.00264821
121 0.00568212 0.00292093 0.0035682
141 0.0052381 0.00269624 0.0031646
142 0.00526428 0.00272295 0.00317187
162 0.00216439 0.00119112 0.00132715
183 0.00166033 0.000861418 0.000845731
163 0.00303189 0.00151989 0.00161235
184 0.00172542 0.00101462 0.00110581
204 0.00204358 0.00115572 0.00113029
205 0.00129832 0.00076354 0.000703468
225 0.00176246 0.00105998 0.00083806
226 0.00131108 0.000737798 0.000626227
246 0.00283048 0.0014591 0.00104819
267 0.00214435 0.000976957 0.000799683
247 0.00121634 0.000726049 0.000513419
99 0.00470047 0.00257671 0.00306262
268 0.00400358 0.00180546 0.00134956
79 0.00347899 0.00205572 0.00255742
288 0.00196186 0.00101621 0.000819031
289 0.00549309 0.00231901 0.00175291
309 0.00219599 0.0010689 0.000884428
310 0.00256917 0.00105931 0.000723325
330 0.00198684 0.000965758 0.000725939
351 0.00185078 0.000955576 0.000754567
100 0.00691927 0.003829 0.00734018
331 0.00187624 0.00102447 0.000835296
352 0.00280356 0.0014868 0.00123123
372 0.00167882 0.000878444 0.000649953
373 0.00260231 0.00146169 0.00123198
393 0.00190951 0.00106718 0.000803553
414 0.00415633 0.00223725 0.00192001
435 0.0132449 0.00672961 0.00700831
394 0.00285507 0.00151627 0.00139358
415 0.0035949 0.00196489 0.00178523
17 0.00188668 0.000832536 0.000741266
436 0.0117293 0.00604472 0.0057031
38 0.00208652 0.000866675 0.000787789
59 0.00420487 0.00226976 0.00240888
80 0.00753307 0.00469966 0.0063967
101 0.00857175 0.00471704 0.010169
122 0.00605912 0.00300134 0.00418911
143 0.00446417 0.00223559 0.00252065
164 0.00267732 0.00137548 0.00142667
206 0.00106857 0.000506847 0.000500135
227 0.00122362 0.000638135 0.000548105
248 0.00102836 0.000551928 0.000449699
185 0.00106714 0.000552308 0.000587986
269 0.00111291 0.000599428 0.000504834
201 0.0053779 0.00263995 0.00282275
290 0.00117064 0.000551179 0.000364374
311 0.00380053 0.00162086 0.00123497
332 0.00357224 0.00143641 0.00113582
353 0.00180828 0.000872097 0.000752332
374 0.00162899 0.000916474 0.000851795
395 0.00235113 0.00154922 0.00149422
416 0.00228887 0.0013841 0.00134906
18 0.00273025 0.00115703 0.00106534
437 0.00607077 0.0033831 0.00377924
39 0.00256411 0.00113376 0.00106021
60 0.00540225 0.00292074 0.00275446
81 0.00782561 0.00451083 0.00475415
123 0.00693587 0.00323851 0.00511615
102 0.00845456 0.00477662 0.0112803
144 0.0044695 0.00213111 0.00226565
165 0.003899 0.00197424 0.00195651
207 0.000931206 0.000434683 0.000369219
186 0.00167146 0.000867908 0.000915311
228 0.00113617 0.000609016 0.000566881
249 0.000888058 0.000450928 0.000380334
291 0.00177354 0.000953651 0.000819539
270 0.00117794 0.000621814 0.000502532
333 0.00154576 0.000802701 0.000681232
312 0.00156656 0.000804739 0.000671013
375 0.00163842 0.00103288 0.00102814
396 0.00142338 0.000872264 0.000893601
417 0.00175409 0.00105743 0.001118
19 0.0032151 0.00133202 0.00121443
20 0.00352117 0.00153716 0.0013402
438 0.00424991 0.00246298 0.00253912
40 0.00247286 0.00117752 0.00108844
61 0.00360661 0.00225444 0.00206765
41 0.00243862 0.00109878 0.00107758
62 0.00314956 0.00195878 0.00176013
354 0.00149001 0.000944267 0.000885981
82 0.010844 0.00626925 0.0111542
124 0.0102932 0.00528143 0.0110812
103 0.0109834 0.00612722 0.0132318
125 0.00411738 0.00195125 0.00275939
145 0.00351357 0.00180913 0.0018445
83 0.00503991 0.00299723 0.00285455
104 0.00928019 0.00444458 0.0114771
166 0.00338503 0.00170867 0.00158663
208 0.000976641 0.000517165 0.000433874
187 0.00124586 0.000558671 0.000507228
167 0.00374571 0.00173968 0.00164866
209 0.00161239 0.00104142 0.000978424
146 0.00252803 0.00135149 0.00142169
188 0.00261855 0.00128747 0.0011833
229 0.00116413 0.000604166 0.00052819
250 0.000765056 0.000378543 0.000322759
271 0.000855948 0.000470289 0.000338952
230 0.00143227 0.000871607 0.000816478
292 0.0011897 0.000568416 0.000448689
251 0.000775896 0.000412703 0.000325863
293 0.00123465 0.000737803 0.000559665
313 0.00110623 0.000497417 0.000439358
272 0.00113554 0.000616316 0.000558742
314 0.00128585 0.00074722 0.000617231
334 0.00169512 0.000947538 0.000789321
397 0.00118407 0.00072309 0.000711606
376 0.00148713 0.000804892 0.000661311
355 0.00174451 0.000955799 0.000865713
398 0.00105836 0.0005774 0.000523414
335 0.00088106 0.000475167 0.000400008
418 0.00157339 0.000905251 0.00090016
356 0.00127683 0.000710693 0.00065015
439 0.00205536 0.00119783 0.00122385
419 0.0016219 0.000989941 0.000838962
377 0.00126639 0.000736916 0.000637147
440 0.00444038 0.00234561 0.00234854
263 0.00225055 0.00109407 0.000860039
159 0.00341592 0.00181821 0.00173775
180 0.00428906 0.00222083 0.00201256
222 0.00299126 0.00153467 0.00167087
243 0.0025545 0.00130384 0.000990036
264 0.00291987 0.00116315 0.000759032
