42 1
21 1
0 1
189 1
126 1
273 1
210 1
63 1
147 1
105 1
231 1
294 1
315 1
357 1
378 1
84 1
168 1
399 1
252 1
336 1
1 1
22 1
43 1
64 1
106 1
420 1
127 1
148 1
190 1
211 1
232 1
85 1
274 1
295 1
316 1
169 1
358 1
253 1
379 1
400 1
2 1
23 1
337 1
44 1
65 1
107 1
421 1
128 1
149 1
233 1
86 1
275 1
296 1
317 1
170 1
254 1
359 1
380 1
401 1
338 1
3 1
24 1
45 1
66 1
422 1
4 1
25 1
46 1
108 0
129 0
87 0
67 0
191 0
150 0
212 0
213 0
276 0
109 0
297 1
130 0
318 1
339 1
319 1
340 1
360 1
361 1
381 1
382 1
402 1
423 1
403 1
424 1
5 1
234 0
26 1
47 1
68 1
88 0
192 0
298 0
171 0
255 0
89 0
277 0
214 0
110 0
193 0
131 0
151 0
152 0
235 0
299 0
320 1
341 1
362 0
383 1
404 1
425 1
6 1
27 1
48 1
69 1
194 0
90 0
215 0
236 0
278 0
172 0
256 0
173 0
111 0
257 0
321 1
132 0
153 0
342 0
195 0
300 0
7 1
8 1
28 1
29 1
49 1
50 1
70 1
91 1
71 1
92 1
216 0
405 0
426 0
237 0
279 0
384 0
363 0
174 0
112 0
133 0
154 0
258 0
196 0
217 0
280 0
238 0
113 0
301 0
134 0
175 0
322 0
364 0
365 0
385 1
386 1
406 1
427 1
407 1
428 1
9 1
30 1
51 1
281 0
72 1
93 1
218 0
197 0
259 0
302 0
343 0
155 0
114 0
135 0
156 0
239 0
198 0
323 0
219 0
240 0
176 0
366 1
387 1
282 0
10 1
31 1
408 1
52 1
73 1
429 1
94 1
344 0
115 0
303 0
324 0
260 0
177 0
345 0
304 0
325 1
346 1
367 1
136 0
409 1
388 1
11 1
12 1
32 1
430 1
33 1
53 1
54 1
116 1
74 1
117 1
137 1
138 1
95 1
75 1
96 1
261 0
283 0
158 0
157 0
199 0
284 1
285 1
305 1
306 1
326 1
347 1
327 1
348 1
368 1
369 1
389 1
390 1
410 1
431 1
411 1
432 1
13 1
34 1
55 1
76 1
97 1
118 1
220 0
139 1
160 1
202 1
181 1
241 0
223 1
244 1
265 1
307 1
328 1
349 1
370 1
391 1
412 1
433 1
14 1
35 1
56 1
77 1
98 1
119 1
140 1
161 1
182 1
203 1
224 1
245 1
266 1
287 1
308 1
329 1
350 1
371 1
392 1
413 1
434 1
15 1
16 1
36 1
37 1
57 1
58 1
286 1
120 1
121 1
141 1
142 1
162 1
183 1
163 1
184 1
204 1
205 1
225 1
226 1
246 1
267 1
78 1
247 1
99 1
268 1
288 1
289 1
309 1
310 1
79 1
330 1
351 1
331 1
352 1
100 1
372 1
373 1
414 1
393 1
435 1
394 1
415 1
436 1
17 1
38 1
80 1
101 1
122 1
59 1
143 1
206 1
227 1
164 1
248 1
200 0
269 1
201 0
290 1
332 1
311 1
374 1
185 1
353 1
395 1
416 1
18 1
437 1
60 1
81 1
123 1
102 1
144 1
165 1
207 1
186 1
228 1
249 1
291 1
39 1
270 1
312 1
375 1
396 1
19 1
417 1
20 1
438 1
333 1
40 1
61 1
41 1
62 1
82 1
354 1
124 1
103 1
83 1
125 1
104 1
166 1
145 1
187 1
208 1
167 1
209 1
188 1
250 1
229 1
230 1
271 1
292 1
293 1
251 1
146 1
313 1
272 1
314 1
334 1
397 1
355 1
398 1
335 1
418 1
356 1
439 1
376 1
419 1
440 1
377 1
242 0
179 0
159 0
180 0
221 0
222 0
263 0
243 0
264 0
178 0
262 0
