126 2.91881e-05
21 2.51906e-06
189 0.000114526
105 3.64318e-05
0 2.57112e-06
42 2.70044e-06
63 2.55609e-06
147 2.8335e-05
210 0.000228045
273 0.00189274
231 0.000875351
294 0.00043432
315 0.000702953
357 0.00044832
378 0.000429796
84 2.04145e-07
168 7.06917e-05
399 0.0018096
252 0.000378317
1 inf
336 0.000258797
22 2.76042e-06
43 inf
64 3.48848e-06
106 1.02407e-05
420 0.000317374
127 1.63564e-05
148 6.75697e-05
190 0.000102366
211 inf
232 0.000360883
85 9.85058e-07
274 0.000766687
295 0.000216503
316 0.000460993
169 4.7205e-05
358 0.000206536
253 7.25291e-05
379 0.000358339
400 0.000863802
2 2.80488e-06
23 3.15711e-06
337 4.47053e-05
44 5.03071e-06
65 5.75458e-06
107 3.71127e-06
128 inf
421 9.85105e-05
149 6.46881e-05
233 0.000577358
86 5.36067e-08
275 0.000215294
296 inf
317 inf
170 1.52563e-05
254 2.49675e-05
359 inf
380 0.00037989
401 0.000532787
338 0.0754039
3 3.6998e-06
24 7.4356e-06
45 0.000247557
66 2.40312e-06
422 6.73009e-05
4 1.58924e-06
25 9.00702e-07
46 9.5211e-07
108 0.000201039
87 2.4442e-05
129 4.99985e-05
191 inf
67 8.88607e-05
212 0.0002377
213 0.000411112
150 inf
192 3.50047e-05
109 1.15527e-05
88 9.9345e-05
130 2.87509e-05
276 inf
234 inf
297 inf
298 9.24359
171 3.1608e-05
318 20.4319
339 8.68261
319 9.07173
340 12.2277
360 0.42117
361 1.17211
381 0.00111322
382 0.000346568
402 0.000358118
423 5.10296e-05
403 2.5111e-05
424 9.3275e-05
5 1.27762e-05
26 7.86926e-05
47 inf
68 0.000453368
255 0.000461057
89 0.026269
277 0.00242388
214 0.000123307
110 6.12478e-05
193 1.49377e-05
131 24.5097
151 1.35237e-05
235 0.000208157
152 0.000684855
194 3.55274e-05
236 8.73958e-05
215 0.0236075
299 inf
278 1.34191e-05
320 inf
341 3.6817
362 0.00152467
383 0.116952
404 3.79288e-05
425 2.65499e-06
6 inf
27 0.000128713
48 3.04067e-05
69 0.00124811
90 2.01648
172 1.21557e-07
256 6.71453e-08
173 5.66523e-05
111 0.617547
132 0.000123037
153 inf
257 0.000117606
195 0.000268331
216 0.000292646
321 inf
300 inf
342 2.28154e-05
237 inf
279 0.000146005
363 inf
7 inf
8 2.0816e-06
174 3.32943e-06
28 0.000144766
405 8.19832e-05
29 2.41325e-05
49 inf
50 5.72646e-05
70 8.56025e-05
91 0.000966513
71 0.000469177
92 7.96128e-06
384 inf
426 5.97847e-07
112 inf
133 8.47286e-05
154 0.000125237
258 2.41169e-06
196 0.000284478
217 0.000216462
280 inf
238 inf
113 5.82413e-06
134 5.109e-06
175 3.95529e-06
301 inf
197 1.33409e-06
218 1.47089e-06
281 1.64548e-05
259 1.93862e-06
322 0.121644
364 0.000379569
365 0.000874555
385 0.000113841
386 7.23741e-05
406 0.000374162
427 2.21002e-05
407 0.000164157
428 3.10245e-05
9 5.64384e-05
30 0.000116015
51 inf
72 inf
93 7.53869e-06
302 4.11896e-05
343 0.000461634
155 1.39707e-06
114 3.20928e-05
135 inf
156 0.000318911
239 3.07714e-06
198 inf
219 0.000298683
323 0.000411906
240 0.0019686
176 2.23937e-06
282 0.000137036
177 4.05342e-06
260 1.29609e-06
344 0.000603617
303 0.0006299
324 inf
366 0.000298654
387 inf
408 6.43264e-05
10 1.49566e-05
31 0.000206175
52 inf
429 2.11615e-05
73 inf
94 1.33383e-05
115 inf
136 0.00043115
261 4.90834e-06
345 0.000891779
157 0.00446031
304 0.00031809
283 0.000480261
199 inf
325 0.000304006
346 4.06452e-06
220 0.00065155
367 inf
409 1.63279e-05
388 inf
11 4.19035e-05
12 5.399e-07
32 inf
430 3.30822e-05
33 1.35107e-06
53 1.85217e-06
54 6.67467e-07
116 8.40525e-05
74 inf
117 9.14159e-07
95 6.11848e-06
137 7.32179e-06
138 1.6829e-05
75 3.64764e-06
241 9.39523e-05
96 3.63432e-06
158 0.000499172
284 2.52794e-05
285 3.05612e-06
305 inf
306 5.85862e-06
326 inf
347 4.52399e-06
327 2.1721e-06
348 1.26741e-06
368 inf
369 4.78247e-07
389 5.98198e-07
390 5.75826e-07
410 inf
431 8.28464e-05
411 0.000148236
432 8.80255e-05
13 1.65411e-06
34 1.08266e-05
55 inf
76 9.29267e-06
97 1.3955e-06
118 0.000637196
139 0.211882
160 0.122787
200 0.000887847
202 0.0002783
221 0.00108051
181 2.26063e-07
223 2.06173e-06
242 0.000714635
244 0.000125668
179 0.000473915
265 4.4362e-06
307 inf
328 inf
349 6.32218e-07
370 3.79871e-07
391 7.78082e-07
412 4.69122e-06
433 0.000333967
14 inf
35 1.48201e-05
56 5.10671e-07
77 5.18404e-05
98 6.87087e-07
119 1.7753e-05
140 0.2432
161 2.82687e-06
182 4.82067e-07
203 8.81419e-06
224 1.25432e-06
245 2.02188e-06
266 2.03211e-06
287 6.28394e-06
308 4.92924e-06
329 0.000260882
350 1.36654e-06
371 1.83823e-06
392 4.42291e-06
413 7.08071e-06
434 0.000119334
15 4.38768e-07
16 1.63577e-07
36 1.61908e-07
37 2.73917e-07
57 inf
58 3.14434e-06
286 8.23343e-07
78 2.46841e-05
120 1.0579e-06
121 4.32454e-07
141 2.5235e-05
142 3.49395e-06
162 inf
183 3.27037e-06
163 9.28798e-07
184 6.576e-07
204 4.38517e-07
178 1.15572e-05
205 1.67036e-07
225 3.18837e-07
226 1.21707e-06
246 6.56746e-06
267 1.25972e-06
247 1.52445e-06
99 1.20601e-05
268 6.38505e-06
288 inf
79 7.50175e-06
289 2.84631e-05
309 2.75507e-06
310 1.11081e-05
330 5.53105e-07
351 1.18092e-07
100 1.259e-05
331 3.55137e-06
352 1.5718e-06
372 3.26593e-06
373 1.78887e-06
393 3.47707e-06
414 inf
435 4.48073e-05
394 5.93253e-07
415 0.000155605
17 8.2237e-07
436 6.19115e-05
38 inf
80 1.17203e-05
59 7.79591e-06
101 1.41792e-05
122 8.99501e-06
143 inf
206 inf
164 inf
227 0.0142589
248 1.66964e-06
269 2.64119e-07
201 0.000649155
290 1.9407e-06
185 1.53805e-06
332 1.29047e-05
311 2.82952e-05
353 9.2475e-07
374 inf
395 1.51543e-06
416 3.02284e-05
18 8.46123e-06
437 1.79058e-05
60 inf
81 0.00023749
123 1.505e-05
102 0.000112814
144 inf
165 inf
207 2.1716e-06
186 5.16131e-06
228 inf
39 inf
249 0.000102207
291 inf
270 2.2032e-07
312 8.76088e-06
375 1.0362e-07
333 3.03924e-06
396 2.75032e-05
417 6.75987e-07
19 1.39806e-05
20 2.23263e-07
438 1.4616e-05
40 4.46647e-06
61 inf
41 4.11495e-07
354 3.40216e-07
62 3.57384e-06
82 inf
124 0.000100947
103 9.40213e-05
125 7.99099e-06
83 0.000180988
145 4.56126e-06
104 4.21181e-05
166 3.23423e-06
208 0.000529801
187 4.07646e-06
167 8.08965e-06
209 2.12301e-06
188 1.45368e-06
146 7.8843e-07
229 inf
250 3.73969e-06
230 8.60002e-07
271 2.22841e-07
292 0.000216563
251 3.89578e-07
293 1.89586e-07
313 2.89593e-05
272 2.12099e-07
314 2.48759e-07
334 inf
397 6.06599e-06
355 1.72618e-07
398 3.1761e-07
335 6.16244e-07
418 inf
356 5.54666e-08
376 inf
439 9.62475e-06
419 1.23872e-05
440 1.03612e-05
377 5.84106e-08
262 6.87282e-05
159 0.000876058
180 2.96013e-06
222 0.000835615
263 0.000943853
243 0.000592681
264 1.00368e-06
