42 2.00798e-06
21 1.89636e-06
0 1.95538e-06
189 8.59637e-05
126 3.04635e-05
273 0.00165659
210 0.000180753
63 1.92615e-06
147 2.19953e-05
105 3.24503e-05
231 0.00075939
294 0.000329482
315 0.000594843
357 0.000381731
378 0.000345067
84 1.16999e-06
168 8.28211e-05
399 0.00139545
252 0.000773559
336 0.000302382
1 inf
22 2.07107e-06
43 inf
64 2.74747e-06
106 7.5867e-06
420 0.000731973
127 1.25249e-05
148 5.32511e-05
190 8.08683e-05
211 inf
232 0.000366109
85 1.96713e-06
274 0.000655509
295 0.000167269
316 0.000350975
169 6.26123e-05
358 0.000170863
253 0.00035131
379 0.000281179
400 0.000654356
2 2.08907e-06
23 2.34752e-06
337 0.00011609
44 3.91619e-06
65 4.28045e-06
107 4.38777e-06
421 0.000282052
128 inf
149 inf
233 0.000438796
86 1.77825e-06
275 0.000224333
296 inf
317 inf
170 inf
254 0.000211071
359 inf
380 0.000298505
401 inf
338 0.4445
3 2.92818e-06
24 5.67707e-06
45 0.000125987
66 1.43737e-05
422 inf
4 3.54556e-06
25 3.35684e-06
46 8.2735e-06
108 0.000114916
129 3.96046e-05
87 2.6067e-05
67 8.95434e-05
191 inf
150 inf
212 0.000185959
213 0.000275927
276 inf
109 5.95656e-05
297 inf
130 2.19923e-05
318 18.8495
339 8.16394
319 15.4233
340 14.4077
360 0.40628
361 0.861753
381 0.000806432
382 0.00055988
402 0.000274991
423 6.9224e-05
403 8.53275e-05
424 8.08088e-05
5 9.75762e-06
234 inf
26 4.55424e-05
47 inf
68 0.000613613
88 8.33393e-05
192 4.1924e-05
298 inf
171 inf
255 inf
89 0.0142089
277 inf
214 6.56153e-05
110 6.11996e-05
193 1.1363e-05
131 12.2549
151 inf
152 0.000389113
235 inf
299 inf
320 inf
341 3.96013
362 0.00124922
383 0.0585487
404 9.39003e-05
425 8.77483e-05
6 inf
27 0.000927588
48 6.52945e-05
69 0.00123664
194 4.96977e-05
90 1.4443
215 0.0118338
236 9.08918e-05
278 3.86763e-05
172 inf
256 inf
173 6.91762e-05
111 0.330835
257 0.000135791
321 inf
132 9.37248e-05
153 inf
342 5.84844e-05
195 0.000200016
300 inf
7 inf
8 inf
28 0.0405328
29 0.0413286
49 inf
50 4.01121e-05
70 0.0405216
91 0.0407553
71 0.0419594
92 0.0415875
216 0.000219454
405 7.12374e-05
426 2.68587e-05
237 inf
279 0.000117912
384 inf
363 inf
174 0.00764458
112 inf
133 6.66484e-05
154 0.000101484
258 2.77262e-06
196 0.000213355
217 0.000185376
280 inf
238 inf
113 0.0140372
301 inf
134 3.53798e-05
175 5.06334e-05
322 0.0608313
364 0.000426933
365 0.000440552
385 9.71624e-05
386 5.73901e-05
406 inf
427 inf
407 inf
428 inf
9 3.67791e-05
30 0.00869644
51 inf
281 9.36621e-05
72 inf
93 1.19861e-05
218 8.72654e-05
197 8.21004e-05
259 7.57627e-05
302 0.00359425
343 0.000446328
155 4.88829e-05
114 inf
135 inf
156 0.000235768
239 9.12336e-05
198 inf
323 0.000347751
219 0.00283428
240 0.00109833
176 5.85023e-05
366 0.000152298
387 inf
282 0.000113208
10 1.14379e-05
31 0.000103858
408 0.0190762
52 inf
73 inf
429 0.0187716
94 inf
344 0.000717873
115 inf
303 inf
324 inf
260 8.89682e-05
177 9.27532e-05
345 inf
304 inf
325 0.000164544
346 2.31086e-06
367 inf
136 inf
409 0.00837814
388 inf
11 2.17781e-05
12 7.76021e-07
32 inf
430 0.00827438
33 inf
53 1.55553e-06
54 5.83021e-07
116 inf
74 inf
117 inf
137 inf
138 inf
95 1.71278e-05
75 9.57674e-06
96 1.44521e-05
261 0.00011955
283 0.000606787
158 0.000516852
157 inf
199 inf
284 2.06961e-05
285 1.243e-05
305 inf
306 0.00135478
326 inf
347 0.0093388
327 0.00937037
348 0.00943759
368 inf
369 inf
389 8.7843e-07
390 4.52791e-07
410 inf
431 inf
411 inf
432 inf
13 1.67965e-06
34 inf
55 inf
76 0.0194566
97 0.0192903
118 0.000329773
220 0.000487572
139 0.106044
160 0.0613983
202 inf
181 6.1349e-06
241 inf
223 inf
244 0.0088778
265 0.00866488
307 inf
328 inf
349 inf
370 3.51508e-07
391 5.17302e-07
412 inf
433 inf
14 inf
35 inf
56 4.14268e-07
77 3.01076e-05
98 5.88919e-06
119 1.36866e-05
140 0.121611
161 3.27069e-06
182 1.35298e-06
203 7.33884e-06
224 inf
245 3.63714e-06
266 2.28483e-06
287 4.4945e-06
308 8.2107e-06
329 inf
350 inf
371 inf
392 3.74241e-06
413 1.65548e-05
434 0.000130537
15 inf
16 inf
36 inf
37 inf
57 inf
58 inf
286 0.0193282
120 5.34394e-06
121 6.25442e-06
141 2.49687e-05
142 1.07673e-05
162 inf
183 3.8472e-06
163 3.17388e-06
184 1.56453e-06
204 inf
205 inf
225 6.16206e-07
226 7.72166e-07
246 0.0196901
267 0.0197105
78 1.89536e-05
247 0.0198759
99 1.7191e-05
268 0.019703
288 inf
289 2.44858e-05
309 0.0197929
310 0.0197064
79 1.38232e-05
330 3.41474e-07
351 1.15908e-07
331 4.10817e-06
352 1.48036e-06
100 2.09001e-05
372 0.00881642
373 0.00872141
414 inf
393 inf
435 inf
394 inf
415 inf
436 inf
17 inf
38 inf
80 2.26589e-05
101 2.87858e-05
122 inf
59 inf
143 inf
206 inf
164 inf
227 inf
248 inf
200 inf
269 inf
201 inf
290 inf
332 0.0196432
311 2.58987e-05
374 inf
185 inf
353 0.0198298
395 inf
416 inf
18 6.52821e-06
437 inf
60 inf
81 0.000222531
123 inf
102 0.000205491
144 inf
165 inf
207 1.46705e-06
186 inf
228 inf
249 5.15704e-05
291 inf
39 inf
270 6.22189e-07
312 5.94127e-06
375 1.36089e-06
396 inf
19 inf
417 2.27615e-06
333 2.33437e-06
20 inf
438 1.63665e-05
40 3.19585e-06
61 inf
41 1.55431e-06
62 5.67307e-06
82 inf
354 1.19288e-06
124 0.0199814
103 inf
83 inf
125 0.0201763
104 inf
166 0.00867802
145 5.3896e-06
208 0.000553593
187 0.00885626
167 0.00866082
209 0.000274655
188 0.0087166
250 0.00891878
229 inf
230 1.28744e-06
271 0.00889511
292 0.000108771
293 9.12773e-07
251 0.00890332
146 4.70515e-06
313 inf
272 0.00888188
314 inf
334 inf
397 3.97633e-06
355 4.03087e-07
398 8.73795e-07
335 1.01068e-06
418 inf
356 5.6892e-07
439 1.95196e-05
376 inf
419 3.20725e-05
440 2.01195e-05
377 inf
242 0.000936053
179 0.000478636
159 0.000511132
180 6.35545e-05
221 0.000951735
222 0.000418329
263 0.000916479
243 0.000298666
264 3.83038e-06
178 inf
262 inf
